0: [[39, 10], [37, 7], [67, 1], [4, 3], [6, 5], [2, 25], [30, 11], [15, 14], [9, 8], [12, 22], [29, 28], [17, 13], [20, 18], [16, 23], [50, 19], [59, 21], [24, 26], [27, 31], [35, 32, 33], [34, 36], [38, 42], [41, 44, 60], [40, 47], [43, 45], [46, 61, 48], [51, 53], [49, 54, 52], [55, 56, 57], [58, 62], [63, 64, 65, 76], [70, 66], [69, 68], [79, 71, 75, 73, 72, 74, 77, 78, 87, 82, 81], [84, 80], [83], [85, 86, 88]]
1: [[39, 10], [37, 7], [67, 1], [4, 3], [6, 5], [2, 25], [30, 11], [15, 14], [9, 8], [12, 22], [29, 28], [17, 13], [20, 18], [16, 23], [50, 19], [59, 21], [24, 26], [27, 31], [35, 32, 33], [34, 36], [38, 42], [41, 44, 60], [40, 47], [43, 45], [46, 61, 48], [51, 53], [49, 54, 52], [55, 56, 57], [58, 62], [63, 64, 65], [76, 70, 66], [69, 68, 79, 71, 75, 73, 72, 74, 77, 78, 87, 82, 81, 84, 80, 83, 85, 86, 88]]
2: [[39, 10], [37, 7], [67, 1], [4, 3], [6, 5], [2, 25], [30, 11], [15, 14], [9, 8], [12, 22], [29, 28], [17, 13], [20, 18], [16, 23], [50, 19], [59, 21], [24, 26], [27, 31], [35, 32, 33], [34, 36], [38, 42], [41, 44, 60], [40, 47], [43, 45], [46, 61, 48], [51, 53], [49, 54], [52, 55], [56, 57], [58, 62], [63, 64], [65, 76], [70, 66], [69, 68], [79, 71, 75], [73, 72], [74, 77, 78, 87, 82, 81, 84, 80, 83, 85, 86, 88]]
3: [[39, 10], [37, 7], [67, 1], [4, 3], [6, 5], [2, 25], [30, 11], [15, 14], [9, 8], [12, 22], [29, 28], [17, 13], [20, 18], [16, 23], [50, 19], [59, 21], [24, 26], [27, 31, 35], [32, 33], [34, 36], [38, 42], [41, 44, 60], [40, 47], [43, 45], [46, 61, 48], [51, 53], [49, 54], [52, 55], [56, 57], [58, 62], [63, 64], [65, 76], [70, 66, 69, 68, 79], [71, 75, 73, 72, 74, 77, 78, 87, 82, 81, 84, 80, 83, 85, 86, 88]]
4: [[39, 10], [37, 7], [67, 1], [4, 3], [6, 5], [2, 25], [30, 11], [15, 14], [9, 8], [12, 22], [29, 28], [17, 13], [20, 18], [16, 23], [50, 19], [59, 21], [24, 26, 27], [31, 35], [32, 33], [34, 36], [38, 42], [41, 44], [60], [40, 47, 43], [45, 46], [61, 48], [51, 53], [49, 54, 52], [55, 56, 57], [58, 62], [63, 64], [65, 76, 70], [66, 69], [68, 79], [71, 75], [73, 72], [74, 77, 78], [87, 82], [81, 84, 80], [83, 85], [86, 88]]
5: [[39, 10], [37, 7], [67, 1], [4, 3], [6, 5], [2, 25], [30, 11], [15, 14], [9, 8], [12, 22], [29, 28], [17, 13], [20, 18], [16, 23], [50, 19], [59, 21], [24, 26], [27, 31], [35, 32, 33], [34, 36], [38, 42], [41, 44], [60, 40], [47, 43], [45, 46], [61, 48], [51, 53], [49, 54], [52, 55], [56, 57], [58, 62], [63, 64], [65], [76, 70], [66, 69, 68, 79, 71, 75, 73, 72, 74, 77, 78, 87, 82, 81, 84, 80, 83, 85, 86, 88]]
6: [[39, 10], [37, 7], [67, 1], [4, 3], [6, 5], [2, 25], [30, 11], [15, 14], [9, 8], [12, 22], [29, 28], [17, 13], [20, 18], [16, 23], [50, 19], [59, 21], [24, 26, 27], [31, 35], [32, 33], [34, 36], [38, 42], [41, 44], [60, 40], [47, 43], [45, 46], [61, 48], [51, 53], [49, 54], [52, 55], [56, 57], [58, 62], [63, 64], [65, 76], [70, 66], [69, 68, 79], [71, 75], [73, 72, 74], [77, 78], [87, 82], [81, 84, 80], [83, 85, 86], [88]]
7: [[39, 10], [37, 7], [67, 1], [4, 3], [6, 5], [2, 25], [30, 11], [15, 14], [9, 8], [12, 22], [29, 28], [17, 13], [20, 18], [16, 23], [50, 19], [59, 21], [24], [26, 27], [31, 35], [32, 33], [34, 36], [38, 42], [41, 44], [60, 40], [47, 43], [45, 46], [61, 48], [51, 53], [49, 54], [52, 55], [56, 57], [58, 62], [63, 64], [65, 76], [70, 66], [69, 68], [79, 71], [75, 73], [72, 74], [77, 78], [87, 82], [81], [84, 80], [83, 85], [86, 88]]
8: [[39, 10], [37, 7], [67, 1], [4, 3], [6, 5], [2, 25], [30, 11], [15, 14], [9, 8], [12, 22], [29, 28], [17, 13], [20, 18], [16, 23], [50, 19], [59, 21], [24, 26, 27], [31, 35], [32, 33], [34, 36], [38, 42], [41, 44], [60, 40], [47, 43], [45, 46], [61, 48], [51, 53], [49, 54], [52, 55], [56, 57], [58, 62], [63, 64], [65, 76], [70, 66], [69, 68], [79, 71], [75, 73], [72, 74, 77], [78, 87], [82, 81], [84, 80, 83], [85, 86, 88]]
9: [[39, 10], [37, 7], [67, 1], [4, 3], [6, 5], [2, 25], [30, 11], [15, 14], [9, 8], [12, 22], [29, 28], [17, 13], [20, 18], [16, 23], [50, 19], [59, 21], [24, 26], [27, 31], [35, 32], [33, 34, 36], [38, 42], [41, 44], [60, 40], [47, 43], [45, 46], [61, 48], [51, 53], [49, 54], [52, 55], [56, 57], [58, 62], [63, 64], [65, 76, 70], [66, 69, 68], [79, 71], [75, 73], [72, 74], [77, 78, 87], [82, 81], [84, 80, 83], [85, 86, 88]]
10: [[39, 10], [37, 7], [67, 1], [4, 3], [6, 5], [2, 25], [30, 11], [15, 14], [9, 8], [12, 22], [29, 28], [17, 13], [20, 18], [16, 23], [50, 19], [59, 21, 24], [26, 27], [31, 35], [32, 33], [34, 36], [38, 42], [41, 44], [60, 40], [47, 43], [45, 46], [61, 48], [51, 53], [49, 54], [52, 55], [56, 57], [58, 62], [63, 64], [65, 76], [70, 66], [69, 68], [79, 71], [75, 73], [72, 74], [77, 78, 87], [82, 81, 84], [80, 83, 85], [86, 88]]
11: [[39, 10], [37, 7], [67, 1], [4, 3], [6, 5], [2, 25], [30, 11], [15, 14], [9, 8], [12, 22], [29, 28], [17, 13], [20, 18], [16, 23], [50, 19], [59, 21], [24, 26], [27, 31], [35], [32, 33], [34, 36], [38, 42], [41, 44], [60, 40], [47, 43], [45, 46], [61, 48], [51, 53], [49, 54], [52, 55], [56, 57], [58, 62], [63, 64], [65, 76], [70, 66], [69, 68], [79, 71], [75, 73], [72, 74, 77, 78], [87, 82, 81, 84, 80, 83, 85, 86, 88]]
12: [[39, 10], [37, 7], [67, 1], [4, 3], [6, 5], [2, 25], [30, 11], [15, 14], [9, 8], [12, 22], [29, 28], [17, 13], [20, 18], [16, 23], [50, 19], [59, 21, 24], [26, 27], [31, 35], [32, 33], [34, 36], [38, 42], [41, 44], [60, 40], [47, 43], [45, 46], [61, 48], [51, 53], [49, 54, 52], [55, 56], [57], [58, 62], [63, 64], [65, 76], [70, 66], [69, 68], [79, 71, 75], [73, 72, 74], [77, 78], [87, 82, 81], [84, 80], [83, 85, 86, 88]]
13: [[39, 10], [37, 7], [67, 1], [4, 3], [6, 5], [2, 25], [30, 11], [15, 14], [9, 8], [12, 22], [29, 28], [17, 13], [20, 18], [16, 23], [50, 19], [59, 21], [24, 26], [27, 31], [35], [32, 33], [34, 36], [38, 42], [41, 44], [60, 40], [47, 43], [45, 46], [61, 48], [51, 53], [49, 54], [52, 55], [56, 57], [58, 62], [63, 64], [65, 76], [70, 66], [69, 68], [79, 71], [75, 73], [72, 74, 77, 78], [87, 82, 81, 84, 80, 83, 85, 86, 88]]
14: [[39, 10], [37, 7], [67, 1], [4, 3], [6, 5], [2, 25], [30, 11], [15, 14], [9, 8], [12, 22], [29, 28], [17, 13], [20, 18], [16, 23], [50, 19], [59, 21], [24, 26], [27], [31, 35], [32, 33], [34, 36], [38, 42], [41, 44, 60], [40, 47], [43, 45], [46, 61], [48, 51, 53], [49, 54], [52, 55], [56, 57], [58, 62], [63, 64], [65, 76], [70, 66, 69, 68, 79, 71], [75, 73, 72, 74, 77, 78, 87, 82, 81, 84, 80], [83, 85, 86, 88]]
15: [[39, 10], [37, 7], [67, 1], [4, 3], [6, 5], [2, 25], [30, 11], [15, 14], [9, 8], [12, 22], [29, 28], [17, 13], [20, 18], [16, 23], [50, 19], [59, 21], [24, 26], [27, 31], [35, 32, 33], [34, 36], [38, 42], [41, 44], [60, 40], [47, 43], [45, 46], [61, 48], [51, 53], [49], [54, 52, 55], [56, 57], [58, 62], [63, 64], [65, 76, 70], [66, 69, 68], [79, 71], [75, 73], [72, 74, 77], [78, 87], [82, 81], [84, 80, 83], [85, 86, 88]]
16: [[39, 10], [37, 7], [67, 1], [4, 3], [6, 5], [2, 25], [30, 11], [15, 14], [9, 8], [12, 22], [29, 28], [17, 13], [20, 18], [16, 23], [50, 19], [59, 21], [24], [26, 27], [31, 35], [32, 33], [34, 36], [38, 42], [41, 44], [60, 40], [47, 43], [45, 46], [61, 48], [51, 53], [49], [54, 52, 55], [56, 57], [58, 62], [63, 64], [65, 76], [70, 66, 69], [68, 79, 71], [75, 73], [72, 74, 77], [78, 87], [82, 81, 84, 80, 83, 85, 86, 88]]
17: [[39, 10], [37, 7], [67, 1], [4, 3], [6, 5], [2, 25], [30, 11], [15, 14], [9, 8], [12, 22], [29, 28], [17, 13], [20, 18], [16, 23], [50, 19], [59, 21], [24, 26], [27, 31, 35], [32, 33], [34, 36], [38, 42], [41, 44, 60], [40, 47], [43, 45, 46, 61, 48, 51, 53, 49, 54, 52, 55, 56, 57, 58, 62, 63, 64, 65, 76, 70, 66, 69, 68, 79, 71, 75, 73, 72, 74, 77, 78, 87, 82, 81, 84, 80, 83, 85, 86, 88]]
18: [[39, 10], [37, 7], [67, 1], [4, 3], [6, 5], [2, 25], [30, 11], [15, 14], [9, 8], [12, 22], [29, 28], [17, 13], [20, 18], [16, 23], [50, 19], [59, 21], [24, 26, 27], [31, 35, 32], [33, 34, 36], [38, 42], [41, 44, 60], [40, 47, 43, 45, 46, 61, 48, 51, 53, 49, 54], [52, 55, 56, 57, 58, 62, 63, 64, 65, 76, 70, 66, 69, 68, 79, 71, 75, 73, 72, 74, 77, 78, 87, 82, 81, 84, 80, 83, 85, 86, 88]]
19: [[39, 10], [37, 7], [67, 1], [4, 3], [6, 5], [2, 25], [30, 11], [15, 14], [9, 8], [12, 22], [29, 28], [17, 13], [20, 18], [16, 23], [50, 19], [59, 21], [24, 26, 27], [31, 35, 32], [33, 34, 36], [38, 42], [41, 44, 60], [40, 47, 43, 45, 46, 61, 48, 51, 53, 49, 54], [52, 55, 56, 57, 58, 62, 63, 64, 65, 76, 70, 66, 69, 68, 79, 71, 75, 73, 72, 74, 77, 78, 87, 82, 81, 84, 80, 83, 85, 86, 88]]
20: [[39, 10], [37, 7], [67, 1], [4, 3], [6, 5], [2, 25], [30, 11], [15, 14], [9, 8], [12, 22], [29, 28], [17, 13], [20, 18], [16, 23], [50, 19], [59, 21], [24], [26, 27], [31, 35], [32, 33], [34, 36], [38, 42, 41], [44, 60], [40, 47], [43], [45, 46], [61, 48], [51, 53], [49, 54], [52, 55], [56], [57, 58], [62, 63, 64, 65, 76, 70, 66, 69, 68, 79, 71, 75, 73, 72, 74, 77, 78, 87, 82, 81, 84, 80, 83, 85, 86, 88]]
21: [[39, 10], [37, 7], [67, 1], [4, 3], [6, 5], [2, 25], [30, 11], [15, 14], [9, 8], [12, 22], [29, 28], [17, 13], [20, 18], [16, 23], [50, 19], [59, 21], [24, 26], [27, 31], [35, 32], [33, 34], [36], [38, 42], [41, 44], [60, 40], [47, 43], [45, 46], [61, 48], [51, 53], [49, 54], [52, 55], [56, 57, 58], [62, 63, 64, 65, 76, 70, 66, 69, 68, 79, 71, 75, 73, 72, 74, 77, 78, 87, 82, 81, 84, 80, 83, 85, 86, 88]]
22: [[39, 10], [37, 7], [67, 1], [4, 3], [6, 5], [2, 25], [30, 11], [15, 14], [9, 8], [12, 22], [29, 28], [17, 13], [20, 18], [16, 23], [50, 19], [59, 21, 24], [26, 27], [31, 35], [32, 33], [34, 36], [38, 42], [41, 44], [60, 40], [47, 43], [45, 46], [61, 48], [51, 53], [49], [54, 52, 55], [56, 57], [58, 62, 63], [64, 65], [76, 70], [66, 69, 68], [79, 71, 75, 73, 72, 74, 77], [78, 87, 82, 81, 84, 80, 83, 85, 86, 88]]
23: [[39, 10], [37, 7], [67, 1], [4, 3], [6, 5], [2, 25], [30, 11], [15, 14], [9, 8], [12, 22], [29, 28], [17, 13], [20, 18], [16, 23], [50, 19], [59, 21], [24, 26, 27], [31, 35], [32, 33], [34, 36], [38, 42], [41, 44, 60], [40, 47], [43, 45], [46, 61], [48, 51], [53, 49], [54, 52], [55, 56, 57, 58, 62], [63, 64, 65, 76, 70, 66, 69, 68, 79, 71, 75], [73, 72, 74, 77, 78, 87, 82, 81], [84, 80, 83, 85, 86, 88]]
24: [[39, 10], [37, 7], [67, 1], [4, 3], [6, 5], [2, 25], [30, 11], [15, 14], [9, 8], [12, 22], [29, 28], [17, 13], [20, 18], [16, 23], [50, 19], [59, 21], [24, 26], [27, 31], [35, 32], [33, 34], [36, 38, 42], [41, 44], [60, 40], [47, 43], [45, 46], [61, 48], [51, 53], [49, 54, 52], [55, 56, 57], [58, 62, 63], [64, 65, 76], [70, 66, 69], [68, 79], [71, 75], [73, 72, 74], [77, 78, 87], [82, 81], [84], [80, 83, 85], [86, 88]]
25: [[39, 10], [37, 7], [67, 1], [4, 3], [6, 5], [2, 25], [30, 11], [15, 14], [9, 8], [12, 22], [29, 28], [17, 13], [20, 18], [16, 23], [50, 19], [59, 21], [24, 26], [27, 31], [35, 32, 33], [34, 36], [38, 42], [41, 44], [60, 40], [47, 43], [45, 46], [61, 48], [51, 53], [49, 54], [52, 55, 56], [57, 58], [62, 63], [64, 65, 76], [70, 66], [69, 68], [79, 71], [75, 73], [72, 74, 77], [78, 87, 82, 81, 84, 80], [83, 85], [86, 88]]
26: [[39, 10], [37, 7], [67, 1], [4, 3], [6, 5], [2, 25], [30, 11], [15, 14], [9, 8], [12, 22], [29, 28], [17, 13], [20, 18], [16, 23], [50, 19], [59, 21], [24, 26], [27, 31], [35, 32], [33], [34, 36], [38, 42], [41, 44], [60, 40], [47, 43], [45, 46], [61, 48, 51], [53, 49], [54, 52], [55, 56, 57], [58, 62, 63], [64, 65], [76, 70], [66, 69], [68, 79, 71], [75, 73, 72], [74, 77], [78], [87, 82, 81], [84, 80, 83], [85, 86, 88]]
27: [[39, 10], [37, 7], [67, 1], [4, 3], [6, 5], [2, 25], [30, 11], [15, 14], [9, 8], [12, 22], [29, 28], [17, 13], [20, 18], [16, 23], [50, 19], [59, 21], [24, 26], [27, 31], [35, 32], [33, 34], [36, 38], [42, 41], [44, 60], [40, 47], [43], [45, 46], [61, 48], [51, 53], [49, 54], [52, 55], [56, 57], [58, 62], [63, 64], [65, 76], [70, 66], [69, 68], [79, 71], [75, 73], [72, 74], [77, 78], [87, 82, 81], [84, 80], [83], [85, 86, 88]]
28: [[39, 10], [37, 7], [67, 1], [4, 3], [6, 5], [2, 25], [30, 11], [15, 14], [9, 8], [12, 22], [29, 28], [17, 13], [20, 18], [16, 23], [50, 19], [59, 21], [24, 26], [27, 31], [35, 32], [33, 34], [36, 38], [42, 41], [44, 60], [40, 47], [43], [45, 46], [61, 48], [51, 53], [49, 54], [52, 55], [56, 57], [58, 62], [63, 64], [65, 76], [70, 66], [69, 68], [79, 71], [75, 73], [72, 74, 77], [78, 87, 82, 81, 84, 80, 83, 85, 86, 88]]
29: [[39, 10], [37, 7], [67, 1], [4, 3], [6, 5], [2, 25], [30, 11], [15, 14], [9, 8], [12, 22], [29, 28], [17, 13], [20, 18], [16, 23], [50, 19], [59, 21, 24], [26, 27], [31, 35], [32, 33], [34, 36], [38, 42], [41, 44], [60, 40], [47, 43], [45, 46], [61, 48, 51], [53, 49], [54, 52, 55, 56, 57, 58, 62, 63, 64, 65, 76], [70, 66, 69, 68, 79, 71, 75, 73, 72, 74], [77, 78, 87, 82, 81, 84], [80, 83, 85, 86, 88]]
30: [[39, 10], [37, 7], [67, 1], [4, 3], [6, 5], [2, 25], [30, 11], [15, 14], [9, 8], [12, 22], [29, 28], [17, 13], [20, 18], [16, 23], [50, 19], [59, 21], [24], [26, 27], [31, 35], [32, 33], [34, 36], [38, 42], [41, 44], [60, 40], [47, 43, 45], [46, 61, 48], [51, 53], [49, 54, 52], [55, 56], [57, 58], [62, 63], [64, 65], [76, 70], [66, 69, 68], [79, 71], [75, 73, 72], [74, 77], [78, 87], [82, 81, 84], [80, 83, 85, 86], [88]]
31: [[39, 10], [37, 7], [67, 1], [4, 3], [6, 5], [2, 25], [30, 11], [15, 14], [9, 8], [12, 22], [29, 28], [17, 13], [20, 18], [16, 23], [50, 19], [59, 21], [24, 26, 27], [31, 35], [32, 33], [34, 36], [38, 42], [41, 44], [60, 40, 47], [43, 45], [46, 61, 48], [51, 53, 49], [54, 52, 55], [56, 57, 58], [62, 63], [64, 65], [76, 70], [66, 69, 68], [79, 71, 75], [73, 72], [74, 77, 78], [87, 82], [81, 84, 80, 83, 85, 86, 88]]
32: [[39, 10], [37, 7], [67, 1], [4, 3], [6, 5], [2, 25], [30, 11], [15, 14], [9, 8], [12, 22], [29, 28], [17, 13], [20, 18], [16, 23], [50, 19], [59, 21], [24, 26], [27, 31], [35, 32], [33, 34], [36, 38], [42, 41], [44, 60], [40, 47], [43, 45], [46, 61, 48], [51, 53], [49, 54], [52, 55], [56, 57], [58, 62], [63, 64], [65, 76], [70, 66], [69, 68], [79, 71, 75], [73, 72, 74], [77, 78], [87, 82, 81], [84, 80, 83, 85], [86, 88]]
33: [[39, 10], [37, 7], [67, 1], [4, 3], [6, 5], [2, 25], [30, 11], [15, 14], [9, 8], [12, 22], [29, 28], [17, 13], [20, 18], [16, 23], [50, 19], [59, 21], [24, 26], [27, 31], [35, 32], [33, 34], [36, 38, 42], [41, 44], [60, 40], [47, 43], [45, 46], [61, 48], [51, 53, 49], [54, 52], [55, 56, 57], [58, 62, 63, 64, 65, 76, 70, 66, 69, 68, 79, 71, 75, 73, 72, 74, 77, 78, 87, 82, 81, 84, 80, 83, 85, 86, 88]]
34: [[39, 10], [37, 7], [67, 1], [4, 3], [6, 5], [2, 25], [30, 11], [15, 14], [9, 8], [12, 22], [29, 28], [17, 13], [20, 18], [16, 23], [50, 19], [59, 21], [24, 26], [27, 31], [35, 32], [33, 34], [36, 38, 42], [41, 44], [60, 40], [47, 43], [45, 46], [61, 48], [51, 53, 49, 54, 52, 55, 56, 57, 58, 62, 63, 64, 65, 76, 70, 66, 69, 68, 79, 71, 75, 73, 72, 74, 77, 78, 87, 82, 81, 84, 80, 83, 85, 86, 88]]
35: [[39, 10], [37, 7], [67, 1], [4, 3], [6, 5], [2, 25], [30, 11], [15, 14], [9, 8], [12, 22], [29, 28], [17, 13], [20, 18], [16, 23], [50, 19], [59, 21], [24, 26], [27, 31], [35, 32], [33, 34], [36, 38, 42], [41, 44], [60, 40], [47, 43], [45, 46], [61, 48], [51, 53], [49, 54, 52, 55, 56, 57, 58, 62, 63, 64, 65, 76, 70, 66, 69], [68, 79, 71, 75, 73, 72, 74, 77], [78, 87, 82, 81, 84, 80, 83, 85, 86, 88]]
36: [[39, 10], [37, 7], [67, 1], [4, 3], [6, 5], [2, 25], [30, 11], [15, 14], [9, 8], [12, 22], [29, 28], [17, 13], [20, 18], [16, 23], [50, 19], [59, 21], [24, 26], [27, 31, 35], [32, 33], [34, 36], [38, 42], [41, 44], [60, 40], [47, 43], [45, 46], [61, 48], [51, 53, 49], [54, 52, 55], [56, 57, 58], [62, 63, 64], [65, 76, 70], [66, 69, 68], [79, 71], [75, 73], [72, 74, 77], [78, 87], [82, 81], [84], [80, 83, 85], [86, 88]]
37: [[39, 10], [37, 7], [67, 1], [4, 3], [6, 5], [2, 25], [30, 11], [15, 14], [9, 8], [12, 22], [29, 28], [17, 13, 20], [18, 16, 23], [50, 19], [59, 21], [24, 26], [27, 31, 35], [32, 33, 34], [36, 38], [42, 41, 44, 60], [40, 47], [43, 45], [46, 61, 48, 51, 53, 49, 54, 52, 55, 56, 57], [58, 62], [63], [64, 65, 76], [70, 66, 69, 68, 79, 71, 75, 73, 72, 74, 77, 78, 87, 82, 81, 84, 80, 83, 85, 86, 88]]
38: [[39, 10], [37, 7], [67, 1], [4, 3], [6, 5], [2, 25], [30, 11], [15, 14], [9, 8], [12, 22], [29, 28], [17, 13], [20, 18], [16, 23], [50, 19], [59, 21], [24, 26], [27, 31], [35, 32], [33, 34], [36, 38], [42, 41], [44], [60, 40], [47, 43], [45, 46], [61, 48], [51, 53], [49, 54], [52, 55], [56, 57], [58, 62], [63, 64], [65, 76], [70, 66], [69, 68, 79], [71, 75, 73], [72, 74], [77, 78], [87, 82, 81, 84], [80, 83], [85, 86, 88]]
39: [[39, 10], [37, 7], [67, 1], [4, 3], [6, 5], [2, 25], [30, 11], [15, 14], [9, 8], [12, 22], [29, 28], [17, 13], [20, 18], [16, 23], [50, 19], [59, 21, 24], [26, 27], [31, 35], [32, 33], [34, 36], [38, 42, 41], [44, 60], [40, 47], [43, 45], [46, 61, 48], [51, 53, 49], [54, 52, 55], [56, 57, 58], [62, 63], [64, 65], [76, 70], [66, 69, 68], [79, 71, 75], [73, 72], [74, 77, 78], [87, 82, 81], [84, 80, 83, 85, 86, 88]]
40: [[39, 10], [37, 7], [67, 1], [4, 3], [6, 5], [2, 25], [30, 11], [15, 14], [9, 8], [12, 22], [29, 28], [17, 13], [20, 18], [16, 23], [50, 19], [59, 21], [24, 26], [27, 31], [35, 32], [33, 34], [36, 38], [42, 41, 44], [60, 40], [47, 43], [45, 46], [61, 48], [51, 53], [49, 54], [52, 55], [56, 57], [58, 62, 63], [64, 65], [76, 70, 66], [69, 68, 79, 71], [75, 73, 72, 74, 77, 78, 87, 82, 81, 84, 80, 83, 85, 86, 88]]
41: [[39, 10], [37, 7], [67, 1], [4, 3], [6, 5], [2, 25], [30, 11], [15, 14], [9, 8], [12, 22], [29, 28], [17, 13], [20, 18], [16, 23], [50, 19], [59, 21], [24, 26], [27, 31], [35, 32, 33], [34, 36, 38], [42, 41], [44, 60], [40, 47], [43, 45], [46, 61, 48], [51, 53], [49, 54, 52, 55, 56, 57, 58, 62, 63, 64, 65, 76, 70, 66, 69, 68, 79, 71, 75, 73, 72, 74, 77, 78, 87, 82, 81, 84, 80, 83, 85, 86, 88]]
42: [[39, 10], [37, 7], [67, 1], [4, 3], [6, 5], [2, 25], [30, 11], [15, 14], [9, 8], [12, 22], [29, 28], [17, 13], [20, 18], [16, 23], [50, 19], [59, 21], [24, 26], [27, 31], [35, 32], [33, 34], [36, 38], [42, 41], [44, 60], [40, 47], [43, 45], [46, 61, 48], [51, 53, 49], [54, 52], [55, 56], [57], [58, 62, 63], [64, 65, 76, 70, 66, 69, 68, 79], [71, 75, 73, 72, 74, 77], [78, 87, 82, 81, 84, 80, 83, 85, 86, 88]]
43: [[39, 10], [37, 7], [67, 1], [4, 3], [6, 5], [2, 25], [30, 11], [15, 14], [9, 8], [12, 22], [29, 28], [17, 13], [20, 18], [16, 23], [50, 19], [59, 21], [24, 26], [27], [31, 35], [32, 33], [34, 36], [38, 42], [41, 44, 60], [40, 47], [43, 45], [46, 61], [48, 51], [53, 49], [54], [52, 55, 56], [57, 58], [62, 63], [64, 65], [76, 70], [66, 69, 68, 79], [71, 75, 73], [72, 74], [77, 78], [87, 82], [81, 84], [80, 83], [85, 86, 88]]
44: [[39, 10], [37, 7], [67, 1], [4, 3], [6, 5], [2, 25], [30, 11], [15, 14], [9, 8], [12, 22], [29, 28], [17, 13], [20, 18], [16, 23], [50, 19], [59, 21, 24], [26, 27], [31, 35], [32, 33], [34, 36], [38, 42], [41, 44], [60, 40], [47, 43], [45, 46], [61, 48], [51, 53, 49], [54, 52], [55, 56], [57, 58], [62, 63], [64, 65], [76, 70], [66, 69], [68, 79], [71, 75, 73], [72, 74, 77], [78, 87, 82, 81, 84, 80, 83, 85, 86, 88]]
45: [[39, 10], [37, 7], [67, 1], [4, 3], [6, 5], [2, 25], [30, 11], [15, 14], [9, 8], [12, 22], [29, 28], [17, 13], [20, 18], [16, 23], [50, 19], [59, 21], [24, 26], [27, 31], [35, 32], [33, 34], [36, 38], [42], [41, 44], [60, 40], [47, 43], [45, 46], [61, 48], [51, 53], [49, 54], [52, 55], [56, 57], [58, 62], [63, 64, 65], [76], [70, 66, 69], [68, 79], [71, 75], [73, 72], [74, 77], [78, 87, 82], [81, 84], [80, 83, 85], [86, 88]]
46: [[39, 10], [37, 7], [67, 1], [4, 3], [6, 5], [2, 25], [30, 11], [15, 14], [9, 8], [12, 22], [29, 28], [17, 13], [20, 18], [16, 23], [50, 19], [59, 21], [24, 26, 27], [31, 35], [32, 33], [34, 36, 38], [42, 41], [44, 60], [40, 47], [43, 45], [46, 61, 48], [51, 53, 49], [54, 52, 55], [56], [57, 58, 62, 63, 64, 65], [76, 70, 66, 69, 68, 79, 71, 75, 73, 72, 74, 77, 78, 87, 82, 81, 84, 80, 83], [85, 86, 88]]
47: [[39, 10], [37, 7], [67, 1], [4, 3], [6, 5], [2, 25], [30, 11], [15, 14], [9, 8], [12, 22], [29, 28], [17, 13], [20, 18], [16, 23], [50, 19], [59, 21], [24, 26], [27, 31], [35, 32], [33, 34], [36, 38], [42, 41, 44], [60, 40], [47, 43], [45, 46], [61, 48], [51, 53], [49, 54], [52, 55], [56, 57], [58, 62], [63], [64, 65], [76, 70], [66, 69], [68, 79, 71], [75, 73, 72], [74, 77, 78], [87, 82], [81, 84], [80, 83], [85, 86, 88]]
48: [[39, 10], [37, 7], [67, 1], [4, 3], [6, 5], [2, 25], [30, 11], [15, 14], [9, 8], [12, 22], [29, 28], [17, 13], [20, 18], [16, 23], [50, 19], [59, 21, 24], [26, 27], [31, 35, 32], [33, 34, 36], [38, 42], [41, 44], [60, 40, 47, 43, 45, 46, 61, 48, 51, 53, 49, 54, 52, 55, 56, 57, 58, 62, 63, 64, 65, 76, 70], [66, 69, 68, 79, 71, 75, 73, 72, 74, 77, 78, 87, 82, 81, 84, 80, 83, 85, 86, 88]]
49: [[39, 10], [37, 7], [67, 1], [4, 3], [6, 5], [2, 25], [30, 11], [15, 14], [9, 8], [12, 22], [29, 28], [17, 13], [20, 18], [16, 23], [50, 19], [59, 21, 24], [26, 27], [31, 35], [32, 33], [34, 36, 38], [42, 41], [44, 60, 40], [47, 43], [45, 46], [61, 48], [51, 53], [49, 54], [52, 55], [56, 57], [58, 62], [63, 64], [65, 76], [70, 66], [69, 68], [79, 71], [75, 73, 72], [74, 77, 78, 87, 82, 81, 84, 80, 83, 85, 86, 88]]
50: [[39, 10], [37, 7], [67, 1], [4, 3], [6, 5], [2, 25], [30, 11], [15, 14], [9, 8], [12, 22], [29, 28], [17, 13], [20, 18], [16, 23], [50, 19], [59], [21, 24], [26, 27], [31, 35], [32, 33], [34, 36], [38, 42], [41, 44], [60, 40], [47, 43], [45, 46], [61, 48], [51, 53], [49, 54], [52, 55], [56, 57, 58], [62, 63], [64, 65, 76], [70, 66], [69, 68], [79, 71], [75, 73, 72], [74, 77], [78], [87, 82], [81, 84, 80, 83, 85, 86, 88]]
51: [[39, 10], [37, 7], [67, 1], [4, 3], [6, 5], [2, 25], [30, 11], [15, 14], [9, 8], [12, 22], [29, 28], [17, 13], [20, 18], [16, 23], [50, 19], [59, 21], [24, 26], [27, 31], [35, 32], [33, 34], [36, 38], [42, 41], [44], [60, 40], [47, 43], [45, 46], [61, 48], [51, 53, 49], [54, 52], [55, 56, 57], [58, 62], [63, 64, 65], [76, 70, 66], [69, 68, 79], [71, 75], [73, 72, 74], [77, 78, 87], [82, 81, 84], [80, 83, 85], [86, 88]]
52: [[39, 10], [37, 7], [67, 1], [4, 3], [6, 5], [2, 25], [30, 11], [15, 14], [9, 8], [12, 22], [29, 28], [17, 13], [20, 18], [16, 23], [50, 19], [59, 21, 24], [26, 27], [31, 35], [32, 33], [34, 36, 38], [42, 41], [44, 60, 40], [47, 43], [45, 46], [61, 48], [51, 53], [49, 54], [52, 55], [56, 57, 58, 62, 63, 64, 65, 76, 70, 66, 69, 68, 79, 71, 75, 73, 72, 74, 77, 78, 87, 82, 81, 84, 80, 83, 85, 86, 88]]
53: [[39, 10], [37, 7], [67, 1], [4, 3], [6, 5], [2, 25], [30, 11], [15, 14], [9, 8], [12, 22], [29, 28], [17, 13], [20, 18], [16, 23], [50, 19], [59, 21], [24, 26], [27, 31], [35, 32], [33, 34], [36, 38, 42], [41, 44], [60, 40], [47, 43], [45, 46], [61, 48], [51, 53], [49], [54, 52], [55, 56], [57, 58], [62, 63, 64], [65, 76], [70, 66], [69, 68], [79, 71, 75], [73, 72, 74], [77, 78], [87, 82], [81, 84], [80, 83], [85, 86, 88]]
54: [[39, 10], [37, 7], [67, 1], [4, 3], [6, 5], [2, 25], [30, 11], [15, 14], [9, 8], [12, 22], [29, 28], [17, 13], [20, 18], [16, 23], [50, 19], [59, 21], [24, 26], [27, 31], [35, 32, 33], [34, 36], [38, 42, 41, 44, 60], [40, 47, 43, 45, 46, 61, 48, 51, 53, 49, 54, 52, 55, 56, 57, 58, 62, 63, 64, 65, 76, 70, 66, 69, 68, 79, 71, 75, 73, 72, 74, 77, 78, 87, 82, 81, 84, 80, 83, 85, 86, 88]]
55: [[39, 10], [37, 7], [67, 1], [4, 3], [6, 5], [2, 25], [30, 11], [15, 14], [9, 8], [12, 22], [29, 28], [17, 13], [20, 18], [16, 23], [50, 19], [59, 21], [24, 26], [27, 31], [35, 32], [33, 34], [36, 38], [42], [41, 44], [60, 40], [47, 43], [45, 46], [61, 48], [51, 53, 49], [54, 52], [55, 56, 57], [58, 62], [63, 64, 65], [76, 70], [66, 69, 68], [79, 71, 75], [73, 72, 74], [77], [78, 87, 82, 81, 84, 80, 83, 85, 86, 88]]
56: [[39, 10], [37, 7], [67, 1], [4, 3], [6, 5], [2, 25], [30, 11], [15, 14], [9, 8], [12, 22], [29, 28], [17, 13], [20, 18], [16, 23], [50, 19], [59, 21], [24, 26], [27, 31], [35, 32], [33, 34], [36, 38], [42, 41, 44], [60, 40], [47, 43], [45, 46], [61, 48], [51, 53, 49], [54, 52], [55, 56], [57, 58, 62], [63, 64], [65, 76], [70, 66], [69, 68], [79, 71], [75, 73], [72, 74], [77, 78], [87, 82], [81, 84], [80, 83], [85, 86, 88]]
57: [[39, 10], [37, 7], [67, 1], [4, 3], [6, 5], [2, 25], [30, 11], [15, 14], [9, 8], [12, 22], [29, 28, 17], [13, 20], [18], [16, 23], [50, 19], [59, 21], [24, 26], [27, 31], [35, 32], [33, 34], [36, 38], [42, 41], [44, 60], [40, 47], [43, 45], [46, 61, 48], [51, 53, 49], [54, 52, 55], [56, 57], [58, 62], [63, 64], [65, 76], [70, 66], [69, 68], [79, 71], [75, 73], [72, 74], [77, 78], [87, 82], [81, 84, 80], [83, 85], [86, 88]]
58: [[39, 10], [37, 7], [67, 1], [4, 3], [6, 5], [2, 25], [30, 11], [15, 14], [9, 8], [12, 22], [29, 28], [17, 13], [20, 18], [16, 23], [50, 19], [59, 21, 24], [26, 27, 31], [35, 32, 33], [34, 36, 38], [42, 41], [44, 60], [40, 47], [43, 45, 46], [61, 48, 51], [53, 49], [54, 52, 55], [56, 57], [58, 62, 63, 64, 65, 76, 70, 66, 69, 68, 79], [71, 75, 73, 72, 74, 77, 78, 87, 82, 81, 84, 80, 83, 85, 86, 88]]
59: [[39, 10], [37, 7], [67, 1], [4, 3], [6, 5], [2, 25], [30, 11], [15, 14], [9, 8], [12, 22], [29], [28, 17, 13], [20, 18], [16, 23], [50, 19], [59, 21, 24], [26, 27, 31], [35, 32], [33, 34], [36, 38, 42], [41, 44], [60, 40], [47, 43, 45], [46, 61, 48], [51, 53, 49, 54, 52, 55, 56, 57, 58, 62, 63, 64, 65, 76, 70, 66, 69, 68, 79, 71, 75, 73, 72, 74, 77, 78, 87, 82, 81, 84, 80, 83, 85, 86, 88]]
60: [[39, 10], [37, 7], [67, 1], [4, 3], [6, 5], [2, 25], [30, 11], [15, 14], [9, 8], [12, 22], [29, 28], [17, 13], [20, 18], [16, 23], [50, 19], [59, 21], [24, 26], [27, 31], [35, 32], [33, 34, 36], [38, 42], [41, 44], [60, 40], [47, 43, 45], [46, 61], [48, 51, 53], [49, 54], [52, 55, 56], [57, 58, 62], [63], [64, 65, 76], [70, 66], [69, 68], [79, 71], [75, 73, 72], [74, 77], [78, 87, 82], [81, 84], [80, 83], [85, 86, 88]]
61: [[39, 10], [37, 7], [67, 1], [4, 3], [6, 5], [2, 25], [30, 11], [15, 14], [9, 8], [12, 22], [29, 28], [17, 13], [20, 18], [16, 23], [50, 19], [59, 21], [24, 26], [27, 31], [35, 32, 33], [34, 36, 38], [42, 41, 44, 60, 40], [47, 43, 45, 46, 61, 48, 51, 53, 49, 54, 52, 55, 56, 57, 58, 62, 63, 64, 65, 76, 70, 66, 69, 68, 79, 71, 75, 73, 72, 74, 77, 78, 87, 82, 81, 84, 80, 83, 85, 86, 88]]
62: [[39, 10], [37, 7], [67, 1], [4, 3], [6, 5], [2, 25], [30, 11], [15, 14], [9, 8], [12, 22], [29, 28], [17, 13], [20, 18], [16, 23], [50, 19], [59, 21], [24, 26], [27, 31, 35], [32, 33], [34, 36, 38], [42, 41], [44, 60], [40, 47], [43, 45, 46], [61, 48, 51], [53, 49, 54], [52, 55, 56], [57, 58], [62, 63], [64, 65], [76, 70, 66], [69, 68, 79], [71, 75], [73, 72, 74], [77, 78], [87, 82, 81, 84, 80, 83, 85, 86, 88]]
63: [[39, 10], [37, 7], [67, 1], [4, 3], [6, 5], [2, 25], [30, 11], [15, 14], [9, 8], [12, 22], [29, 28], [17, 13], [20, 18], [16, 23], [50, 19], [59, 21, 24], [26, 27], [31, 35, 32], [33, 34, 36], [38, 42, 41], [44, 60], [40, 47], [43, 45], [46, 61], [48, 51], [53, 49], [54, 52, 55], [56, 57], [58, 62], [63, 64], [65, 76], [70, 66], [69, 68], [79, 71], [75, 73], [72, 74, 77, 78, 87, 82, 81, 84, 80, 83, 85, 86, 88]]
64: [[39, 10], [37, 7], [67, 1], [4, 3], [6, 5], [2, 25], [30, 11], [15, 14], [9, 8], [12, 22], [29, 28], [17, 13], [20, 18], [16, 23], [50, 19], [59, 21], [24, 26], [27, 31, 35], [32, 33, 34], [36, 38], [42, 41], [44, 60, 40], [47, 43], [45, 46], [61, 48], [51, 53, 49], [54, 52, 55], [56, 57, 58], [62, 63], [64, 65], [76, 70], [66, 69, 68, 79, 71, 75, 73, 72, 74, 77], [78, 87, 82, 81, 84, 80, 83, 85, 86, 88]]
65: [[39, 10], [37, 7], [67, 1], [4, 3], [6, 5], [2, 25], [30, 11], [15, 14], [9, 8], [12, 22], [29, 28], [17, 13], [20, 18], [16, 23], [50, 19], [59, 21], [24, 26], [27, 31], [35, 32], [33, 34], [36, 38], [42, 41], [44, 60, 40], [47, 43], [45, 46], [61, 48], [51, 53, 49], [54, 52], [55, 56, 57, 58], [62, 63, 64], [65, 76, 70], [66, 69, 68], [79, 71, 75, 73, 72, 74, 77, 78, 87, 82, 81, 84, 80, 83, 85, 86, 88]]
66: [[39, 10], [37, 7], [67, 1], [4, 3], [6, 5], [2, 25], [30, 11], [15, 14], [9, 8], [12, 22], [29, 28], [17, 13], [20, 18], [16, 23], [50, 19], [59, 21], [24], [26, 27], [31, 35], [32, 33], [34, 36], [38, 42, 41], [44, 60, 40], [47, 43, 45], [46, 61], [48, 51, 53], [49, 54], [52, 55], [56, 57, 58, 62, 63, 64], [65, 76, 70, 66, 69, 68, 79, 71, 75, 73, 72, 74, 77], [78, 87, 82, 81, 84, 80, 83, 85, 86, 88]]
67: [[39, 10], [37, 7], [67, 1], [4, 3], [6, 5], [2, 25], [30, 11], [15, 14], [9, 8], [12, 22], [29, 28], [17, 13], [20, 18], [16, 23], [50, 19], [59, 21], [24, 26], [27, 31], [35, 32], [33, 34], [36, 38, 42], [41, 44], [60, 40], [47, 43], [45, 46, 61], [48, 51], [53, 49, 54], [52, 55], [56, 57], [58, 62], [63, 64], [65, 76], [70, 66], [69, 68, 79, 71, 75, 73, 72, 74, 77, 78, 87, 82, 81, 84, 80, 83, 85, 86, 88]]
68: [[39, 10], [37, 7], [67, 1], [4, 3], [6, 5], [2, 25], [30, 11], [15, 14], [9, 8], [12, 22], [29, 28], [17, 13], [20, 18], [16, 23], [50, 19], [59, 21, 24, 26], [27, 31, 35], [32, 33, 34], [36, 38, 42], [41, 44, 60, 40, 47, 43, 45, 46, 61, 48, 51, 53, 49, 54, 52, 55, 56, 57, 58, 62, 63, 64, 65, 76, 70, 66, 69], [68, 79, 71, 75, 73, 72, 74, 77, 78, 87, 82, 81, 84, 80, 83, 85, 86, 88]]
69: [[39, 10], [37, 7], [67, 1], [4, 3], [6, 5], [2, 25], [30, 11], [15, 14], [9, 8], [12, 22], [29], [28, 17, 13], [20, 18], [16, 23], [50, 19], [59, 21], [24, 26, 27], [31, 35, 32], [33, 34], [36, 38, 42], [41, 44], [60, 40, 47, 43, 45, 46, 61, 48, 51, 53, 49, 54, 52, 55, 56, 57, 58, 62, 63, 64, 65, 76, 70, 66, 69, 68, 79, 71, 75, 73, 72, 74, 77, 78, 87, 82, 81, 84, 80, 83, 85, 86, 88]]
70: [[39, 10], [37, 7], [67, 1], [4, 3], [6, 5], [2, 25], [30, 11], [15, 14], [9, 8], [12, 22], [29, 28], [17, 13], [20, 18], [16, 23], [50, 19], [59, 21], [24], [26, 27], [31, 35], [32, 33], [34, 36], [38, 42, 41], [44, 60, 40], [47, 43, 45], [46, 61], [48, 51, 53], [49, 54], [52, 55], [56, 57, 58, 62, 63, 64], [65, 76], [70, 66, 69], [68, 79], [71], [75, 73], [72, 74, 77, 78, 87, 82, 81, 84, 80, 83, 85, 86, 88]]
71: [[39, 10], [37, 7], [67, 1], [4, 3], [6, 5], [2, 25], [30, 11], [15, 14], [9, 8], [12, 22], [29, 28], [17, 13], [20, 18], [16, 23], [50, 19], [59, 21, 24], [26, 27, 31], [35, 32, 33], [34, 36, 38, 42, 41, 44, 60, 40, 47, 43, 45, 46, 61, 48, 51, 53, 49, 54, 52, 55, 56, 57, 58, 62, 63, 64, 65, 76, 70, 66, 69, 68, 79, 71, 75, 73, 72, 74, 77, 78, 87, 82, 81, 84, 80, 83, 85, 86, 88]]
72: [[39, 10], [37, 7], [67, 1], [4, 3], [6, 5], [2, 25], [30, 11], [15, 14], [9, 8], [12, 22], [29, 28], [17, 13], [20, 18], [16, 23], [50, 19], [59, 21], [24, 26], [27, 31], [35, 32], [33, 34], [36, 38], [42, 41], [44, 60, 40], [47, 43], [45, 46], [61, 48], [51, 53, 49], [54, 52], [55, 56], [57, 58], [62, 63], [64, 65], [76, 70], [66, 69, 68], [79, 71], [75, 73], [72, 74], [77, 78], [87], [82, 81, 84], [80, 83, 85, 86, 88]]
73: [[39, 10], [37, 7], [67, 1], [4, 3], [6, 5], [2, 25], [30, 11], [15, 14], [9, 8], [12, 22], [29, 28], [17, 13], [20, 18], [16, 23], [50, 19], [59, 21], [24, 26, 27, 31, 35, 32, 33, 34, 36, 38, 42, 41, 44, 60, 40, 47, 43, 45, 46, 61, 48], [51, 53, 49, 54, 52, 55, 56, 57, 58, 62, 63, 64, 65, 76], [70, 66, 69, 68, 79, 71, 75, 73, 72, 74, 77, 78, 87, 82, 81], [84, 80, 83, 85, 86, 88]]
74: [[39, 10], [37, 7], [67, 1], [4, 3], [6, 5], [2, 25], [30, 11], [15, 14], [9, 8], [12, 22], [29, 28], [17, 13], [20, 18], [16, 23], [50, 19], [59, 21], [24, 26], [27, 31], [35, 32, 33, 34, 36, 38, 42, 41, 44, 60, 40, 47, 43, 45, 46, 61, 48, 51, 53, 49, 54, 52, 55, 56, 57, 58, 62, 63, 64, 65, 76, 70, 66, 69, 68, 79, 71, 75, 73, 72, 74, 77, 78, 87, 82, 81, 84, 80, 83, 85, 86, 88]]
75: [[39, 10], [37, 7], [67, 1], [4, 3], [6, 5], [2, 25], [30, 11], [15, 14], [9, 8], [12, 22], [29, 28], [17, 13], [20, 18], [16, 23], [50, 19], [59, 21], [24, 26], [27, 31], [35, 32], [33, 34, 36], [38, 42, 41, 44, 60, 40, 47, 43, 45, 46, 61, 48, 51, 53, 49, 54, 52, 55, 56, 57, 58, 62, 63, 64, 65, 76, 70, 66, 69, 68, 79, 71, 75, 73, 72, 74, 77, 78, 87, 82, 81, 84, 80, 83, 85, 86, 88]]
76: [[39, 10], [37, 7], [67, 1], [4, 3], [6, 5], [2, 25], [30, 11], [15, 14], [9, 8], [12, 22], [29, 28], [17, 13], [20, 18, 16], [23, 50], [19, 59], [21, 24], [26, 27], [31, 35], [32, 33], [34, 36], [38, 42], [41, 44, 60], [40, 47], [43, 45], [46], [61, 48], [51, 53], [49, 54], [52, 55], [56, 57, 58], [62, 63], [64, 65], [76, 70], [66, 69], [68, 79], [71, 75], [73, 72], [74, 77, 78], [87, 82], [81, 84, 80], [83, 85], [86, 88]]
77: [[39, 10], [37, 7], [67, 1], [4, 3], [6, 5], [2, 25], [30, 11], [15, 14], [9, 8], [12, 22], [29, 28], [17, 13], [20, 18], [16, 23], [50, 19], [59, 21, 24], [26, 27], [31], [35, 32], [33, 34, 36, 38, 42, 41, 44, 60, 40, 47, 43, 45, 46, 61, 48, 51, 53, 49, 54, 52, 55, 56, 57, 58, 62, 63, 64, 65, 76, 70, 66, 69, 68, 79, 71, 75, 73, 72, 74, 77, 78, 87, 82, 81, 84, 80, 83, 85, 86, 88]]
78: [[39, 10], [37, 7], [67, 1], [4, 3], [6, 5], [2, 25], [30, 11], [15, 14], [9, 8], [12, 22], [29, 28], [17, 13], [20, 18], [16, 23], [50, 19], [59, 21], [24, 26], [27, 31], [35, 32], [33, 34], [36, 38], [42, 41], [44, 60], [40, 47], [43, 45], [46, 61], [48, 51], [53, 49, 54], [52, 55], [56, 57], [58, 62, 63], [64, 65], [76, 70], [66, 69], [68, 79], [71, 75, 73], [72, 74, 77, 78, 87, 82], [81, 84, 80, 83, 85], [86, 88]]
79: [[39, 10], [37, 7], [67, 1], [4, 3], [6, 5], [2, 25], [30, 11], [15, 14], [9, 8], [12, 22], [29, 28], [17, 13], [20, 18], [16, 23], [50, 19], [59, 21, 24], [26, 27], [31, 35, 32], [33, 34, 36], [38, 42, 41], [44, 60, 40], [47, 43], [45, 46, 61], [48, 51, 53, 49, 54, 52, 55, 56, 57, 58, 62, 63, 64, 65, 76, 70, 66, 69, 68, 79, 71], [75, 73, 72, 74, 77, 78], [87, 82, 81, 84, 80, 83, 85, 86, 88]]
80: [[39, 10], [37, 7], [67, 1], [4, 3], [6, 5], [2, 25], [30, 11], [15, 14], [9, 8], [12, 22], [29, 28], [17, 13], [20, 18], [16, 23], [50, 19], [59, 21], [24, 26], [27], [31, 35], [32, 33], [34, 36, 38], [42, 41, 44, 60, 40, 47, 43, 45, 46, 61, 48, 51, 53, 49, 54, 52, 55, 56, 57, 58, 62, 63, 64], [65, 76, 70, 66, 69, 68, 79, 71, 75, 73, 72], [74, 77, 78, 87, 82, 81, 84, 80, 83, 85, 86, 88]]
81: [[39, 10], [37, 7], [67, 1], [4, 3], [6, 5], [2, 25], [30, 11], [15, 14], [9, 8], [12, 22], [29, 28], [17, 13], [20, 18], [16, 23], [50, 19, 59], [21, 24, 26, 27, 31, 35, 32, 33, 34, 36, 38, 42, 41, 44, 60, 40, 47, 43], [45, 46, 61, 48], [51, 53, 49, 54, 52, 55, 56, 57, 58, 62, 63, 64, 65, 76, 70, 66, 69, 68, 79, 71, 75, 73, 72, 74, 77, 78, 87, 82, 81, 84, 80, 83, 85, 86, 88]]
82: [[39, 10], [37, 7], [67, 1], [4, 3], [6, 5], [2, 25], [30, 11], [15, 14], [9, 8], [12, 22], [29, 28], [17, 13], [20, 18], [16, 23], [50, 19], [59, 21, 24], [26, 27], [31, 35], [32, 33], [34, 36], [38, 42], [41, 44], [60, 40], [47, 43], [45, 46, 61], [48, 51, 53], [49, 54], [52, 55, 56], [57, 58], [62, 63, 64], [65, 76, 70], [66, 69], [68], [79, 71], [75, 73, 72, 74, 77, 78, 87, 82, 81, 84, 80, 83, 85, 86, 88]]
83: [[39, 10], [37, 7], [67, 1], [4, 3], [6, 5], [2, 25], [30, 11], [15, 14], [9, 8], [12, 22], [29, 28], [17, 13], [20, 18], [16, 23], [50, 19], [59, 21], [24, 26], [27, 31], [35, 32], [33, 34], [36, 38], [42, 41], [44, 60], [40, 47], [43, 45], [46, 61], [48, 51], [53, 49, 54], [52, 55, 56, 57, 58, 62, 63, 64, 65, 76, 70, 66, 69, 68, 79, 71, 75, 73, 72, 74, 77, 78, 87, 82, 81, 84, 80, 83, 85, 86, 88]]
84: [[39, 10], [37, 7], [67, 1], [4, 3], [6, 5, 2], [25, 30], [11, 15, 14], [9, 8], [12, 22], [29, 28], [17, 13, 20], [18, 16, 23], [50, 19, 59], [21, 24, 26], [27, 31], [35, 32], [33, 34], [36, 38, 42], [41, 44, 60], [40, 47], [43, 45, 46], [61, 48], [51, 53, 49, 54, 52, 55, 56, 57, 58, 62, 63, 64, 65, 76, 70, 66, 69, 68, 79, 71, 75, 73, 72, 74, 77, 78, 87, 82, 81, 84, 80, 83, 85, 86, 88]]
85: [[39, 10], [37, 7], [67, 1], [4, 3], [6, 5], [2, 25], [30, 11], [15, 14], [9, 8], [12, 22], [29, 28], [17, 13], [20, 18], [16, 23], [50, 19], [59, 21, 24, 26, 27, 31, 35, 32, 33, 34, 36, 38, 42, 41, 44, 60, 40, 47, 43, 45, 46, 61, 48, 51, 53, 49, 54, 52, 55, 56, 57, 58, 62, 63, 64, 65, 76, 70, 66, 69, 68], [79, 71, 75, 73, 72, 74, 77, 78, 87, 82, 81, 84, 80, 83, 85, 86, 88]]
86: [[39, 10], [37, 7], [67, 1], [4, 3], [6, 5], [2, 25], [30, 11], [15, 14], [9, 8], [12, 22], [29, 28], [17, 13], [20, 18], [16, 23], [50, 19], [59, 21], [24, 26], [27, 31], [35, 32], [33, 34], [36, 38], [42, 41], [44, 60], [40, 47], [43, 45], [46, 61], [48, 51], [53, 49], [54], [52, 55], [56, 57], [58, 62], [63, 64, 65], [76, 70], [66, 69], [68, 79], [71, 75], [73], [72, 74], [77, 78, 87], [82, 81], [84, 80], [83, 85], [86, 88]]
87: [[39, 10], [37, 7], [67, 1], [4, 3], [6, 5], [2, 25], [30, 11], [15, 14], [9, 8], [12, 22], [29, 28], [17, 13], [20, 18], [16, 23], [50, 19], [59, 21], [24, 26], [27, 31], [35, 32], [33, 34], [36, 38], [42, 41], [44, 60], [40, 47], [43, 45], [46, 61, 48, 51, 53, 49, 54, 52, 55, 56, 57, 58, 62, 63, 64, 65, 76, 70, 66, 69, 68, 79, 71, 75, 73, 72, 74, 77, 78, 87, 82, 81, 84, 80, 83, 85, 86, 88]]
88: [[39, 10], [37, 7], [67, 1], [4, 3], [6, 5], [2, 25], [30, 11], [15, 14], [9, 8], [12, 22], [29, 28], [17, 13], [20, 18], [16, 23], [50, 19], [59, 21, 24], [26, 27], [31, 35], [32, 33], [34, 36], [38], [42, 41], [44, 60], [40, 47], [43, 45], [46, 61], [48, 51], [53, 49, 54], [52, 55, 56], [57, 58, 62], [63, 64, 65], [76, 70], [66, 69], [68, 79], [71, 75, 73], [72, 74, 77], [78, 87], [82, 81, 84], [80, 83], [85, 86, 88]]
89: [[39, 10], [37, 7], [67, 1], [4, 3], [6, 5], [2, 25], [30, 11], [15, 14], [9, 8], [12, 22], [29, 28], [17, 13], [20, 18], [16, 23], [50, 19], [59, 21], [24, 26], [27, 31], [35, 32], [33, 34], [36, 38], [42, 41], [44, 60], [40, 47], [43, 45], [46, 61], [48, 51], [53, 49], [54, 52], [55, 56, 57], [58, 62], [63, 64], [65, 76], [70, 66], [69, 68], [79, 71], [75, 73, 72], [74, 77, 78], [87, 82], [81, 84, 80], [83, 85], [86, 88]]
90: [[39, 10], [37, 7], [67, 1], [4, 3], [6, 5], [2, 25], [30, 11], [15, 14], [9, 8], [12, 22], [29, 28], [17, 13], [20, 18], [16, 23], [50, 19], [59, 21], [24, 26, 27], [31, 35], [32, 33, 34], [36, 38], [42, 41], [44, 60, 40], [47, 43], [45, 46, 61, 48, 51, 53, 49, 54, 52, 55, 56, 57, 58, 62, 63, 64, 65, 76, 70, 66, 69, 68, 79, 71, 75, 73, 72, 74, 77, 78, 87, 82, 81, 84, 80, 83, 85, 86, 88]]
91: [[39, 10], [37, 7], [67, 1], [4, 3], [6, 5], [2, 25], [30, 11], [15, 14], [9, 8], [12, 22], [29, 28], [17, 13], [20, 18], [16, 23], [50, 19], [59, 21], [24, 26], [27, 31], [35, 32], [33, 34], [36, 38, 42], [41, 44], [60, 40, 47], [43, 45], [46, 61], [48, 51], [53, 49, 54], [52, 55], [56], [57, 58], [62, 63, 64, 65, 76, 70, 66, 69, 68, 79, 71, 75, 73, 72, 74, 77, 78, 87, 82, 81, 84, 80, 83, 85, 86, 88]]
92: [[39, 10], [37, 7], [67, 1], [4, 3], [6, 5], [2, 25], [30, 11], [15, 14], [9, 8], [12, 22], [29, 28], [17, 13], [20, 18], [16, 23], [50, 19], [59, 21], [24, 26], [27, 31], [35, 32], [33, 34], [36, 38], [42, 41], [44, 60], [40, 47], [43, 45], [46, 61], [48, 51], [53, 49], [54, 52], [55, 56, 57], [58, 62], [63, 64, 65], [76, 70], [66, 69, 68], [79, 71, 75], [73, 72, 74], [77, 78, 87], [82, 81], [84, 80, 83, 85, 86, 88]]
93: [[39, 10], [37, 7], [67, 1], [4, 3], [6, 5], [2, 25], [30, 11], [15, 14], [9, 8], [12, 22, 29], [28, 17], [13, 20, 18], [16, 23], [50, 19], [59, 21], [24, 26, 27], [31, 35], [32], [33, 34], [36, 38, 42, 41, 44, 60, 40, 47, 43, 45, 46, 61, 48, 51, 53, 49, 54, 52, 55, 56, 57, 58, 62, 63, 64, 65, 76, 70, 66, 69, 68, 79, 71, 75, 73, 72, 74, 77, 78, 87, 82, 81, 84, 80, 83, 85, 86, 88]]
94: [[39, 10], [37, 7], [67, 1], [4, 3], [6, 5], [2, 25], [30, 11], [15, 14], [9, 8], [12, 22], [29, 28], [17, 13], [20, 18], [16, 23], [50, 19], [59, 21], [24, 26], [27, 31], [35, 32], [33, 34], [36, 38], [42, 41], [44, 60], [40, 47], [43, 45], [46, 61], [48, 51], [53, 49], [54, 52], [55, 56, 57], [58, 62], [63, 64], [65, 76], [70, 66], [69, 68], [79, 71, 75], [73, 72], [74, 77, 78], [87, 82, 81, 84, 80, 83, 85, 86, 88]]
95: [[39, 10], [37, 7], [67, 1], [4, 3], [6, 5], [2, 25], [30, 11], [15, 14], [9, 8], [12, 22], [29, 28], [17, 13], [20, 18], [16, 23], [50, 19], [59, 21], [24, 26], [27, 31], [35, 32], [33, 34], [36, 38], [42, 41], [44, 60], [40, 47], [43, 45], [46, 61], [48, 51], [53, 49], [54, 52], [55, 56], [57, 58, 62, 63], [64, 65, 76, 70, 66, 69, 68, 79, 71, 75, 73, 72, 74], [77, 78, 87, 82, 81, 84, 80, 83, 85, 86, 88]]
96: [[39, 10], [37, 7], [67, 1], [4, 3], [6, 5], [2, 25], [30, 11], [15, 14], [9, 8], [12, 22], [29, 28], [17, 13], [20, 18], [16, 23], [50, 19], [59, 21], [24, 26], [27, 31], [35, 32], [33, 34], [36, 38], [42, 41], [44, 60], [40, 47], [43, 45], [46, 61], [48, 51], [53, 49], [54, 52], [55, 56, 57], [58, 62, 63], [64, 65, 76], [70, 66, 69], [68, 79], [71, 75], [73, 72], [74, 77, 78], [87, 82], [81, 84], [80, 83, 85], [86, 88]]
97: [[39, 10], [37, 7], [67, 1], [4, 3], [6, 5], [2, 25], [30, 11], [15, 14], [9, 8], [12, 22], [29, 28], [17, 13], [20, 18], [16, 23], [50, 19], [59, 21], [24, 26], [27, 31], [35, 32], [33, 34], [36, 38], [42, 41], [44, 60], [40, 47], [43, 45], [46, 61], [48, 51], [53, 49], [54, 52], [55, 56, 57], [58, 62, 63], [64, 65], [76, 70], [66, 69], [68, 79, 71], [75, 73], [72, 74], [77, 78], [87, 82, 81], [84, 80, 83], [85, 86, 88]]
98: [[39, 10], [37, 7], [67, 1], [4, 3], [6, 5], [2, 25], [30, 11], [15, 14, 9], [8, 12], [22, 29], [28, 17], [13, 20], [18, 16, 23], [50, 19], [59, 21], [24, 26, 27], [31, 35], [32, 33], [34, 36], [38, 42], [41, 44], [60, 40], [47, 43], [45, 46], [61, 48], [51, 53], [49, 54], [52, 55, 56], [57, 58, 62, 63, 64, 65, 76, 70, 66, 69, 68, 79, 71, 75, 73, 72, 74, 77, 78, 87, 82, 81, 84, 80, 83, 85, 86, 88]]
99: [[39, 10], [37, 7], [67, 1], [4, 3], [6, 5], [2, 25], [30, 11], [15, 14], [9, 8], [12, 22], [29, 28], [17, 13], [20, 18], [16, 23], [50, 19], [59], [21, 24], [26, 27], [31, 35], [32, 33], [34, 36], [38, 42], [41, 44], [60, 40], [47, 43, 45], [46, 61], [48, 51], [53, 49, 54, 52, 55, 56, 57, 58, 62, 63, 64, 65, 76, 70], [66, 69, 68, 79, 71, 75, 73, 72, 74, 77, 78, 87, 82, 81, 84, 80, 83, 85, 86, 88]]
100: [[39, 10], [37, 7], [67, 1], [4, 3], [6, 5], [2, 25], [30, 11], [15, 14], [9, 8], [12, 22], [29, 28], [17, 13], [20, 18], [16, 23], [50, 19], [59, 21], [24, 26], [27, 31], [35, 32], [33, 34], [36, 38], [42, 41], [44, 60], [40, 47], [43, 45], [46, 61], [48, 51], [53, 49], [54, 52], [55, 56, 57], [58, 62, 63], [64, 65], [76, 70, 66], [69], [68, 79, 71], [75, 73, 72, 74, 77, 78, 87, 82, 81, 84, 80, 83, 85, 86, 88]]
101: [[39, 10], [37, 7], [67, 1], [4, 3], [6, 5], [2, 25], [30, 11], [15, 14], [9, 8], [12, 22], [29, 28], [17, 13], [20, 18], [16, 23], [50, 19], [59, 21], [24, 26], [27, 31], [35, 32], [33, 34], [36, 38], [42, 41], [44, 60], [40], [47, 43, 45], [46, 61], [48, 51, 53], [49, 54], [52, 55], [56, 57], [58, 62, 63], [64, 65], [76, 70, 66], [69, 68, 79], [71, 75, 73], [72, 74, 77], [78], [87, 82, 81], [84, 80, 83], [85, 86, 88]]
102: [[39, 10], [37, 7], [67, 1], [4, 3], [6, 5], [2, 25], [30, 11], [15, 14], [9, 8], [12, 22], [29, 28], [17, 13], [20], [18, 16], [23, 50], [19, 59], [21, 24], [26, 27], [31, 35], [32, 33], [34, 36], [38, 42], [41, 44], [60, 40], [47, 43], [45, 46], [61, 48], [51, 53], [49, 54], [52, 55], [56, 57], [58, 62], [63, 64, 65], [76, 70], [66, 69], [68, 79, 71], [75, 73, 72], [74, 77, 78], [87, 82], [81, 84, 80], [83, 85], [86, 88]]
103: [[39, 10], [37, 7], [67, 1], [4, 3], [6, 5], [2, 25], [30, 11], [15, 14, 9], [8, 12, 22], [29, 28], [17, 13, 20], [18, 16, 23], [50, 19], [59, 21], [24, 26], [27, 31], [35, 32, 33, 34, 36, 38, 42, 41, 44, 60, 40, 47, 43], [45, 46, 61, 48, 51, 53, 49, 54, 52, 55], [56, 57, 58, 62, 63, 64, 65, 76, 70, 66, 69, 68, 79, 71, 75, 73, 72, 74, 77, 78, 87, 82, 81, 84, 80, 83, 85, 86, 88]]
104: [[39, 10], [37, 7], [67, 1], [4, 3], [6, 5], [2, 25], [30, 11], [15, 14], [9, 8], [12, 22], [29, 28], [17, 13], [20, 18], [16, 23], [50, 19], [59, 21], [24, 26], [27, 31], [35, 32], [33, 34], [36, 38], [42, 41], [44, 60], [40, 47, 43, 45], [46, 61, 48, 51, 53, 49, 54, 52, 55, 56, 57, 58, 62, 63, 64, 65, 76, 70, 66, 69, 68, 79, 71, 75, 73, 72, 74], [77, 78, 87, 82, 81, 84, 80, 83, 85, 86, 88]]
105: [[39, 10], [37, 7], [67, 1], [4, 3], [6, 5], [2, 25], [30, 11], [15, 14], [9, 8], [12, 22], [29, 28], [17, 13], [20, 18], [16, 23], [50, 19], [59, 21, 24], [26, 27], [31, 35], [32, 33], [34, 36, 38], [42, 41], [44], [60, 40], [47, 43, 45, 46, 61, 48, 51, 53, 49, 54, 52, 55, 56, 57, 58, 62, 63, 64, 65, 76, 70, 66, 69, 68, 79, 71, 75, 73, 72, 74, 77, 78, 87, 82, 81, 84, 80, 83, 85, 86, 88]]
106: [[39, 10], [37, 7], [67, 1], [4, 3], [6, 5], [2, 25], [30, 11], [15, 14], [9, 8], [12, 22], [29, 28], [17, 13, 20], [18, 16], [23, 50], [19, 59], [21, 24], [26, 27], [31, 35], [32, 33], [34, 36], [38, 42], [41, 44], [60, 40], [47, 43], [45, 46], [61, 48], [51, 53], [49, 54], [52, 55], [56, 57], [58, 62], [63, 64], [65, 76], [70, 66, 69], [68, 79], [71, 75], [73, 72], [74, 77], [78, 87], [82, 81], [84, 80], [83, 85, 86, 88]]
107: [[39, 10], [37, 7], [67, 1], [4, 3], [6, 5], [2, 25], [30, 11], [15, 14], [9, 8], [12, 22], [29, 28], [17, 13], [20, 18], [16, 23], [50, 19], [59, 21], [24, 26], [27, 31], [35, 32], [33, 34], [36, 38], [42, 41], [44, 60], [40, 47], [43, 45], [46, 61], [48, 51], [53, 49, 54], [52, 55], [56, 57, 58], [62, 63], [64, 65, 76], [70, 66], [69, 68, 79], [71, 75], [73, 72, 74], [77, 78], [87, 82, 81], [84, 80], [83], [85, 86, 88]]
108: [[39, 10], [37, 7], [67, 1], [4, 3], [6, 5], [2, 25], [30, 11], [15, 14], [9, 8], [12, 22], [29, 28], [17, 13], [20, 18], [16, 23], [50, 19], [59, 21], [24, 26], [27, 31], [35, 32], [33, 34], [36, 38], [42, 41, 44], [60, 40], [47, 43], [45], [46, 61], [48, 51], [53, 49], [54, 52], [55, 56], [57], [58, 62], [63, 64, 65, 76, 70, 66, 69, 68, 79, 71, 75, 73, 72, 74, 77, 78, 87, 82, 81, 84, 80, 83, 85, 86, 88]]
109: [[39, 10], [37, 7], [67, 1], [4, 3], [6, 5], [2, 25], [30, 11], [15, 14], [9, 8], [12, 22], [29, 28], [17, 13, 20], [18, 16, 23], [50, 19, 59], [21, 24], [26, 27, 31, 35, 32, 33, 34, 36, 38, 42, 41], [44, 60, 40, 47, 43, 45, 46, 61, 48, 51], [53, 49, 54, 52, 55, 56], [57, 58, 62, 63, 64, 65, 76, 70, 66, 69, 68, 79, 71, 75, 73, 72, 74, 77, 78, 87, 82, 81, 84, 80, 83, 85, 86, 88]]
110: [[39, 10], [37, 7], [67, 1], [4, 3], [6, 5], [2, 25], [30, 11], [15, 14], [9, 8], [12, 22], [29, 28], [17, 13], [20, 18], [16, 23], [50, 19], [59, 21], [24, 26], [27, 31], [35, 32], [33, 34], [36, 38], [42, 41], [44, 60, 40], [47, 43, 45], [46, 61], [48, 51, 53], [49, 54, 52, 55, 56, 57, 58, 62, 63, 64, 65, 76, 70, 66, 69, 68, 79, 71, 75, 73, 72, 74, 77, 78, 87, 82, 81, 84, 80, 83, 85, 86, 88]]
111: [[39, 10], [37, 7], [67, 1], [4, 3], [6, 5], [2, 25], [30, 11], [15, 14], [9, 8], [12, 22], [29, 28], [17, 13], [20, 18], [16, 23], [50], [19, 59], [21, 24], [26, 27], [31, 35], [32, 33], [34, 36], [38, 42], [41, 44], [60, 40], [47, 43], [45, 46], [61, 48], [51, 53], [49, 54], [52, 55], [56, 57, 58], [62, 63], [64, 65], [76, 70], [66, 69], [68, 79], [71, 75, 73], [72, 74], [77, 78, 87], [82, 81, 84, 80, 83, 85, 86, 88]]
112: [[39, 10], [37, 7], [67, 1], [4, 3], [6, 5], [2, 25], [30, 11], [15, 14], [9, 8], [12, 22], [29, 28], [17, 13], [20, 18], [16, 23], [50, 19], [59, 21], [24, 26], [27, 31], [35, 32], [33, 34], [36, 38], [42, 41, 44], [60, 40], [47, 43, 45], [46, 61], [48, 51], [53, 49, 54, 52, 55, 56, 57, 58, 62, 63, 64, 65, 76, 70, 66, 69, 68, 79, 71, 75, 73, 72, 74, 77, 78, 87, 82, 81, 84, 80, 83, 85, 86, 88]]
113: [[39, 10], [37, 7], [67, 1], [4, 3], [6, 5], [2, 25], [30, 11], [15, 14], [9, 8], [12, 22], [29, 28], [17, 13], [20, 18], [16, 23], [50, 19], [59, 21], [24, 26], [27, 31], [35, 32], [33, 34], [36, 38], [42, 41], [44, 60], [40, 47], [43, 45], [46, 61], [48, 51], [53, 49], [54, 52], [55, 56], [57, 58], [62, 63], [64, 65], [76, 70, 66], [69, 68, 79, 71, 75, 73, 72, 74, 77, 78, 87, 82, 81, 84, 80, 83, 85, 86, 88]]
114: [[39, 10], [37, 7], [67, 1], [4, 3], [6, 5], [2, 25], [30, 11], [15, 14], [9, 8], [12, 22], [29, 28], [17, 13], [20, 18], [16, 23], [50, 19, 59], [21, 24], [26, 27, 31, 35, 32, 33, 34, 36, 38, 42, 41, 44, 60, 40, 47, 43, 45, 46, 61, 48, 51, 53, 49, 54, 52, 55, 56, 57, 58, 62, 63, 64, 65, 76, 70, 66, 69, 68, 79, 71, 75, 73, 72, 74, 77, 78, 87, 82, 81, 84, 80, 83, 85, 86, 88]]
115: [[39, 10], [37, 7], [67, 1], [4, 3], [6, 5], [2, 25], [30, 11], [15, 14], [9, 8], [12, 22], [29, 28], [17, 13], [20, 18], [16, 23], [50, 19], [59, 21], [24, 26], [27, 31], [35, 32], [33, 34], [36], [38], [42, 41], [44, 60], [40, 47], [43, 45], [46, 61], [48, 51], [53, 49], [54, 52], [55, 56], [57, 58], [62, 63], [64, 65], [76, 70, 66], [69, 68, 79], [71, 75], [73, 72, 74], [77, 78, 87], [82, 81], [84, 80, 83], [85, 86, 88]]
116: [[39, 10], [37, 7], [67, 1], [4, 3], [6, 5], [2, 25], [30, 11], [15, 14], [9, 8], [12, 22], [29, 28], [17, 13], [20, 18], [16, 23], [50, 19], [59, 21], [24, 26], [27, 31], [35, 32], [33, 34], [36, 38], [42, 41], [44], [60], [40, 47], [43, 45], [46, 61], [48, 51], [53, 49], [54, 52], [55, 56], [57, 58], [62, 63], [64, 65], [76, 70, 66], [69, 68, 79, 71], [75, 73, 72], [74, 77, 78], [87, 82, 81], [84, 80], [83, 85], [86, 88]]
117: [[39, 10], [37, 7], [67, 1], [4, 3], [6, 5], [2, 25], [30, 11], [15, 14], [9, 8], [12, 22], [29, 28], [17, 13], [20, 18, 16], [23, 50, 19], [59, 21], [24, 26], [27, 31, 35], [32, 33], [34, 36], [38, 42, 41], [44, 60, 40, 47, 43, 45, 46, 61, 48, 51, 53, 49, 54, 52, 55, 56, 57, 58, 62, 63, 64, 65, 76], [70, 66, 69, 68, 79, 71, 75, 73, 72, 74, 77], [78, 87, 82, 81, 84, 80, 83, 85, 86, 88]]
118: [[39, 10], [37, 7], [67, 1], [4, 3], [6, 5], [2, 25], [30, 11], [15, 14], [9, 8], [12, 22], [29, 28], [17, 13], [20, 18], [16, 23], [50, 19], [59, 21], [24, 26], [27, 31], [35, 32], [33, 34], [36, 38], [42, 41], [44, 60], [40, 47], [43, 45], [46, 61], [48, 51], [53, 49], [54, 52], [55, 56], [57, 58], [62, 63], [64, 65], [76, 70], [66, 69], [68, 79], [71, 75], [73, 72], [74, 77], [78, 87], [82, 81], [84, 80], [83, 85], [86, 88]]
119: [[39, 10], [37, 7], [67, 1], [4, 3], [6, 5], [2, 25], [30, 11], [15, 14], [9, 8], [12, 22], [29, 28], [17, 13], [20, 18], [16, 23], [50, 19], [59, 21], [24, 26], [27, 31], [35, 32], [33, 34], [36, 38], [42, 41], [44, 60], [40], [47, 43, 45], [46, 61], [48, 51, 53], [49, 54], [52, 55], [56, 57, 58], [62, 63, 64, 65, 76, 70, 66], [69, 68, 79, 71, 75, 73, 72, 74, 77, 78], [87, 82, 81, 84, 80, 83, 85, 86, 88]]
120: [[39, 10], [37, 7], [67, 1], [4, 3], [6, 5], [2, 25], [30, 11], [15, 14], [9, 8], [12, 22], [29, 28], [17, 13], [20, 18], [16, 23], [50, 19], [59, 21], [24, 26], [27, 31], [35, 32], [33, 34], [36, 38], [42, 41], [44, 60], [40, 47], [43, 45], [46, 61], [48, 51], [53, 49], [54, 52], [55, 56], [57, 58], [62, 63], [64, 65], [76, 70], [66, 69], [68, 79], [71, 75], [73, 72], [74, 77], [78, 87], [82, 81], [84, 80, 83], [85, 86, 88]]
121: [[39, 10], [37, 7], [67, 1], [4, 3], [6, 5], [2, 25], [30, 11], [15, 14], [9, 8], [12, 22], [29, 28], [17, 13], [20, 18], [16, 23], [50, 19], [59, 21], [24, 26], [27, 31], [35, 32], [33, 34], [36, 38], [42, 41], [44, 60], [40, 47], [43, 45], [46, 61], [48, 51], [53, 49], [54, 52], [55, 56], [57, 58], [62, 63], [64, 65], [76, 70], [66, 69], [68, 79], [71, 75], [73, 72], [74, 77], [78, 87, 82], [81, 84], [80, 83], [85, 86, 88]]
122: [[39, 10], [37, 7], [67, 1], [4, 3], [6, 5], [2, 25], [30, 11], [15, 14], [9, 8], [12, 22], [29, 28], [17, 13], [20, 18], [16, 23], [50, 19], [59, 21], [24, 26], [27, 31], [35, 32], [33, 34], [36, 38], [42, 41], [44, 60], [40, 47], [43, 45], [46, 61], [48, 51], [53, 49], [54, 52], [55, 56], [57, 58], [62, 63], [64, 65], [76, 70], [66, 69], [68, 79], [71, 75], [73, 72], [74, 77], [78, 87], [82, 81], [84, 80, 83], [85, 86, 88]]
123: [[39, 10], [37, 7], [67, 1], [4, 3], [6, 5], [2, 25], [30, 11], [15, 14], [9, 8], [12, 22], [29, 28], [17, 13], [20, 18], [16, 23], [50, 19], [59, 21], [24, 26], [27, 31], [35, 32], [33, 34], [36, 38], [42, 41], [44, 60], [40, 47], [43, 45], [46, 61], [48, 51], [53, 49], [54, 52], [55, 56], [57, 58], [62, 63], [64, 65], [76, 70], [66, 69], [68, 79], [71, 75], [73, 72, 74], [77, 78], [87, 82], [81, 84], [80, 83], [85, 86], [88]]
124: [[39, 10], [37, 7], [67, 1], [4, 3], [6, 5], [2, 25], [30, 11], [15, 14], [9, 8], [12, 22], [29, 28], [17, 13], [20, 18], [16, 23], [50, 19], [59, 21], [24, 26], [27, 31], [35, 32], [33, 34], [36, 38], [42, 41], [44, 60], [40, 47], [43, 45], [46, 61], [48, 51], [53, 49], [54, 52], [55, 56], [57, 58], [62, 63, 64], [65, 76, 70], [66, 69, 68], [79, 71], [75, 73], [72, 74], [77, 78, 87], [82, 81, 84], [80, 83], [85, 86, 88]]
125: [[39, 10], [37, 7], [67, 1], [4, 3], [6, 5], [2, 25], [30, 11], [15, 14], [9, 8], [12, 22], [29, 28], [17, 13], [20, 18], [16, 23], [50, 19], [59, 21], [24, 26], [27, 31], [35, 32], [33, 34], [36, 38], [42, 41], [44, 60], [40, 47], [43, 45], [46, 61], [48, 51], [53, 49], [54, 52], [55, 56, 57], [58], [62, 63, 64], [65, 76], [70, 66, 69], [68, 79], [71, 75, 73], [72, 74, 77, 78], [87, 82, 81], [84, 80, 83], [85, 86, 88]]
126: [[39, 10], [37, 7], [67, 1], [4, 3], [6, 5], [2, 25], [30, 11], [15, 14], [9, 8], [12, 22], [29, 28], [17, 13], [20, 18], [16, 23], [50, 19], [59, 21], [24, 26], [27, 31], [35, 32], [33, 34], [36, 38], [42, 41], [44, 60], [40, 47], [43, 45], [46, 61], [48, 51], [53, 49], [54, 52], [55, 56], [57, 58], [62, 63], [64, 65], [76, 70], [66, 69, 68], [79, 71, 75], [73, 72, 74, 77, 78, 87, 82, 81, 84, 80, 83, 85, 86, 88]]
127: [[39, 10], [37, 7], [67, 1], [4, 3], [6, 5], [2, 25], [30, 11], [15, 14], [9, 8], [12, 22], [29, 28], [17, 13], [20, 18], [16, 23], [50, 19], [59, 21], [24, 26], [27, 31], [35, 32], [33, 34], [36, 38], [42, 41], [44, 60, 40], [47, 43, 45], [46, 61], [48, 51, 53], [49, 54], [52, 55, 56], [57, 58], [62, 63, 64], [65, 76, 70], [66, 69, 68], [79, 71], [75, 73], [72, 74], [77, 78, 87], [82, 81, 84], [80, 83, 85], [86, 88]]
128: [[39, 10], [37, 7], [67, 1], [4, 3], [6, 5], [2, 25], [30, 11], [15, 14], [9, 8], [12, 22], [29, 28], [17, 13], [20, 18], [16, 23], [50, 19], [59, 21], [24, 26], [27, 31, 35], [32, 33], [34, 36], [38], [42, 41], [44, 60], [40, 47], [43, 45], [46, 61], [48, 51], [53, 49], [54, 52], [55, 56], [57, 58], [62, 63], [64, 65], [76, 70], [66, 69], [68, 79, 71], [75, 73], [72, 74], [77, 78, 87], [82, 81], [84, 80], [83, 85], [86, 88]]
129: [[39, 10], [37, 7], [67, 1], [4, 3], [6, 5], [2, 25], [30, 11], [15, 14], [9, 8], [12, 22], [29, 28], [17, 13], [20, 18], [16, 23], [50, 19], [59, 21], [24, 26], [27, 31, 35], [32, 33], [34], [36, 38], [42, 41], [44, 60], [40, 47], [43, 45], [46, 61], [48, 51], [53, 49], [54, 52], [55, 56], [57, 58], [62, 63, 64], [65, 76], [70, 66], [69, 68], [79, 71, 75], [73, 72], [74, 77, 78, 87, 82, 81, 84, 80, 83, 85, 86, 88]]
130: [[39, 10], [37, 7], [67, 1], [4, 3], [6, 5], [2, 25], [30, 11], [15, 14], [9, 8], [12, 22], [29, 28], [17, 13], [20, 18], [16, 23], [50, 19, 59], [21, 24], [26, 27, 31], [35, 32], [33, 34], [36, 38], [42, 41], [44, 60], [40, 47], [43, 45, 46, 61, 48, 51, 53, 49, 54, 52, 55, 56, 57, 58, 62, 63, 64, 65, 76, 70, 66, 69, 68, 79, 71, 75, 73, 72, 74], [77, 78, 87, 82, 81, 84, 80, 83, 85, 86, 88]]
131: [[39, 10], [37, 7], [67, 1], [4, 3], [6, 5], [2, 25], [30, 11], [15, 14], [9, 8], [12, 22], [29, 28], [17, 13], [20, 18], [16, 23], [50, 19, 59], [21, 24, 26], [27, 31, 35], [32, 33], [34, 36, 38], [42, 41, 44, 60, 40, 47, 43, 45, 46, 61, 48], [51, 53, 49, 54, 52, 55, 56, 57, 58, 62, 63, 64, 65, 76, 70, 66, 69, 68, 79, 71, 75, 73, 72, 74, 77, 78, 87, 82, 81, 84, 80], [83, 85, 86, 88]]
132: [[39, 10], [37, 7], [67, 1], [4, 3], [6, 5], [2, 25], [30, 11], [15, 14], [9, 8], [12, 22], [29, 28], [17, 13], [20, 18], [16, 23], [50, 19], [59, 21], [24, 26], [27, 31], [35, 32], [33, 34], [36, 38], [42, 41], [44, 60], [40], [47, 43, 45], [46, 61], [48, 51], [53, 49], [54, 52, 55], [56, 57, 58], [62, 63], [64, 65], [76, 70, 66], [69, 68], [79, 71], [75, 73, 72], [74, 77, 78], [87, 82, 81, 84, 80, 83, 85, 86, 88]]
133: [[39, 10], [37, 7], [67, 1], [4, 3], [6, 5], [2, 25], [30, 11], [15, 14], [9, 8], [12, 22], [29, 28], [17, 13], [20, 18], [16, 23], [50, 19, 59, 21, 24], [26, 27, 31, 35, 32, 33, 34, 36, 38, 42, 41], [44, 60, 40, 47, 43, 45, 46, 61], [48, 51, 53, 49, 54, 52], [55, 56, 57, 58, 62, 63, 64, 65, 76, 70, 66, 69, 68, 79, 71, 75, 73, 72, 74, 77, 78, 87, 82, 81, 84, 80, 83, 85, 86, 88]]
134: [[39, 10], [37, 7], [67, 1], [4, 3], [6, 5], [2, 25], [30, 11], [15, 14], [9, 8], [12, 22], [29, 28], [17], [13, 20, 18], [16, 23], [50, 19, 59], [21, 24], [26, 27], [31, 35], [32, 33, 34], [36, 38], [42], [41, 44], [60, 40, 47, 43, 45, 46, 61, 48, 51, 53, 49, 54, 52, 55, 56, 57, 58, 62, 63, 64, 65, 76, 70, 66, 69], [68, 79, 71, 75, 73, 72, 74, 77, 78, 87, 82, 81], [84, 80, 83, 85, 86, 88]]
135: [[39, 10], [37, 7], [67, 1], [4, 3], [6, 5], [2, 25], [30, 11], [15, 14], [9, 8], [12, 22], [29, 28], [17, 13], [20, 18], [16], [23, 50], [19, 59], [21, 24], [26, 27], [31, 35, 32], [33, 34], [36, 38], [42, 41], [44, 60, 40], [47, 43], [45, 46], [61, 48], [51, 53], [49, 54], [52, 55], [56, 57, 58, 62, 63, 64], [65, 76, 70, 66, 69, 68, 79, 71, 75, 73, 72], [74, 77, 78, 87], [82, 81, 84, 80, 83, 85, 86, 88]]
136: [[39, 10], [37, 7], [67, 1], [4, 3], [6, 5], [2, 25], [30, 11], [15, 14], [9, 8], [12, 22], [29, 28], [17, 13, 20], [18, 16, 23, 50, 19, 59, 21, 24, 26, 27, 31, 35, 32, 33], [34, 36, 38, 42, 41, 44, 60, 40, 47, 43, 45, 46, 61, 48, 51, 53, 49, 54, 52, 55, 56, 57, 58, 62, 63, 64, 65, 76, 70, 66, 69, 68, 79, 71, 75, 73, 72, 74, 77], [78, 87, 82, 81, 84, 80, 83, 85, 86, 88]]
137: [[39, 10], [37, 7], [67, 1], [4, 3], [6, 5], [2, 25], [30, 11], [15, 14], [9, 8], [12, 22], [29, 28], [17, 13], [20, 18, 16], [23, 50, 19, 59, 21, 24, 26, 27, 31, 35], [32, 33, 34, 36, 38, 42, 41, 44, 60, 40, 47, 43, 45, 46, 61, 48, 51, 53, 49], [54, 52, 55, 56, 57, 58, 62, 63, 64, 65, 76, 70, 66, 69, 68, 79, 71, 75, 73, 72, 74, 77, 78, 87, 82, 81, 84, 80, 83, 85, 86, 88]]
138: [[39, 10], [37, 7], [67, 1], [4, 3], [6, 5], [2, 25], [30, 11], [15, 14], [9, 8], [12, 22], [29, 28], [17, 13], [20, 18, 16], [23, 50], [19, 59], [21, 24], [26, 27], [31, 35], [32, 33], [34, 36], [38, 42], [41, 44], [60, 40], [47, 43], [45, 46], [61, 48, 51], [53, 49], [54, 52, 55], [56, 57, 58], [62, 63, 64], [65, 76], [70, 66], [69, 68], [79, 71], [75, 73], [72, 74, 77], [78, 87], [82, 81, 84], [80, 83], [85, 86, 88]]
139: [[39, 10], [37, 7], [67, 1], [4, 3], [6, 5], [2, 25], [30, 11], [15, 14], [9, 8], [12, 22], [29, 28, 17, 13, 20], [18, 16, 23, 50, 19, 59, 21, 24, 26, 27, 31], [35, 32, 33, 34, 36, 38, 42, 41], [44, 60, 40, 47, 43, 45], [46, 61, 48, 51, 53, 49, 54, 52, 55, 56, 57, 58, 62, 63, 64, 65, 76, 70, 66, 69, 68, 79, 71, 75, 73, 72, 74, 77, 78, 87, 82, 81, 84, 80, 83, 85, 86, 88]]
140: [[39, 10], [37, 7], [67, 1], [4, 3], [6, 5], [2, 25], [30, 11], [15, 14], [9, 8], [12, 22], [29, 28], [17, 13], [20, 18], [16, 23, 50], [19, 59], [21, 24], [26, 27], [31, 35], [32, 33], [34, 36], [38, 42], [41, 44], [60, 40], [47, 43], [45, 46, 61], [48, 51, 53], [49, 54, 52], [55, 56, 57], [58, 62], [63, 64], [65, 76], [70, 66, 69], [68, 79, 71], [75, 73], [72, 74, 77], [78, 87], [82, 81, 84, 80, 83, 85, 86, 88]]
141: [[39, 10], [37, 7], [67, 1], [4, 3], [6, 5], [2, 25], [30, 11], [15, 14], [9, 8], [12, 22], [29, 28], [17, 13], [20, 18, 16], [23, 50], [19, 59], [21, 24], [26, 27], [31, 35], [32, 33], [34, 36], [38, 42], [41, 44], [60, 40, 47, 43, 45, 46, 61, 48, 51, 53, 49, 54, 52, 55], [56, 57, 58, 62, 63, 64, 65, 76, 70, 66, 69, 68, 79, 71], [75, 73, 72, 74, 77, 78, 87, 82, 81, 84, 80, 83, 85, 86, 88]]
142: [[39, 10], [37, 7], [67, 1], [4, 3], [6, 5, 2], [25, 30], [11, 15], [14, 9, 8], [12, 22], [29, 28], [17, 13], [20, 18], [16, 23], [50, 19], [59, 21], [24, 26, 27], [31, 35], [32, 33], [34, 36], [38, 42], [41, 44], [60], [40, 47, 43, 45, 46, 61, 48, 51, 53, 49, 54, 52, 55, 56, 57, 58, 62, 63, 64, 65, 76, 70, 66, 69, 68, 79, 71, 75, 73, 72, 74, 77, 78, 87, 82, 81, 84, 80, 83, 85, 86, 88]]
143: [[39, 10], [37, 7], [67, 1], [4, 3], [6, 5], [2, 25], [30, 11], [15, 14], [9, 8], [12, 22], [29, 28], [17, 13], [20, 18, 16, 23, 50, 19, 59, 21, 24, 26, 27, 31, 35, 32, 33, 34, 36, 38, 42, 41, 44, 60, 40, 47, 43, 45, 46, 61, 48], [51, 53, 49, 54, 52, 55, 56, 57, 58, 62, 63, 64, 65, 76, 70, 66, 69, 68, 79, 71, 75, 73, 72, 74, 77, 78, 87, 82, 81, 84, 80, 83, 85, 86, 88]]
144: [[39, 10], [37, 7], [67, 1], [4, 3], [6, 5], [2, 25], [30, 11], [15, 14], [9, 8], [12, 22], [29, 28], [17, 13, 20], [18, 16], [23, 50, 19, 59, 21, 24, 26, 27, 31, 35, 32, 33, 34, 36, 38, 42, 41, 44, 60, 40, 47, 43, 45, 46, 61, 48, 51, 53, 49, 54, 52, 55, 56, 57, 58, 62, 63, 64, 65, 76, 70, 66, 69, 68, 79, 71], [75, 73, 72, 74, 77, 78, 87, 82, 81, 84, 80, 83, 85, 86, 88]]
145: [[39, 10], [37, 7], [67, 1], [4, 3], [6, 5], [2, 25], [30, 11], [15, 14], [9, 8], [12, 22], [29, 28, 17], [13, 20, 18], [16, 23, 50], [19, 59, 21], [24, 26, 27], [31, 35], [32, 33], [34, 36], [38, 42, 41, 44, 60, 40, 47, 43, 45, 46, 61, 48, 51, 53, 49, 54, 52, 55, 56, 57, 58, 62, 63, 64, 65, 76, 70, 66, 69, 68, 79], [71, 75, 73, 72, 74, 77, 78, 87, 82, 81, 84, 80, 83, 85, 86, 88]]
146: [[39, 10], [37, 7], [67, 1], [4, 3], [6, 5], [2, 25], [30, 11], [15, 14], [9, 8], [12, 22], [29, 28], [17, 13], [20, 18], [16, 23, 50], [19, 59, 21], [24, 26, 27], [31, 35, 32], [33, 34], [36, 38], [42, 41], [44, 60, 40], [47, 43, 45], [46, 61], [48, 51, 53], [49, 54], [52, 55, 56, 57, 58, 62, 63], [64, 65, 76, 70, 66, 69, 68, 79, 71, 75, 73, 72, 74, 77, 78, 87, 82, 81, 84, 80, 83, 85, 86, 88]]
147: [[39, 10], [37, 7], [67, 1], [4, 3], [6, 5], [2, 25], [30, 11], [15, 14], [9, 8], [12, 22], [29, 28], [17, 13], [20, 18], [16], [23, 50], [19, 59, 21, 24, 26, 27, 31, 35, 32, 33, 34, 36, 38, 42, 41, 44, 60, 40, 47, 43, 45, 46, 61, 48, 51, 53, 49, 54, 52, 55, 56, 57, 58, 62, 63, 64, 65, 76, 70, 66, 69, 68, 79, 71, 75, 73, 72, 74, 77, 78, 87, 82, 81, 84, 80, 83], [85, 86, 88]]
148: [[39, 10], [37, 7], [67, 1], [4, 3], [6, 5], [2, 25], [30, 11], [15, 14], [9, 8, 12], [22, 29, 28], [17, 13], [20, 18, 16, 23], [50, 19, 59], [21, 24], [26, 27], [31, 35], [32, 33, 34, 36, 38, 42, 41, 44, 60, 40, 47, 43, 45, 46, 61, 48, 51, 53, 49, 54, 52, 55, 56, 57, 58, 62, 63, 64, 65, 76, 70, 66, 69, 68, 79, 71, 75, 73, 72, 74, 77, 78, 87, 82, 81, 84, 80, 83, 85, 86, 88]]
149: [[39, 10], [37, 7], [67, 1], [4, 3], [6, 5], [2, 25], [30, 11], [15, 14], [9, 8], [12, 22], [29, 28], [17, 13], [20], [18, 16], [23, 50], [19, 59], [21, 24], [26, 27], [31, 35], [32, 33], [34, 36], [38, 42], [41, 44], [60, 40], [47, 43, 45], [46, 61], [48, 51], [53, 49], [54, 52], [55, 56, 57], [58, 62], [63, 64, 65], [76, 70], [66, 69, 68], [79, 71], [75, 73, 72], [74, 77], [78, 87, 82], [81, 84, 80], [83, 85], [86, 88]]
150: [[39, 10], [37, 7], [67, 1], [4, 3], [6, 5], [2, 25], [30, 11], [15, 14], [9, 8], [12], [22, 29], [28, 17], [13, 20], [18, 16], [23, 50], [19, 59], [21, 24], [26, 27], [31, 35], [32, 33], [34, 36], [38, 42], [41, 44], [60, 40], [47, 43], [45, 46], [61, 48], [51, 53], [49, 54], [52, 55], [56, 57], [58, 62], [63, 64], [65, 76], [70, 66], [69, 68], [79, 71], [75, 73], [72, 74, 77], [78, 87, 82, 81, 84, 80, 83, 85, 86, 88]]
151: [[39, 10], [37, 7], [67, 1], [4, 3], [6, 5], [2, 25], [30, 11], [15, 14], [9, 8], [12, 22, 29], [28, 17, 13], [20, 18, 16], [23], [50, 19, 59, 21, 24, 26, 27, 31, 35, 32, 33, 34, 36, 38, 42, 41, 44, 60, 40, 47, 43, 45, 46, 61, 48, 51, 53, 49, 54, 52, 55], [56, 57, 58, 62, 63, 64, 65, 76, 70, 66, 69, 68, 79, 71, 75, 73, 72, 74, 77, 78, 87, 82, 81, 84, 80, 83, 85, 86, 88]]
152: [[39, 10], [37, 7], [67, 1], [4, 3], [6, 5], [2, 25], [30, 11], [15, 14], [9, 8], [12, 22], [29, 28], [17, 13], [20, 18], [16, 23, 50], [19, 59], [21, 24, 26], [27, 31], [35, 32, 33], [34, 36, 38], [42], [41, 44, 60, 40, 47, 43, 45, 46, 61, 48, 51, 53, 49, 54, 52, 55, 56, 57, 58, 62, 63, 64, 65, 76, 70, 66, 69, 68, 79, 71, 75, 73, 72, 74, 77, 78, 87, 82, 81, 84, 80, 83, 85], [86, 88]]
153: [[39, 10], [37, 7], [67, 1], [4, 3], [6, 5], [2, 25], [30, 11], [15, 14], [9], [8, 12, 22], [29, 28], [17, 13, 20], [18, 16], [23, 50], [19, 59], [21, 24], [26, 27], [31, 35], [32, 33], [34, 36], [38, 42, 41], [44, 60], [40, 47], [43, 45], [46, 61], [48, 51, 53], [49, 54, 52], [55, 56], [57], [58, 62, 63], [64, 65, 76], [70, 66, 69], [68, 79, 71, 75, 73, 72, 74, 77, 78, 87, 82, 81, 84, 80, 83, 85, 86, 88]]
154: [[39, 10], [37, 7], [67, 1], [4, 3], [6, 5], [2, 25], [30, 11], [15, 14], [9, 8], [12, 22], [29, 28, 17], [13, 20, 18], [16, 23, 50], [19, 59], [21, 24, 26], [27, 31], [35, 32], [33, 34, 36, 38, 42, 41], [44, 60, 40, 47, 43, 45, 46, 61, 48, 51, 53, 49, 54], [52, 55, 56, 57, 58, 62, 63, 64, 65, 76], [70, 66, 69, 68, 79, 71, 75, 73, 72, 74, 77, 78, 87, 82, 81, 84, 80, 83, 85, 86, 88]]
155: [[39, 10], [37, 7], [67, 1], [4, 3], [6, 5], [2, 25], [30, 11], [15, 14, 9], [8, 12, 22], [29, 28, 17], [13, 20], [18, 16, 23], [50, 19, 59, 21, 24, 26, 27, 31, 35, 32, 33], [34, 36, 38, 42, 41, 44, 60, 40, 47, 43, 45, 46, 61, 48, 51, 53, 49, 54, 52, 55, 56, 57, 58, 62, 63, 64, 65, 76, 70, 66, 69, 68, 79, 71, 75, 73, 72, 74, 77, 78, 87, 82, 81, 84, 80, 83, 85, 86, 88]]
156: [[39, 10], [37, 7], [67, 1], [4, 3], [6, 5], [2, 25], [30, 11], [15, 14], [9, 8], [12, 22], [29, 28], [17, 13, 20], [18, 16], [23, 50], [19, 59], [21, 24], [26, 27], [31, 35, 32], [33], [34, 36, 38], [42, 41, 44, 60, 40, 47, 43, 45, 46, 61, 48, 51, 53, 49, 54, 52, 55, 56, 57, 58, 62, 63, 64, 65, 76, 70, 66, 69], [68, 79, 71, 75, 73, 72, 74, 77, 78, 87, 82, 81, 84, 80, 83, 85, 86, 88]]
157: [[39, 10], [37, 7], [67, 1], [4, 3], [6, 5], [2, 25], [30, 11], [15, 14], [9, 8], [12, 22, 29], [28, 17], [13, 20], [18, 16], [23, 50], [19, 59], [21, 24], [26, 27], [31, 35], [32, 33], [34, 36], [38, 42], [41, 44], [60, 40], [47, 43], [45, 46, 61], [48, 51], [53, 49], [54, 52], [55, 56], [57, 58, 62], [63, 64, 65], [76, 70], [66, 69, 68], [79, 71, 75], [73, 72], [74, 77], [78, 87], [82, 81], [84, 80], [83], [85, 86, 88]]
158: [[39, 10], [37, 7], [67, 1], [4, 3], [6, 5], [2, 25], [30, 11], [15, 14], [9, 8], [12, 22, 29, 28, 17, 13, 20, 18, 16, 23, 50, 19, 59, 21, 24, 26, 27, 31, 35, 32, 33, 34, 36, 38, 42, 41, 44, 60, 40, 47, 43, 45, 46, 61, 48, 51, 53, 49, 54, 52, 55, 56, 57, 58, 62, 63, 64, 65, 76, 70, 66, 69, 68, 79, 71, 75, 73, 72, 74, 77, 78, 87, 82, 81, 84, 80, 83, 85, 86, 88]]
159: [[39, 10], [37, 7], [67, 1], [4, 3], [6, 5], [2, 25], [30, 11], [15, 14], [9], [8, 12], [22, 29], [28, 17], [13, 20], [18, 16], [23, 50], [19, 59], [21, 24], [26, 27], [31, 35], [32, 33], [34, 36], [38, 42], [41, 44, 60], [40, 47, 43, 45, 46, 61, 48, 51, 53, 49, 54, 52, 55, 56, 57, 58, 62, 63], [64, 65, 76, 70], [66, 69, 68, 79, 71, 75, 73, 72, 74, 77, 78, 87, 82, 81, 84, 80, 83, 85, 86, 88]]
160: [[39, 10], [37, 7], [67, 1], [4, 3], [6, 5], [2, 25], [30, 11, 15], [14, 9], [8, 12], [22, 29], [28, 17], [13, 20, 18], [16, 23], [50], [19, 59, 21], [24, 26], [27, 31], [35, 32], [33, 34, 36], [38, 42, 41], [44, 60], [40, 47], [43, 45, 46], [61, 48], [51, 53], [49, 54, 52], [55, 56, 57], [58, 62, 63, 64, 65, 76, 70, 66, 69, 68, 79, 71, 75, 73, 72, 74, 77, 78, 87, 82, 81, 84, 80, 83, 85, 86, 88]]
161: [[39, 10], [37, 7], [67, 1], [4, 3], [6, 5], [2, 25], [30, 11], [15, 14], [9, 8, 12], [22, 29], [28, 17, 13], [20, 18], [16, 23], [50, 19, 59, 21, 24, 26, 27, 31, 35, 32, 33, 34, 36, 38, 42, 41, 44, 60, 40, 47, 43, 45, 46, 61, 48, 51, 53, 49, 54, 52, 55, 56, 57, 58], [62, 63, 64, 65, 76, 70, 66, 69, 68, 79, 71, 75, 73, 72, 74, 77, 78, 87, 82, 81, 84, 80, 83, 85, 86, 88]]
162: [[39, 10], [37, 7], [67, 1], [4, 3], [6, 5], [2, 25], [30, 11], [15, 14, 9, 8, 12, 22, 29, 28, 17, 13, 20, 18, 16, 23, 50, 19, 59, 21, 24, 26, 27, 31], [35, 32, 33, 34, 36, 38, 42, 41, 44, 60, 40, 47, 43, 45, 46, 61, 48, 51, 53, 49, 54, 52, 55, 56, 57, 58, 62, 63, 64, 65, 76, 70, 66, 69, 68, 79, 71, 75, 73, 72, 74, 77, 78, 87, 82, 81, 84, 80, 83, 85, 86, 88]]
163: [[39, 10], [37, 7], [67, 1], [4, 3], [6, 5], [2, 25], [30, 11], [15, 14], [9, 8, 12], [22, 29], [28, 17], [13, 20], [18, 16], [23, 50], [19, 59, 21], [24, 26], [27, 31, 35], [32, 33, 34, 36, 38, 42, 41, 44, 60, 40, 47, 43, 45, 46, 61, 48, 51, 53, 49, 54, 52, 55, 56, 57, 58, 62, 63], [64, 65, 76, 70, 66, 69, 68, 79, 71, 75, 73, 72, 74, 77, 78, 87, 82, 81, 84, 80, 83, 85, 86, 88]]
164: [[39, 10], [37, 7], [67, 1], [4, 3], [6, 5], [2, 25], [30, 11], [15, 14, 9, 8, 12, 22, 29, 28, 17, 13, 20, 18, 16, 23, 50, 19, 59, 21, 24, 26, 27, 31, 35], [32, 33, 34, 36, 38, 42, 41, 44, 60, 40, 47, 43, 45, 46, 61, 48], [51, 53, 49, 54, 52, 55, 56, 57, 58, 62, 63, 64, 65, 76, 70, 66, 69, 68, 79, 71, 75, 73, 72, 74, 77, 78, 87, 82, 81, 84, 80, 83, 85, 86, 88]]
165: [[39, 10], [37], [7, 67, 1], [4, 3], [6, 5], [2, 25], [30, 11], [15, 14, 9], [8, 12, 22], [29, 28], [17, 13, 20], [18, 16], [23, 50, 19, 59, 21, 24, 26, 27, 31, 35, 32, 33, 34, 36, 38, 42, 41, 44, 60, 40, 47, 43, 45, 46, 61, 48, 51, 53, 49, 54, 52, 55, 56, 57, 58, 62, 63, 64, 65, 76, 70, 66, 69, 68, 79, 71, 75, 73, 72, 74, 77, 78, 87, 82, 81, 84, 80, 83, 85, 86, 88]]
166: [[39, 10], [37, 7], [67, 1], [4, 3], [6, 5], [2, 25, 30], [11, 15], [14, 9], [8, 12], [22, 29], [28, 17], [13, 20], [18, 16], [23, 50], [19, 59], [21, 24], [26, 27], [31, 35], [32, 33], [34, 36], [38, 42], [41, 44], [60, 40], [47, 43], [45, 46], [61, 48], [51, 53], [49, 54], [52, 55], [56, 57], [58, 62, 63], [64, 65, 76], [70, 66, 69], [68, 79, 71], [75, 73], [72, 74], [77, 78, 87], [82, 81, 84], [80, 83], [85], [86, 88]]
167: [[39, 10], [37, 7], [67, 1], [4, 3], [6, 5], [2, 25, 30], [11, 15], [14, 9], [8, 12], [22, 29], [28, 17], [13, 20], [18, 16], [23, 50], [19, 59], [21, 24], [26, 27], [31, 35], [32, 33], [34, 36], [38, 42], [41, 44], [60, 40], [47, 43], [45, 46], [61, 48], [51, 53], [49, 54, 52], [55, 56], [57, 58, 62], [63, 64], [65, 76, 70], [66, 69], [68, 79, 71], [75, 73], [72, 74], [77, 78], [87, 82, 81], [84, 80, 83], [85], [86, 88]]
168: [[39, 10], [37, 7], [67, 1], [4, 3], [6], [5, 2, 25], [30, 11], [15, 14, 9, 8, 12, 22, 29, 28, 17, 13, 20, 18, 16, 23, 50, 19, 59, 21, 24, 26, 27, 31, 35, 32, 33, 34, 36, 38, 42, 41, 44, 60, 40, 47, 43, 45, 46, 61, 48, 51, 53, 49, 54, 52, 55, 56, 57, 58, 62, 63, 64, 65, 76, 70, 66, 69, 68, 79, 71, 75, 73, 72, 74, 77, 78, 87, 82, 81, 84, 80, 83, 85, 86, 88]]
169: [[39, 10], [37, 7], [67, 1], [4, 3], [6, 5], [2, 25, 30], [11, 15], [14, 9], [8, 12], [22, 29], [28, 17], [13, 20], [18, 16], [23, 50], [19, 59, 21], [24, 26], [27, 31, 35], [32, 33, 34], [36, 38], [42, 41], [44, 60], [40, 47], [43, 45], [46, 61, 48], [51, 53], [49], [54, 52], [55, 56, 57, 58, 62, 63, 64, 65, 76, 70, 66, 69, 68, 79, 71, 75, 73, 72, 74, 77, 78, 87, 82, 81, 84, 80, 83, 85, 86, 88]]
170: [[39, 10], [37, 7], [67, 1], [4, 3], [6, 5], [2, 25], [30, 11], [15, 14], [9, 8], [12], [22, 29], [28, 17], [13, 20], [18, 16], [23, 50], [19, 59], [21, 24, 26], [27, 31], [35, 32], [33, 34], [36, 38], [42, 41], [44, 60], [40, 47], [43, 45], [46, 61], [48, 51], [53, 49], [54, 52], [55, 56], [57, 58], [62], [63, 64], [65, 76, 70], [66, 69], [68, 79, 71], [75, 73], [72, 74], [77, 78, 87], [82, 81, 84], [80, 83], [85, 86, 88]]
171: [[39, 10], [37, 7], [67, 1], [4, 3, 6], [5, 2], [25, 30], [11, 15], [14, 9], [8, 12], [22, 29], [28, 17], [13, 20], [18, 16], [23, 50], [19, 59], [21, 24], [26, 27], [31, 35], [32, 33], [34, 36], [38, 42, 41], [44, 60], [40, 47], [43, 45], [46, 61, 48], [51, 53], [49, 54], [52, 55], [56, 57], [58, 62, 63], [64, 65], [76, 70], [66], [69, 68, 79], [71, 75], [73, 72, 74], [77, 78], [87, 82], [81, 84], [80, 83, 85], [86, 88]]
172: [[39, 10], [37, 7], [67, 1], [4, 3], [6, 5, 2], [25, 30], [11, 15], [14, 9], [8, 12], [22, 29], [28, 17], [13, 20], [18, 16], [23, 50], [19, 59], [21, 24], [26, 27, 31], [35, 32], [33, 34], [36], [38, 42], [41, 44], [60, 40], [47, 43], [45, 46], [61], [48, 51], [53, 49, 54, 52, 55, 56, 57, 58, 62, 63, 64, 65, 76, 70, 66, 69, 68, 79, 71, 75, 73, 72, 74, 77, 78, 87, 82, 81, 84, 80, 83, 85, 86, 88]]
173: [[39, 10], [37, 7, 67, 1, 4, 3, 6, 5, 2, 25, 30, 11, 15, 14, 9, 8, 12, 22, 29, 28, 17], [13, 20, 18, 16, 23, 50, 19, 59, 21, 24, 26, 27, 31, 35], [32, 33, 34, 36, 38, 42, 41, 44, 60, 40, 47, 43, 45, 46, 61], [48, 51, 53, 49, 54, 52, 55, 56, 57, 58, 62, 63, 64, 65, 76, 70, 66, 69, 68, 79, 71, 75, 73, 72, 74, 77, 78, 87, 82, 81, 84, 80, 83, 85, 86, 88]]
174: [[39, 10, 37], [7, 67, 1], [4, 3], [6, 5, 2], [25, 30], [11, 15, 14, 9, 8, 12, 22, 29, 28, 17, 13, 20, 18, 16, 23, 50, 19, 59, 21, 24, 26, 27, 31, 35, 32, 33, 34, 36, 38, 42, 41, 44, 60, 40, 47, 43, 45, 46, 61, 48, 51, 53, 49, 54, 52, 55, 56, 57, 58, 62, 63, 64, 65, 76, 70, 66, 69, 68, 79, 71, 75, 73, 72, 74, 77, 78, 87, 82, 81, 84, 80, 83, 85, 86, 88]]
175: [[39, 10], [37, 7], [67, 1], [4, 3, 6], [5, 2], [25, 30], [11, 15], [14, 9], [8, 12], [22, 29], [28, 17], [13, 20], [18, 16], [23, 50], [19, 59], [21, 24], [26, 27], [31, 35], [32, 33], [34, 36], [38, 42], [41, 44], [60, 40], [47], [43, 45], [46, 61], [48, 51], [53, 49], [54, 52], [55, 56, 57], [58, 62], [63, 64], [65, 76], [70, 66], [69, 68], [79, 71], [75, 73], [72, 74], [77, 78], [87, 82], [81, 84], [80, 83, 85], [86, 88]]
