0: [[2, 35, 7], [13, 1, 3, 6, 21], [12, 4, 11], [5, 8, 14, 9, 10, 15, 29, 16, 18, 17], [19, 23, 28, 22, 26], [20, 27, 30, 25, 24, 31, 33, 36, 34, 37, 32, 43, 41], [38, 44], [47, 42, 40], [45, 39, 46], [55, 48, 53, 50], [57, 49], [52, 59, 51, 54, 58, 56, 60]]
1: [[2, 35, 7], [13, 1], [3, 6, 21], [12, 4, 11], [5, 8, 14], [9, 10, 15, 29], [16, 18, 17, 19], [23, 28, 22], [26, 20, 27], [30, 25, 24, 31], [33, 36, 34], [37, 32, 43], [41, 38, 44], [47, 42, 40, 45], [39, 46, 55], [48, 53, 50], [57, 49, 52], [59, 51, 54, 58], [56, 60]]
2: [[2, 35, 7], [13, 1], [3, 6, 21], [12, 4, 11], [5, 8, 14], [9, 10, 15, 29], [16, 18, 17, 19], [23, 28, 22], [26, 20, 27], [30, 25, 24, 31], [33, 36, 34], [37, 32, 43], [41, 38, 44], [47, 42, 40, 45], [39, 46, 55], [48, 53, 50], [57, 49, 52], [59, 51, 54], [58, 56, 60]]
3: [[2, 35, 7], [13, 1, 3, 6, 21], [12, 4, 11], [5, 8, 14, 9, 10, 15, 29, 16, 18, 17], [19, 23, 28, 22, 26], [20, 27, 30, 25, 24, 31, 33, 36, 34, 37], [32, 43], [41, 38, 44], [47, 42, 40], [45, 39, 46, 55], [48, 53], [50, 57, 49, 52, 59, 51, 54], [58, 56, 60]]
4: [[2, 35, 7], [13, 1, 3], [6, 21, 12], [4, 11, 5, 8], [14, 9, 10, 15], [29, 16, 18], [17, 19], [23, 28, 22], [26, 20, 27, 30, 25], [24, 31, 33, 36, 34, 37, 32, 43, 41], [38, 44], [47, 42, 40], [45, 39, 46], [55, 48, 53, 50], [57, 49], [52, 59, 51, 54, 58, 56, 60]]
5: [[2, 35, 7], [13, 1, 3, 6, 21, 12, 4, 11, 5, 8, 14, 9, 10, 15, 29, 16], [18, 17, 19], [23, 28, 22], [26, 20, 27], [30, 25, 24], [31, 33, 36], [34, 37], [32, 43, 41], [38, 44, 47], [42, 40, 45], [39, 46, 55], [48, 53, 50, 57, 49], [52, 59], [51, 54, 58, 56, 60]]
6: [[2, 35, 7], [13, 1, 3], [6, 21], [12, 4, 11], [5, 8, 14], [9, 10, 15, 29, 16], [18, 17, 19, 23, 28, 22, 26], [20, 27], [30, 25, 24], [31, 33, 36, 34], [37, 32, 43], [41, 38, 44], [47, 42, 40, 45], [39, 46, 55], [48, 53, 50], [57, 49, 52, 59], [51, 54, 58, 56, 60]]
7: [[2, 35, 7], [13, 1, 3], [6, 21, 12, 4], [11, 5, 8], [14, 9], [10, 15, 29, 16], [18, 17, 19], [23, 28, 22], [26, 20], [27, 30, 25, 24], [31, 33, 36, 34], [37, 32, 43], [41, 38, 44], [47, 42, 40], [45, 39], [46, 55], [48, 53, 50], [57, 49, 52], [59, 51, 54, 58], [56, 60]]
8: [[2, 35, 7], [13, 1, 3, 6, 21], [12, 4, 11], [5, 8, 14], [9, 10, 15], [29, 16, 18], [17, 19, 23, 28, 22], [26, 20, 27], [30, 25, 24, 31], [33, 36, 34, 37, 32, 43, 41], [38, 44, 47], [42, 40, 45, 39, 46, 55], [48, 53, 50, 57, 49, 52, 59], [51, 54, 58, 56, 60]]
9: [[2, 35, 7], [13, 1, 3], [6, 21, 12], [4, 11, 5], [8, 14, 9], [10, 15, 29], [16, 18, 17], [19, 23, 28, 22], [26, 20, 27], [30, 25, 24, 31], [33, 36, 34], [37, 32, 43], [41, 38, 44], [47, 42, 40], [45, 39, 46, 55], [48, 53, 50], [57, 49, 52], [59, 51], [54, 58, 56, 60]]
10: [[2, 35, 7], [13, 1, 3], [6, 21], [12, 4, 11], [5, 8, 14, 9, 10, 15, 29, 16, 18, 17], [19, 23, 28, 22, 26], [20, 27, 30, 25, 24, 31, 33, 36, 34, 37], [32, 43], [41, 38, 44], [47, 42, 40], [45, 39, 46, 55], [48, 53], [50, 57, 49, 52, 59, 51, 54], [58, 56, 60]]
11: [[2, 35, 7], [13, 1], [3, 6, 21], [12, 4, 11], [5, 8], [14, 9, 10], [15, 29, 16], [18, 17, 19], [23, 28, 22], [26, 20, 27], [30, 25, 24], [31, 33], [36, 34], [37, 32, 43], [41, 38, 44], [47, 42], [40, 45, 39], [46, 55], [48, 53, 50], [57, 49], [52, 59, 51, 54], [58, 56, 60]]
12: [[2, 35, 7], [13, 1, 3, 6, 21], [12, 4, 11], [5, 8, 14, 9], [10, 15, 29], [16, 18, 17], [19, 23, 28], [22, 26, 20], [27, 30, 25], [24, 31, 33], [36, 34, 37], [32, 43, 41], [38, 44], [47, 42, 40], [45, 39, 46], [55, 48, 53], [50, 57, 49], [52, 59, 51, 54, 58, 56, 60]]
13: [[2, 35, 7], [13, 1], [3, 6, 21], [12, 4], [11, 5], [8, 14, 9], [10, 15, 29], [16, 18], [17, 19, 23], [28, 22, 26], [20, 27, 30], [25, 24], [31, 33, 36, 34], [37, 32, 43], [41, 38, 44], [47, 42, 40, 45], [39, 46, 55], [48, 53, 50], [57, 49, 52], [59, 51, 54, 58], [56, 60]]
14: [[2, 35, 7], [13, 1, 3], [6, 21], [12, 4, 11], [5, 8, 14], [9, 10, 15], [29, 16, 18], [17, 19], [23, 28, 22], [26, 20], [27, 30, 25], [24, 31, 33], [36, 34], [37, 32, 43], [41, 38, 44], [47, 42, 40], [45, 39, 46], [55, 48, 53], [50, 57, 49], [52, 59, 51, 54], [58, 56, 60]]
15: [[2, 35, 7], [13, 1, 3], [6, 21, 12], [4, 11, 5], [8, 14, 9], [10, 15, 29], [16, 18], [17, 19, 23], [28, 22, 26], [20, 27, 30], [25, 24, 31], [33, 36, 34], [37, 32, 43], [41, 38, 44], [47, 42], [40, 45, 39, 46], [55, 48, 53, 50], [57, 49], [52, 59, 51], [54, 58, 56, 60]]
16: [[2, 35, 7], [13, 1, 3, 6, 21], [12, 4, 11], [5, 8, 14], [9, 10, 15, 29, 16], [18, 17], [19, 23, 28], [22, 26], [20, 27, 30], [25, 24, 31], [33, 36, 34], [37, 32, 43, 41], [38, 44, 47, 42], [40, 45, 39, 46], [55, 48, 53], [50, 57, 49], [52, 59, 51, 54], [58, 56, 60]]
17: [[2, 35, 7], [13, 1, 3, 6, 21], [12, 4, 11], [5, 8, 14], [9, 10, 15, 29, 16], [18, 17], [19, 23, 28], [22, 26], [20, 27, 30], [25, 24, 31], [33, 36, 34], [37, 32, 43, 41], [38, 44, 47, 42], [40, 45, 39, 46], [55, 48, 53], [50, 57, 49], [52, 59, 51, 54], [58, 56, 60]]
18: [[2, 35, 7], [13, 1, 3, 6, 21], [12, 4, 11], [5, 8, 14, 9, 10, 15, 29, 16, 18, 17], [19, 23], [28, 22, 26], [20, 27, 30], [25, 24], [31, 33, 36], [34, 37, 32], [43, 41, 38], [44, 47], [42, 40, 45], [39, 46, 55, 48, 53, 50], [57, 49, 52, 59, 51, 54, 58, 56, 60]]
19: [[2, 35, 7], [13, 1, 3, 6, 21], [12, 4, 11], [5, 8, 14, 9, 10], [15, 29, 16], [18, 17, 19], [23, 28, 22, 26, 20, 27], [30, 25, 24, 31, 33, 36, 34, 37], [32, 43], [41, 38, 44], [47, 42, 40], [45, 39, 46, 55], [48, 53, 50], [57, 49, 52], [59, 51, 54, 58, 56, 60]]
20: [[2, 35, 7], [13, 1, 3, 6, 21], [12, 4, 11], [5, 8, 14, 9, 10, 15, 29, 16, 18, 17], [19, 23, 28, 22, 26], [20, 27], [30, 25, 24], [31, 33, 36, 34], [37, 32, 43], [41, 38], [44, 47, 42, 40], [45, 39, 46, 55, 48, 53, 50, 57, 49, 52, 59, 51, 54, 58, 56, 60]]
21: [[2, 35, 7], [13, 1], [3, 6, 21], [12, 4], [11, 5, 8], [14, 9, 10], [15, 29, 16], [18, 17, 19], [23, 28, 22], [26, 20, 27], [30, 25], [24, 31, 33], [36, 34, 37], [32, 43], [41, 38, 44], [47, 42, 40, 45], [39, 46, 55], [48, 53], [50, 57, 49], [52, 59, 51], [54, 58, 56, 60]]
22: [[2, 35, 7], [13, 1, 3], [6, 21, 12], [4, 11], [5, 8, 14], [9, 10, 15], [29, 16, 18], [17, 19], [23, 28, 22], [26, 20, 27], [30, 25, 24], [31, 33, 36], [34, 37], [32, 43, 41, 38], [44, 47, 42], [40, 45, 39, 46], [55, 48, 53, 50], [57, 49], [52, 59, 51], [54, 58, 56, 60]]
23: [[2, 35, 7], [13, 1], [3, 6, 21], [12, 4, 11], [5, 8, 14], [9, 10, 15], [29, 16, 18], [17, 19, 23], [28, 22, 26], [20, 27, 30], [25, 24, 31, 33], [36, 34, 37, 32], [43, 41, 38], [44, 47, 42], [40, 45, 39, 46], [55, 48, 53, 50], [57, 49, 52], [59, 51, 54], [58, 56, 60]]
24: [[2, 35, 7], [13, 1, 3], [6, 21, 12], [4, 11, 5], [8, 14, 9], [10, 15, 29], [16, 18, 17], [19, 23, 28, 22], [26, 20, 27], [30, 25, 24], [31, 33, 36], [34, 37], [32, 43, 41], [38, 44, 47], [42, 40, 45, 39], [46, 55, 48], [53, 50, 57, 49], [52, 59, 51], [54, 58], [56, 60]]
25: [[2, 35, 7], [13, 1, 3], [6, 21, 12], [4, 11, 5], [8, 14], [9, 10, 15, 29], [16, 18, 17, 19], [23, 28, 22, 26], [20, 27], [30, 25, 24, 31], [33, 36, 34], [37, 32], [43, 41, 38], [44, 47, 42], [40, 45, 39], [46, 55, 48, 53], [50, 57, 49], [52, 59, 51, 54], [58, 56, 60]]
26: [[2, 35, 7], [13, 1], [3, 6, 21], [12, 4, 11], [5, 8, 14], [9, 10, 15], [29, 16, 18], [17, 19, 23], [28, 22, 26], [20, 27, 30], [25, 24, 31], [33, 36], [34, 37, 32], [43, 41, 38], [44, 47, 42], [40, 45], [39, 46, 55], [48, 53, 50], [57, 49, 52], [59, 51, 54], [58, 56, 60]]
27: [[2, 35, 7], [13, 1], [3, 6, 21], [12, 4], [11, 5, 8], [14, 9, 10], [15, 29, 16], [18, 17, 19], [23, 28, 22], [26, 20, 27], [30, 25], [24, 31, 33], [36, 34, 37], [32, 43, 41, 38], [44, 47, 42], [40, 45, 39, 46], [55, 48, 53, 50], [57, 49, 52], [59, 51], [54, 58, 56, 60]]
28: [[2, 35, 7], [13, 1, 3, 6, 21], [12, 4, 11], [5, 8, 14], [9, 10, 15], [29, 16, 18], [17, 19], [23, 28, 22], [26, 20], [27, 30], [25, 24, 31], [33, 36, 34], [37, 32, 43, 41], [38, 44], [47, 42, 40, 45, 39, 46, 55], [48, 53, 50, 57, 49, 52, 59, 51, 54, 58, 56, 60]]
29: [[2, 35, 7], [13, 1, 3], [6, 21, 12], [4, 11, 5], [8, 14, 9], [10, 15, 29], [16, 18, 17], [19, 23], [28, 22], [26, 20, 27], [30, 25, 24], [31, 33, 36], [34, 37, 32], [43, 41, 38], [44, 47, 42], [40, 45, 39, 46], [55, 48, 53, 50], [57, 49, 52], [59, 51, 54], [58, 56, 60]]
30: [[2, 35, 7], [13, 1], [3, 6, 21], [12, 4, 11, 5, 8], [14, 9], [10, 15, 29, 16], [18, 17], [19, 23], [28, 22, 26], [20, 27, 30], [25, 24], [31, 33, 36], [34, 37, 32], [43, 41, 38], [44, 47, 42], [40, 45, 39], [46, 55, 48, 53], [50, 57, 49], [52, 59, 51], [54, 58, 56, 60]]
31: [[2, 35, 7], [13, 1, 3], [6, 21], [12, 4, 11], [5, 8, 14], [9, 10, 15], [29, 16, 18], [17, 19, 23], [28, 22], [26, 20], [27, 30, 25], [24, 31, 33], [36, 34, 37], [32, 43, 41], [38, 44, 47, 42], [40, 45, 39], [46, 55, 48, 53], [50, 57, 49, 52], [59, 51], [54, 58, 56, 60]]
32: [[2, 35, 7], [13, 1, 3], [6, 21, 12], [4, 11, 5], [8, 14, 9], [10, 15], [29, 16, 18], [17, 19, 23], [28, 22, 26], [20, 27, 30], [25, 24, 31], [33, 36], [34, 37, 32, 43], [41, 38, 44], [47, 42, 40], [45, 39], [46, 55], [48, 53, 50], [57, 49, 52], [59, 51, 54], [58, 56, 60]]
33: [[2, 35, 7], [13, 1, 3], [6, 21, 12], [4, 11], [5, 8, 14], [9, 10, 15], [29, 16, 18], [17, 19, 23], [28, 22, 26], [20, 27, 30], [25, 24, 31], [33, 36, 34], [37, 32, 43, 41], [38, 44, 47], [42, 40, 45], [39, 46], [55, 48, 53], [50, 57, 49], [52, 59, 51, 54], [58, 56, 60]]
34: [[2, 35, 7], [13, 1], [3, 6, 21], [12, 4, 11], [5, 8, 14], [9, 10, 15, 29], [16, 18, 17, 19], [23, 28, 22], [26, 20, 27], [30, 25, 24, 31], [33, 36, 34], [37, 32, 43], [41, 38, 44, 47], [42, 40, 45, 39, 46], [55, 48, 53, 50, 57, 49, 52, 59, 51, 54, 58, 56, 60]]
35: [[2, 35, 7], [13, 1], [3, 6, 21], [12, 4, 11], [5, 8, 14], [9, 10, 15, 29], [16, 18, 17, 19], [23, 28], [22, 26, 20], [27, 30, 25, 24], [31, 33, 36], [34, 37, 32], [43, 41, 38], [44, 47, 42, 40], [45, 39], [46, 55], [48, 53, 50], [57, 49, 52], [59, 51, 54], [58, 56, 60]]
36: [[2, 35, 7], [13, 1, 3], [6, 21, 12], [4, 11], [5, 8], [14, 9, 10], [15, 29, 16], [18, 17, 19], [23, 28, 22], [26, 20, 27], [30, 25, 24], [31, 33, 36, 34], [37, 32, 43, 41], [38, 44, 47, 42], [40, 45, 39, 46], [55, 48, 53], [50, 57, 49, 52], [59, 51, 54], [58, 56, 60]]
37: [[2, 35, 7], [13, 1, 3, 6, 21], [12, 4, 11], [5, 8, 14, 9, 10, 15, 29], [16, 18, 17], [19, 23, 28], [22, 26, 20], [27, 30, 25], [24, 31, 33], [36, 34, 37], [32, 43], [41, 38, 44], [47, 42, 40], [45, 39, 46, 55], [48, 53], [50, 57, 49, 52, 59, 51, 54], [58, 56, 60]]
38: [[2, 35, 7], [13, 1, 3, 6, 21], [12, 4, 11, 5], [8, 14, 9], [10, 15, 29], [16, 18, 17, 19], [23, 28, 22], [26, 20, 27, 30, 25, 24, 31, 33, 36, 34, 37, 32, 43, 41, 38, 44, 47, 42, 40, 45, 39, 46, 55, 48, 53, 50, 57, 49, 52, 59, 51, 54, 58, 56, 60]]
39: [[2, 35, 7], [13, 1, 3], [6, 21, 12], [4, 11, 5], [8, 14, 9], [10, 15, 29], [16, 18], [17, 19, 23], [28, 22, 26], [20, 27], [30, 25, 24], [31, 33, 36, 34], [37, 32], [43, 41, 38], [44, 47, 42, 40], [45, 39, 46], [55, 48, 53], [50, 57, 49], [52, 59, 51], [54, 58, 56, 60]]
40: [[2, 35, 7, 13], [1, 3, 6, 21, 12], [4, 11, 5], [8, 14, 9, 10, 15, 29, 16, 18, 17, 19], [23, 28, 22, 26, 20], [27, 30], [25, 24], [31, 33, 36], [34, 37, 32], [43, 41, 38], [44, 47, 42, 40], [45, 39, 46], [55, 48, 53], [50, 57, 49], [52, 59, 51, 54, 58, 56, 60]]
41: [[2, 35, 7], [13, 1, 3, 6, 21, 12], [4, 11, 5], [8, 14, 9], [10, 15, 29], [16, 18, 17], [19, 23, 28], [22, 26, 20], [27, 30, 25], [24, 31, 33, 36], [34, 37, 32], [43, 41, 38], [44, 47, 42], [40, 45, 39, 46], [55, 48, 53], [50, 57, 49], [52, 59, 51], [54, 58, 56, 60]]
42: [[2, 35, 7], [13, 1, 3, 6, 21, 12], [4, 11, 5], [8, 14, 9], [10, 15, 29], [16, 18, 17], [19, 23, 28], [22, 26, 20], [27, 30, 25], [24, 31, 33, 36], [34, 37, 32], [43, 41, 38], [44, 47, 42], [40, 45, 39, 46], [55, 48, 53], [50, 57, 49], [52, 59, 51], [54, 58, 56, 60]]
43: [[2, 35, 7], [13, 1, 3], [6, 21, 12], [4, 11, 5], [8, 14, 9], [10, 15], [29, 16, 18], [17, 19, 23], [28, 22, 26], [20, 27, 30], [25, 24, 31, 33], [36, 34, 37], [32, 43, 41], [38, 44, 47, 42], [40, 45, 39], [46, 55, 48, 53], [50, 57, 49], [52, 59], [51, 54], [58, 56], [60]]
44: [[2, 35], [7, 13, 1], [3, 6, 21], [12, 4, 11], [5, 8, 14], [9, 10, 15], [29, 16, 18], [17, 19, 23], [28, 22, 26], [20, 27, 30], [25, 24, 31], [33, 36], [34, 37, 32], [43, 41, 38], [44, 47, 42, 40], [45, 39, 46], [55, 48, 53, 50], [57, 49, 52, 59], [51, 54, 58], [56, 60]]
45: [[2, 35, 7], [13, 1, 3], [6, 21, 12], [4, 11], [5, 8, 14, 9], [10, 15], [29, 16], [18, 17, 19], [23, 28], [22, 26, 20, 27, 30], [25, 24, 31], [33, 36], [34, 37, 32, 43], [41, 38, 44], [47, 42], [40, 45, 39, 46], [55, 48, 53, 50], [57, 49], [52, 59, 51], [54, 58, 56, 60]]
46: [[2, 35, 7], [13, 1, 3], [6, 21, 12], [4, 11, 5], [8, 14, 9], [10, 15], [29, 16, 18], [17, 19, 23], [28, 22, 26], [20, 27], [30, 25, 24, 31], [33, 36], [34, 37], [32, 43, 41], [38, 44, 47], [42, 40, 45, 39, 46], [55, 48, 53], [50, 57, 49], [52, 59, 51], [54, 58, 56, 60]]
47: [[2, 35], [7, 13, 1], [3, 6, 21], [12, 4, 11], [5, 8, 14], [9, 10, 15], [29, 16, 18], [17, 19, 23], [28, 22, 26, 20], [27, 30, 25], [24, 31, 33], [36, 34, 37], [32, 43, 41], [38, 44, 47], [42, 40, 45], [39, 46, 55], [48, 53, 50], [57, 49, 52], [59, 51, 54], [58, 56, 60]]
48: [[2, 35, 7], [13, 1, 3], [6, 21], [12, 4, 11], [5, 8, 14], [9, 10, 15], [29, 16, 18, 17], [19, 23, 28], [22, 26, 20], [27, 30, 25, 24], [31, 33, 36], [34, 37, 32], [43, 41, 38], [44, 47, 42, 40], [45, 39, 46], [55, 48, 53], [50, 57, 49], [52, 59, 51], [54, 58, 56], [60]]
49: [[2, 35, 7], [13, 1, 3], [6, 21, 12], [4, 11, 5], [8, 14, 9], [10, 15, 29], [16, 18, 17], [19, 23, 28], [22, 26, 20, 27], [30, 25, 24], [31, 33, 36], [34, 37, 32], [43, 41, 38], [44, 47, 42], [40, 45, 39, 46], [55, 48], [53, 50], [57, 49, 52], [59, 51, 54], [58, 56, 60]]
50: [[2, 35, 7], [13, 1, 3], [6, 21, 12], [4, 11, 5], [8, 14, 9], [10, 15, 29], [16, 18, 17], [19, 23, 28], [22, 26, 20], [27, 30], [25, 24, 31], [33, 36, 34, 37], [32, 43, 41, 38], [44, 47], [42, 40, 45], [39, 46, 55], [48, 53, 50], [57, 49], [52, 59, 51, 54], [58, 56, 60]]
51: [[2, 35, 7], [13, 1, 3, 6, 21], [12, 4, 11], [5, 8, 14, 9, 10, 15, 29, 16, 18, 17, 19, 23, 28], [22, 26], [20, 27, 30], [25, 24, 31], [33, 36, 34, 37], [32, 43], [41, 38, 44, 47, 42, 40, 45], [39, 46, 55, 48, 53, 50, 57, 49, 52, 59, 51, 54, 58, 56, 60]]
52: [[2, 35, 7], [13, 1, 3, 6], [21, 12], [4, 11, 5], [8, 14, 9], [10, 15, 29], [16, 18, 17], [19, 23], [28, 22, 26], [20, 27], [30, 25, 24, 31, 33], [36, 34, 37], [32, 43], [41, 38, 44], [47, 42], [40, 45, 39], [46, 55, 48, 53, 50], [57, 49, 52, 59], [51, 54], [58, 56, 60]]
53: [[2, 35, 7], [13, 1, 3, 6, 21], [12, 4, 11, 5, 8, 14, 9, 10, 15], [29, 16, 18, 17, 19, 23, 28, 22, 26, 20, 27, 30, 25, 24, 31, 33, 36, 34, 37, 32, 43, 41, 38, 44, 47, 42, 40, 45, 39, 46, 55, 48, 53, 50, 57, 49, 52, 59, 51, 54, 58, 56, 60]]
54: [[2, 35, 7], [13, 1, 3, 6, 21], [12, 4, 11], [5, 8, 14, 9, 10, 15, 29], [16, 18, 17, 19, 23, 28, 22, 26, 20, 27, 30, 25, 24, 31, 33, 36, 34, 37, 32, 43, 41, 38, 44, 47, 42, 40, 45, 39, 46, 55, 48, 53, 50, 57, 49, 52, 59, 51, 54, 58, 56], [60]]
55: [[2, 35, 7], [13, 1, 3], [6, 21], [12, 4, 11], [5, 8, 14, 9, 10], [15, 29, 16, 18, 17], [19, 23, 28, 22, 26], [20, 27, 30], [25, 24], [31, 33, 36, 34], [37, 32, 43], [41, 38, 44], [47, 42, 40, 45], [39, 46, 55, 48, 53, 50, 57, 49, 52, 59, 51, 54, 58, 56, 60]]
56: [[2, 35, 7], [13, 1], [3, 6, 21], [12, 4, 11], [5, 8, 14], [9, 10, 15], [29, 16, 18], [17, 19], [23, 28, 22], [26, 20, 27], [30, 25, 24], [31, 33, 36], [34, 37, 32, 43], [41, 38, 44], [47, 42, 40], [45, 39, 46, 55], [48, 53, 50, 57], [49, 52, 59, 51], [54, 58, 56, 60]]
57: [[2, 35, 7], [13, 1, 3], [6, 21], [12, 4, 11, 5], [8, 14, 9], [10, 15, 29, 16], [18, 17, 19, 23, 28, 22, 26, 20, 27, 30, 25, 24, 31, 33, 36, 34, 37, 32, 43, 41, 38, 44, 47, 42, 40, 45, 39], [46, 55, 48, 53, 50, 57, 49, 52, 59, 51, 54, 58, 56, 60]]
58: [[2, 35, 7], [13, 1, 3], [6, 21, 12], [4, 11, 5, 8], [14, 9, 10], [15, 29, 16], [18, 17, 19, 23], [28, 22], [26, 20, 27], [30, 25, 24], [31, 33, 36, 34], [37, 32, 43, 41], [38, 44, 47], [42, 40, 45], [39, 46, 55, 48], [53, 50], [57, 49, 52, 59, 51, 54, 58, 56, 60]]
59: [[2, 35, 7], [13, 1, 3], [6, 21, 12], [4, 11, 5], [8, 14, 9], [10, 15, 29], [16, 18, 17, 19], [23, 28], [22, 26, 20, 27], [30, 25, 24], [31, 33, 36], [34, 37], [32, 43, 41, 38], [44, 47, 42], [40, 45, 39], [46, 55, 48, 53], [50, 57, 49], [52, 59, 51], [54, 58, 56, 60]]
60: [[2, 35, 7], [13, 1, 3, 6, 21], [12, 4, 11, 5], [8, 14, 9], [10, 15, 29, 16, 18, 17, 19, 23, 28, 22, 26, 20, 27, 30, 25, 24, 31, 33, 36, 34, 37, 32, 43, 41, 38, 44, 47, 42, 40, 45, 39, 46, 55, 48, 53, 50, 57, 49, 52, 59, 51, 54, 58, 56, 60]]
61: [[2, 35, 7], [13, 1, 3, 6], [21, 12, 4], [11, 5, 8, 14, 9], [10, 15, 29, 16, 18], [17, 19], [23, 28, 22], [26, 20, 27], [30, 25, 24, 31], [33, 36, 34], [37, 32, 43], [41, 38, 44, 47], [42, 40], [45, 39, 46, 55, 48, 53, 50, 57, 49, 52, 59, 51, 54, 58, 56, 60]]
62: [[2, 35, 7], [13, 1, 3], [6, 21], [12, 4, 11], [5, 8, 14], [9, 10, 15, 29, 16, 18, 17, 19, 23, 28], [22, 26, 20, 27, 30], [25, 24], [31, 33, 36], [34, 37], [32, 43], [41, 38, 44], [47, 42, 40], [45, 39, 46, 55], [48, 53, 50, 57, 49, 52, 59, 51, 54, 58, 56, 60]]
63: [[2, 35, 7], [13, 1, 3, 6, 21, 12, 4, 11, 5, 8, 14], [9, 10, 15, 29, 16, 18, 17, 19, 23, 28, 22, 26, 20, 27, 30, 25, 24, 31, 33, 36, 34, 37, 32, 43, 41, 38, 44, 47, 42, 40, 45, 39, 46, 55, 48, 53, 50, 57, 49, 52, 59, 51, 54, 58, 56, 60]]
64: [[2, 35, 7], [13, 1, 3], [6, 21], [12, 4, 11, 5], [8, 14, 9, 10], [15, 29, 16], [18, 17], [19, 23], [28, 22, 26], [20, 27, 30], [25, 24], [31, 33, 36], [34, 37, 32, 43], [41, 38, 44], [47, 42, 40, 45], [39, 46, 55], [48, 53, 50, 57, 49, 52, 59, 51, 54, 58, 56, 60]]
65: [[2, 35, 7], [13, 1, 3, 6, 21], [12, 4, 11], [5, 8, 14], [9, 10, 15], [29, 16, 18], [17, 19], [23, 28], [22, 26, 20, 27, 30, 25, 24, 31, 33, 36, 34, 37, 32, 43, 41, 38, 44, 47, 42, 40, 45, 39, 46, 55, 48, 53, 50, 57, 49, 52, 59, 51, 54, 58, 56, 60]]
66: [[2, 35, 7], [13, 1, 3, 6, 21], [12, 4, 11], [5, 8, 14], [9, 10, 15], [29, 16, 18, 17], [19, 23, 28, 22, 26, 20, 27, 30, 25, 24, 31, 33, 36, 34, 37, 32, 43, 41, 38, 44, 47, 42, 40, 45, 39, 46, 55, 48, 53, 50, 57, 49, 52, 59, 51, 54, 58, 56, 60]]
67: [[2, 35, 7], [13, 1, 3, 6, 21], [12, 4], [11, 5, 8], [14, 9, 10], [15, 29, 16, 18, 17], [19, 23, 28], [22, 26, 20], [27, 30, 25], [24, 31, 33, 36, 34, 37, 32, 43, 41, 38, 44, 47, 42, 40, 45, 39], [46, 55, 48, 53, 50, 57, 49, 52, 59, 51, 54, 58, 56, 60]]
68: [[2, 35, 7], [13, 1, 3, 6, 21], [12, 4, 11], [5, 8, 14], [9, 10, 15], [29, 16, 18, 17], [19, 23, 28], [22, 26, 20, 27, 30, 25, 24, 31, 33, 36, 34, 37, 32, 43, 41, 38, 44, 47, 42, 40, 45, 39, 46, 55, 48, 53, 50, 57, 49, 52, 59, 51, 54, 58, 56, 60]]
69: [[2, 35, 7], [13, 1, 3], [6, 21, 12], [4, 11, 5], [8, 14, 9], [10, 15, 29], [16, 18, 17], [19, 23, 28, 22], [26, 20, 27], [30, 25, 24], [31, 33, 36], [34, 37, 32, 43], [41, 38, 44, 47], [42, 40, 45], [39, 46, 55, 48], [53, 50, 57], [49, 52, 59, 51], [54, 58, 56, 60]]
70: [[2, 35], [7, 13, 1, 3], [6, 21], [12, 4, 11, 5], [8, 14, 9], [10, 15, 29, 16, 18, 17], [19, 23], [28, 22], [26, 20, 27], [30, 25, 24], [31, 33, 36, 34], [37, 32], [43, 41, 38, 44, 47, 42, 40, 45, 39, 46, 55, 48, 53, 50, 57], [49, 52, 59, 51, 54, 58, 56, 60]]
71: [[2, 35, 7, 13], [1, 3, 6], [21, 12, 4], [11, 5, 8], [14, 9, 10], [15, 29, 16, 18, 17], [19, 23], [28, 22, 26], [20, 27, 30], [25, 24, 31, 33], [36, 34, 37], [32, 43, 41, 38], [44, 47, 42, 40], [45, 39, 46, 55], [48, 53, 50], [57, 49, 52, 59], [51, 54, 58], [56, 60]]
72: [[2, 35, 7], [13, 1], [3, 6, 21], [12, 4, 11], [5, 8], [14, 9, 10], [15, 29, 16], [18, 17, 19], [23, 28, 22], [26, 20, 27], [30, 25, 24], [31, 33, 36, 34], [37, 32, 43], [41, 38, 44, 47, 42, 40, 45, 39, 46, 55, 48, 53, 50, 57, 49, 52, 59, 51, 54, 58, 56, 60]]
73: [[2, 35, 7, 13], [1, 3, 6], [21, 12, 4], [11, 5, 8], [14, 9, 10], [15, 29, 16, 18, 17], [19, 23], [28, 22, 26], [20, 27, 30], [25, 24, 31, 33], [36, 34, 37], [32, 43, 41, 38], [44, 47, 42, 40], [45, 39, 46, 55], [48, 53, 50], [57, 49, 52, 59], [51, 54, 58], [56, 60]]
74: [[2, 35, 7], [13, 1], [3, 6, 21], [12, 4, 11], [5, 8], [14, 9, 10], [15, 29, 16], [18, 17], [19, 23, 28, 22], [26, 20, 27, 30, 25, 24, 31, 33, 36, 34, 37, 32, 43, 41, 38, 44, 47, 42, 40, 45, 39, 46, 55, 48, 53, 50, 57, 49, 52, 59, 51, 54, 58, 56, 60]]
75: [[2, 35, 7], [13, 1, 3, 6, 21, 12], [4, 11, 5], [8, 14, 9], [10, 15, 29, 16], [18, 17, 19], [23, 28], [22, 26, 20], [27, 30, 25], [24, 31, 33, 36], [34, 37, 32, 43, 41, 38, 44, 47, 42, 40, 45, 39, 46], [55, 48, 53, 50, 57, 49, 52, 59, 51, 54, 58, 56, 60]]
76: [[2, 35, 7], [13, 1, 3], [6, 21, 12], [4, 11], [5, 8, 14, 9], [10, 15, 29], [16, 18, 17, 19], [23, 28, 22, 26, 20, 27, 30, 25, 24, 31, 33, 36, 34, 37, 32, 43, 41, 38, 44, 47, 42, 40, 45, 39, 46, 55, 48], [53, 50, 57, 49, 52, 59, 51, 54, 58, 56, 60]]
77: [[2, 35, 7], [13, 1], [3, 6, 21], [12, 4], [11, 5, 8], [14, 9, 10], [15, 29, 16], [18, 17, 19], [23, 28, 22, 26], [20, 27, 30], [25, 24, 31, 33, 36], [34, 37, 32], [43, 41, 38, 44], [47, 42, 40, 45, 39, 46, 55, 48, 53, 50, 57, 49, 52, 59, 51, 54, 58, 56, 60]]
78: [[2, 35, 7], [13, 1, 3, 6, 21, 12, 4, 11, 5, 8, 14, 9, 10, 15, 29, 16], [18, 17, 19, 23, 28], [22, 26, 20], [27, 30], [25, 24, 31], [33, 36, 34, 37], [32, 43, 41, 38, 44, 47, 42, 40, 45, 39, 46, 55, 48, 53, 50, 57, 49, 52, 59, 51, 54, 58, 56, 60]]
79: [[2, 35, 7], [13, 1], [3, 6, 21], [12, 4, 11], [5, 8], [14, 9, 10, 15], [29, 16, 18, 17], [19, 23, 28], [22, 26, 20], [27, 30, 25], [24, 31], [33, 36], [34, 37, 32], [43, 41, 38], [44, 47, 42, 40], [45, 39], [46, 55, 48, 53, 50, 57, 49, 52, 59, 51, 54, 58, 56, 60]]
80: [[2, 35, 7], [13, 1], [3, 6], [21, 12], [4, 11, 5], [8, 14], [9, 10, 15, 29], [16, 18, 17, 19], [23, 28], [22, 26, 20], [27, 30, 25], [24, 31, 33, 36], [34, 37, 32], [43, 41, 38], [44, 47, 42], [40, 45, 39], [46, 55, 48], [53, 50, 57, 49], [52, 59, 51], [54, 58, 56, 60]]
81: [[2, 35, 7], [13, 1, 3], [6, 21, 12], [4, 11], [5, 8, 14], [9, 10], [15, 29, 16], [18, 17, 19], [23, 28, 22], [26, 20, 27], [30, 25, 24], [31, 33, 36], [34, 37, 32], [43, 41, 38, 44], [47, 42], [40, 45, 39, 46, 55, 48, 53, 50, 57, 49, 52, 59, 51, 54, 58, 56, 60]]
82: [[2, 35, 7], [13, 1, 3], [6, 21, 12], [4, 11, 5, 8, 14], [9, 10, 15], [29, 16, 18], [17, 19], [23, 28, 22], [26, 20, 27, 30, 25, 24, 31, 33, 36], [34, 37, 32, 43, 41, 38, 44, 47, 42, 40, 45, 39, 46, 55, 48, 53, 50, 57, 49, 52, 59, 51, 54, 58, 56, 60]]
83: [[2, 35, 7], [13, 1, 3], [6, 21, 12], [4, 11, 5], [8, 14, 9], [10, 15, 29], [16, 18, 17, 19, 23, 28, 22], [26, 20, 27, 30, 25], [24, 31, 33], [36, 34], [37, 32, 43], [41, 38, 44, 47], [42, 40, 45, 39, 46, 55, 48, 53, 50, 57, 49, 52, 59, 51, 54, 58, 56, 60]]
84: [[2, 35, 7], [13, 1, 3], [6, 21], [12, 4, 11], [5, 8], [14, 9, 10], [15, 29, 16], [18, 17], [19, 23, 28], [22, 26, 20], [27, 30, 25], [24, 31, 33, 36], [34, 37, 32, 43], [41, 38, 44], [47, 42, 40], [45, 39, 46, 55], [48, 53], [50, 57, 49, 52, 59, 51, 54, 58, 56, 60]]
85: [[2, 35, 7], [13, 1, 3], [6, 21, 12, 4], [11, 5, 8], [14, 9], [10, 15, 29, 16], [18, 17, 19], [23, 28, 22], [26, 20], [27, 30, 25, 24], [31, 33, 36, 34, 37, 32, 43, 41, 38, 44, 47, 42, 40, 45, 39, 46, 55, 48, 53, 50, 57, 49, 52, 59, 51, 54, 58, 56, 60]]
86: [[2, 35], [7, 13, 1], [3, 6, 21, 12], [4, 11, 5, 8], [14, 9, 10], [15, 29, 16], [18, 17, 19], [23, 28, 22, 26], [20, 27, 30, 25], [24, 31, 33], [36, 34, 37, 32], [43, 41, 38], [44, 47, 42], [40, 45, 39], [46, 55, 48], [53, 50, 57, 49, 52, 59, 51, 54, 58, 56, 60]]
87: [[2, 35, 7], [13, 1], [3, 6, 21, 12, 4, 11, 5], [8, 14], [9, 10, 15, 29, 16, 18, 17, 19, 23, 28, 22, 26, 20, 27, 30, 25, 24, 31, 33, 36, 34, 37, 32, 43, 41, 38, 44, 47, 42, 40, 45, 39, 46, 55, 48, 53, 50, 57, 49, 52, 59, 51, 54, 58, 56, 60]]
88: [[2, 35, 7], [13, 1, 3], [6, 21, 12], [4, 11, 5, 8], [14, 9, 10, 15], [29, 16, 18], [17, 19, 23], [28, 22, 26], [20, 27, 30], [25, 24, 31, 33], [36, 34, 37], [32, 43, 41], [38, 44, 47], [42, 40, 45], [39, 46, 55, 48], [53, 50, 57], [49, 52, 59, 51], [54, 58, 56, 60]]
89: [[2, 35, 7], [13, 1, 3], [6, 21, 12, 4], [11, 5, 8], [14, 9, 10], [15, 29, 16], [18, 17, 19, 23], [28, 22, 26], [20, 27, 30], [25, 24, 31], [33, 36, 34], [37, 32, 43], [41, 38, 44, 47, 42, 40, 45, 39, 46, 55, 48, 53, 50, 57, 49, 52, 59, 51, 54, 58, 56, 60]]
90: [[2, 35, 7], [13, 1, 3], [6, 21, 12, 4], [11, 5, 8], [14, 9, 10, 15, 29, 16, 18, 17, 19, 23, 28, 22, 26, 20, 27, 30, 25, 24, 31, 33, 36, 34, 37, 32, 43, 41, 38, 44, 47, 42, 40, 45, 39, 46, 55, 48, 53, 50, 57, 49, 52, 59, 51, 54, 58, 56, 60]]
91: [[2, 35, 7], [13, 1, 3], [6, 21, 12], [4, 11, 5, 8], [14, 9, 10, 15, 29, 16, 18, 17, 19, 23, 28, 22, 26, 20, 27, 30, 25, 24, 31, 33, 36, 34, 37, 32, 43, 41, 38], [44, 47, 42, 40, 45, 39, 46, 55, 48, 53, 50, 57, 49, 52, 59, 51, 54, 58, 56, 60]]
92: [[2, 35, 7], [13, 1, 3], [6, 21], [12, 4, 11], [5, 8, 14], [9, 10, 15], [29, 16, 18, 17], [19, 23], [28, 22], [26, 20, 27], [30, 25, 24], [31, 33, 36], [34, 37], [32, 43, 41, 38], [44, 47, 42, 40], [45, 39, 46, 55], [48, 53, 50, 57], [49, 52, 59], [51, 54, 58], [56, 60]]
93: [[2, 35], [7, 13, 1, 3, 6, 21, 12, 4, 11, 5, 8, 14, 9, 10, 15, 29, 16, 18, 17, 19, 23, 28, 22, 26, 20, 27, 30, 25, 24], [31, 33, 36, 34, 37, 32, 43, 41, 38, 44, 47, 42, 40, 45, 39, 46, 55, 48, 53, 50, 57, 49, 52, 59, 51, 54, 58, 56, 60]]
94: [[2, 35, 7], [13, 1, 3, 6, 21, 12], [4, 11, 5], [8, 14, 9], [10, 15, 29, 16], [18, 17, 19], [23, 28], [22, 26, 20], [27, 30, 25], [24, 31, 33], [36, 34, 37, 32], [43, 41, 38], [44, 47, 42], [40, 45, 39], [46, 55, 48], [53, 50, 57], [49, 52, 59, 51, 54, 58, 56, 60]]
95: [[2, 35, 7], [13, 1, 3], [6, 21, 12], [4, 11], [5, 8, 14], [9, 10, 15, 29], [16, 18, 17, 19, 23, 28, 22, 26, 20, 27, 30, 25, 24, 31, 33, 36, 34, 37, 32, 43, 41, 38, 44, 47, 42, 40, 45, 39, 46, 55, 48, 53, 50, 57, 49, 52, 59, 51, 54, 58, 56, 60]]
96: [[2, 35, 7], [13, 1, 3], [6, 21, 12], [4, 11, 5], [8, 14, 9], [10, 15], [29, 16, 18], [17, 19, 23], [28, 22, 26], [20, 27, 30], [25, 24, 31], [33, 36, 34], [37, 32, 43], [41, 38, 44], [47, 42, 40], [45, 39, 46], [55, 48, 53], [50, 57], [49, 52, 59], [51, 54, 58], [56, 60]]
97: [[2, 35, 7], [13, 1, 3], [6, 21, 12], [4, 11, 5, 8], [14, 9, 10], [15, 29, 16], [18, 17, 19], [23, 28, 22], [26, 20, 27], [30, 25, 24], [31, 33, 36, 34, 37, 32, 43, 41, 38], [44, 47, 42, 40, 45, 39, 46, 55, 48, 53, 50, 57, 49, 52, 59, 51, 54, 58, 56, 60]]
98: [[2, 35, 7], [13, 1], [3, 6], [21, 12, 4], [11, 5, 8], [14, 9, 10], [15, 29, 16], [18, 17, 19], [23, 28, 22], [26, 20, 27], [30, 25, 24, 31], [33, 36, 34, 37], [32, 43], [41, 38, 44, 47], [42, 40, 45, 39, 46, 55], [48, 53, 50, 57, 49, 52, 59, 51, 54, 58, 56, 60]]
99: [[2, 35, 7], [13, 1, 3], [6, 21, 12], [4, 11, 5], [8, 14, 9], [10, 15], [29, 16, 18], [17, 19, 23], [28, 22, 26], [20, 27, 30], [25, 24, 31, 33], [36, 34, 37], [32, 43, 41], [38, 44, 47], [42, 40], [45, 39], [46, 55, 48], [53, 50, 57], [49, 52, 59], [51, 54, 58, 56, 60]]
100: [[2, 35, 7], [13, 1, 3], [6, 21, 12], [4, 11, 5], [8, 14, 9, 10], [15, 29, 16], [18, 17, 19, 23], [28, 22, 26], [20, 27, 30], [25, 24, 31], [33, 36, 34], [37, 32, 43], [41, 38, 44, 47, 42, 40, 45, 39, 46, 55, 48, 53, 50, 57, 49, 52, 59, 51, 54, 58, 56, 60]]
101: [[2, 35, 7], [13, 1, 3], [6, 21, 12], [4, 11, 5], [8, 14, 9], [10, 15, 29], [16, 18], [17, 19, 23], [28, 22, 26], [20, 27, 30], [25, 24, 31], [33, 36, 34], [37, 32, 43], [41, 38], [44, 47, 42], [40, 45, 39, 46, 55], [48, 53, 50, 57], [49, 52], [59, 51, 54, 58, 56, 60]]
102: [[2, 35, 7], [13, 1], [3, 6, 21], [12, 4, 11], [5, 8, 14], [9, 10, 15, 29], [16, 18, 17], [19, 23, 28], [22, 26, 20], [27, 30, 25, 24, 31, 33, 36, 34, 37, 32, 43, 41, 38, 44, 47, 42, 40, 45, 39, 46, 55, 48, 53, 50, 57, 49, 52, 59, 51, 54, 58, 56, 60]]
103: [[2, 35, 7], [13, 1], [3, 6, 21], [12, 4], [11, 5, 8, 14], [9, 10], [15, 29, 16, 18], [17, 19, 23], [28, 22, 26, 20, 27, 30], [25, 24], [31, 33], [36, 34, 37], [32, 43, 41], [38, 44, 47, 42], [40, 45], [39, 46, 55, 48, 53, 50, 57, 49, 52, 59, 51, 54, 58, 56, 60]]
104: [[2, 35, 7], [13, 1, 3], [6, 21, 12], [4, 11], [5, 8, 14], [9, 10, 15], [29, 16, 18], [17, 19, 23], [28, 22, 26], [20, 27, 30], [25, 24, 31], [33, 36, 34], [37, 32, 43], [41, 38], [44, 47], [42, 40, 45], [39, 46], [55, 48, 53], [50, 57], [49, 52, 59], [51, 54], [58, 56, 60]]
105: [[2, 35, 7, 13, 1], [3, 6, 21, 12], [4, 11, 5], [8, 14, 9, 10], [15, 29, 16], [18, 17, 19], [23, 28, 22], [26, 20, 27, 30], [25, 24, 31], [33, 36, 34, 37], [32, 43, 41], [38, 44, 47, 42, 40, 45, 39, 46, 55, 48, 53, 50, 57, 49, 52, 59, 51, 54, 58, 56, 60]]
106: [[2, 35, 7], [13, 1, 3], [6, 21, 12], [4, 11, 5], [8, 14, 9], [10, 15], [29, 16, 18], [17, 19, 23], [28, 22, 26], [20, 27, 30, 25], [24, 31, 33, 36], [34, 37, 32], [43, 41, 38], [44, 47, 42], [40, 45, 39], [46, 55], [48, 53, 50, 57], [49, 52, 59], [51, 54, 58, 56, 60]]
107: [[2, 35, 7, 13], [1, 3, 6, 21, 12], [4, 11, 5], [8, 14], [9, 10, 15, 29, 16, 18, 17, 19, 23, 28, 22, 26, 20, 27, 30, 25, 24, 31, 33, 36, 34, 37, 32, 43, 41, 38, 44, 47, 42, 40, 45, 39, 46, 55, 48, 53, 50, 57, 49, 52, 59, 51, 54, 58, 56, 60]]
108: [[2, 35, 7], [13, 1, 3, 6], [21, 12, 4, 11, 5, 8], [14, 9, 10], [15, 29, 16, 18, 17, 19], [23, 28, 22, 26, 20, 27, 30], [25, 24, 31, 33, 36, 34, 37, 32], [43, 41, 38, 44, 47, 42, 40, 45, 39], [46, 55, 48, 53, 50, 57, 49, 52, 59, 51, 54, 58, 56, 60]]
109: [[2, 35, 7], [13, 1, 3], [6, 21, 12], [4, 11, 5], [8, 14, 9], [10, 15, 29], [16, 18, 17], [19, 23, 28], [22, 26], [20, 27, 30], [25, 24, 31], [33, 36, 34], [37, 32, 43], [41, 38], [44, 47], [42, 40], [45, 39, 46], [55, 48, 53], [50, 57], [49, 52, 59, 51], [54, 58, 56, 60]]
110: [[2, 35, 7], [13, 1, 3], [6, 21, 12, 4], [11, 5, 8], [14, 9, 10], [15, 29, 16], [18, 17, 19, 23], [28, 22, 26, 20, 27, 30, 25, 24, 31, 33, 36, 34, 37, 32, 43, 41, 38, 44, 47, 42, 40, 45, 39, 46, 55, 48, 53, 50, 57, 49, 52, 59, 51, 54, 58, 56, 60]]
111: [[2, 35, 7], [13, 1, 3], [6, 21], [12, 4, 11], [5, 8, 14], [9, 10], [15, 29], [16, 18, 17], [19, 23, 28], [22, 26, 20, 27], [30, 25, 24, 31, 33, 36, 34, 37, 32, 43, 41, 38, 44, 47, 42], [40, 45, 39, 46, 55, 48, 53, 50, 57, 49, 52, 59, 51, 54, 58, 56, 60]]
112: [[2, 35, 7], [13, 1, 3], [6, 21, 12, 4], [11, 5, 8, 14], [9, 10, 15], [29, 16, 18], [17, 19, 23, 28], [22, 26, 20], [27, 30, 25], [24, 31, 33], [36, 34, 37, 32], [43, 41, 38], [44, 47, 42], [40, 45, 39], [46, 55, 48], [53, 50, 57], [49, 52, 59, 51, 54, 58, 56, 60]]
113: [[2, 35, 7], [13, 1, 3], [6, 21, 12], [4, 11], [5, 8, 14, 9], [10, 15, 29], [16, 18, 17], [19, 23, 28], [22, 26, 20], [27, 30, 25, 24], [31, 33, 36, 34, 37, 32, 43, 41, 38, 44, 47, 42, 40, 45, 39, 46, 55, 48, 53, 50, 57, 49, 52, 59, 51, 54, 58, 56, 60]]
114: [[2, 35, 7], [13, 1, 3], [6, 21, 12], [4, 11, 5], [8, 14, 9], [10, 15], [29, 16, 18], [17, 19], [23, 28], [22, 26, 20], [27, 30], [25, 24, 31], [33, 36, 34, 37], [32, 43, 41, 38, 44, 47, 42, 40], [45, 39, 46, 55, 48, 53, 50, 57, 49, 52, 59, 51, 54, 58, 56, 60]]
115: [[2, 35, 7], [13, 1, 3, 6], [21, 12, 4], [11, 5, 8], [14, 9, 10, 15], [29, 16, 18, 17, 19, 23, 28, 22, 26, 20, 27, 30, 25, 24, 31, 33, 36, 34, 37, 32, 43, 41, 38, 44, 47, 42, 40, 45, 39, 46, 55, 48, 53, 50, 57, 49, 52, 59, 51, 54, 58, 56, 60]]
116: [[2, 35, 7], [13, 1], [3, 6], [21, 12, 4], [11, 5, 8], [14, 9, 10], [15, 29, 16], [18, 17, 19], [23, 28, 22], [26, 20, 27], [30, 25], [24, 31], [33, 36], [34, 37, 32], [43, 41, 38], [44, 47, 42], [40, 45], [39, 46, 55], [48, 53], [50, 57], [49, 52, 59], [51, 54, 58], [56, 60]]
117: [[2, 35, 7, 13], [1, 3, 6], [21, 12, 4, 11], [5, 8, 14, 9, 10, 15, 29, 16, 18, 17, 19, 23, 28, 22, 26, 20, 27, 30, 25, 24, 31, 33, 36, 34, 37, 32, 43, 41, 38, 44, 47, 42, 40, 45, 39, 46, 55, 48, 53, 50, 57, 49, 52, 59, 51, 54, 58, 56, 60]]
118: [[2, 35], [7, 13], [1, 3, 6], [21, 12, 4], [11, 5, 8], [14, 9, 10], [15, 29], [16, 18, 17, 19], [23, 28, 22], [26, 20, 27], [30, 25, 24], [31, 33, 36], [34, 37, 32], [43, 41, 38, 44], [47, 42, 40], [45, 39], [46, 55, 48], [53, 50, 57], [49, 52, 59], [51, 54, 58], [56, 60]]
119: [[2, 35, 7, 13], [1, 3, 6], [21, 12, 4], [11, 5, 8], [14, 9, 10], [15, 29, 16, 18, 17], [19, 23], [28, 22, 26], [20, 27, 30, 25, 24, 31], [33, 36, 34, 37, 32, 43, 41, 38, 44, 47, 42, 40, 45, 39, 46, 55, 48, 53, 50, 57, 49, 52, 59, 51, 54, 58, 56, 60]]
