0: [[5, 42, 85, 45, 38, 63], [16, 24, 31, 83], [3], [9], [28, 62, 43, 55], [25, 57, 13, 86, 2, 1, 71, 29], [72, 64, 52], [39, 74, 20], [36, 51, 19, 59], [22, 50, 77, 81, 12], [6, 35, 82], [37, 26, 79, 7], [4, 8, 75, 32], [17, 44, 47, 11, 46], [14, 56, 15, 41, 80], [34, 21, 10], [30, 18, 65, 69, 33], [54, 49, 40, 53, 58], [27, 66, 76], [87, 78, 23, 60], [48, 67, 73, 84, 68, 61], [70], [88]]
1: [[5, 42, 85, 45, 38, 63], [16, 24, 31, 83], [3, 9, 28, 62, 43], [55, 25, 57], [13, 86, 2, 1], [71, 29, 72, 64, 52], [39, 74, 20, 36, 51], [19, 59, 22, 50], [77, 81, 12, 6, 35], [82, 37, 26, 79, 7], [4, 8, 75, 32, 17], [44, 47, 11, 46], [14, 56, 15, 41, 80], [34, 21, 10, 30, 18], [65, 69, 33, 54], [49, 40, 53, 58, 27, 66, 76, 87, 78, 23, 60], [48, 67, 73], [84, 68, 61], [70, 88]]
2: [[5, 42, 85], [45, 38, 63], [16, 24, 31, 83], [3], [9, 28], [62, 43, 55], [25, 57, 13, 86], [2, 1, 71, 29], [72, 64, 52], [39, 74, 20], [36, 51], [19, 59, 22, 50], [77, 81, 12, 6, 35], [82, 37, 26, 79, 7], [4, 8, 75, 32, 17], [44, 47, 11, 46], [14, 56, 15, 41, 80], [34, 21, 10, 30, 18], [65, 69, 33], [54, 49, 40, 53], [58, 27, 66, 76, 87], [78, 23, 60], [48, 67, 73], [84, 68, 61, 70, 88]]
3: [[5, 42, 85, 45, 38, 63], [16, 24, 31, 83], [3], [9], [28, 62, 43, 55], [25, 57, 13, 86, 2, 1, 71, 29], [72, 64, 52], [39, 74, 20], [36, 51, 19, 59], [22, 50, 77], [81, 12], [6, 35, 82, 37], [26, 79, 7], [4, 8, 75], [32], [17, 44, 47, 11], [46, 14, 56, 15], [41, 80, 34, 21, 10], [30, 18, 65, 69, 33], [54, 49, 40, 53], [58, 27, 66, 76], [87], [78], [23, 60], [48, 67, 73, 84, 68, 61, 70, 88]]
4: [[5, 42, 85, 45, 38], [63, 16, 24, 31, 83, 3, 9, 28, 62, 43, 55, 25], [57, 13, 86, 2, 1], [71, 29, 72, 64], [52, 39, 74, 20], [36, 51, 19], [59, 22, 50, 77], [81, 12, 6, 35], [82, 37, 26, 79], [7, 4, 8, 75, 32], [17, 44, 47, 11], [46, 14, 56, 15, 41], [80, 34, 21, 10, 30], [18, 65, 69], [33, 54, 49, 40, 53], [58, 27, 66, 76, 87], [78, 23, 60, 48], [67, 73], [84, 68, 61, 70, 88]]
5: [[5, 42, 85, 45, 38], [63, 16, 24, 31, 83], [3, 9, 28, 62, 43], [55, 25, 57, 13, 86], [2, 1, 71, 29, 72], [64, 52], [39, 74, 20, 36, 51], [19, 59, 22, 50, 77], [81, 12, 6], [35, 82], [37, 26], [79, 7, 4, 8, 75, 32, 17, 44, 47, 11, 46], [14, 56, 15, 41], [80, 34, 21], [10, 30, 18, 65, 69], [33], [54, 49, 40], [53, 58, 27], [66, 76, 87, 78], [23, 60, 48], [67], [73], [84, 68, 61, 70, 88]]
6: [[5, 42, 85, 45, 38], [63, 16, 24, 31, 83, 3, 9, 28, 62, 43, 55, 25, 57], [13, 86, 2, 1, 71], [29, 72, 64, 52], [39, 74, 20, 36], [51, 19, 59, 22, 50], [77, 81, 12, 6, 35], [82, 37, 26, 79, 7], [4, 8, 75], [32, 17, 44, 47, 11], [46, 14, 56], [15, 41, 80], [34, 21, 10, 30, 18], [65, 69, 33], [54, 49, 40, 53, 58, 27, 66, 76, 87, 78, 23, 60, 48, 67, 73, 84, 68, 61, 70, 88]]
7: [[5, 42, 85], [45], [38, 63, 16, 24], [31, 83, 3], [9], [28, 62, 43], [55, 25, 57, 13], [86], [2], [1], [71, 29, 72, 64], [52, 39, 74, 20, 36], [51, 19, 59], [22, 50, 77], [81, 12, 6, 35], [82, 37, 26, 79, 7], [4, 8, 75, 32], [17, 44, 47, 11], [46, 14, 56, 15, 41], [80, 34, 21, 10, 30], [18, 65, 69], [33, 54, 49, 40, 53], [58, 27, 66, 76, 87], [78, 23, 60, 48], [67, 73], [84, 68, 61, 70, 88]]
8: [[5, 42, 85, 45, 38], [63, 16, 24, 31, 83], [3, 9, 28, 62, 43], [55, 25, 57, 13, 86], [2, 1, 71, 29, 72], [64, 52], [39, 74, 20, 36, 51], [19, 59, 22, 50, 77], [81, 12, 6], [35, 82], [37, 26], [79, 7, 4, 8, 75, 32, 17, 44, 47, 11, 46], [14, 56, 15, 41], [80, 34, 21], [10, 30, 18, 65, 69], [33, 54, 49, 40], [53, 58, 27, 66], [76, 87, 78, 23, 60, 48, 67, 73, 84, 68, 61, 70, 88]]
9: [[5, 42], [85, 45, 38], [63, 16, 24, 31, 83, 3], [9, 28, 62, 43, 55], [25, 57, 13, 86], [2, 1, 71], [29, 72, 64, 52], [39, 74, 20, 36, 51], [19, 59, 22, 50, 77], [81, 12, 6, 35, 82], [37, 26, 79, 7, 4], [8, 75, 32, 17, 44], [47, 11, 46, 14, 56], [15, 41], [80, 34, 21, 10, 30, 18, 65, 69, 33, 54, 49], [40, 53, 58, 27, 66], [76, 87, 78, 23, 60, 48, 67, 73, 84, 68, 61, 70, 88]]
10: [[5, 42, 85, 45, 38, 63], [16, 24, 31, 83], [3, 9, 28, 62, 43, 55], [25, 57, 13], [86, 2, 1, 71, 29], [72, 64, 52, 39, 74], [20, 36], [51, 19, 59, 22, 50], [77, 81, 12, 6, 35], [82, 37, 26, 79, 7], [4, 8, 75, 32, 17, 44], [47], [11, 46, 14, 56], [15, 41, 80, 34, 21], [10, 30, 18, 65], [69, 33, 54, 49, 40], [53, 58], [27, 66, 76, 87, 78], [23, 60, 48], [67], [73], [84, 68, 61, 70, 88]]
11: [[5, 42, 85, 45, 38], [63, 16, 24, 31, 83], [3, 9, 28], [62, 43, 55, 25], [57, 13, 86], [2, 1, 71], [29, 72, 64, 52, 39], [74, 20, 36], [51, 19, 59, 22, 50], [77, 81, 12, 6], [35, 82, 37], [26, 79, 7], [4, 8, 75, 32, 17], [44], [47, 11, 46], [14, 56, 15, 41], [80, 34, 21], [10, 30, 18, 65, 69], [33, 54, 49, 40, 53], [58, 27, 66, 76], [87, 78, 23, 60, 48], [67, 73, 84], [68, 61, 70], [88]]
12: [[5, 42, 85, 45, 38], [63, 16, 24], [31, 83, 3], [9, 28, 62, 43], [55, 25, 57, 13, 86], [2, 1, 71, 29, 72], [64, 52, 39, 74, 20], [36, 51, 19], [59, 22, 50], [77, 81, 12, 6, 35], [82, 37, 26, 79, 7], [4, 8, 75], [32, 17, 44, 47, 11], [46], [14, 56, 15, 41, 80, 34], [21, 10, 30, 18, 65, 69, 33, 54, 49, 40, 53, 58], [27, 66, 76, 87, 78, 23, 60, 48, 67, 73, 84, 68, 61, 70, 88]]
13: [[5, 42, 85, 45, 38], [63, 16, 24, 31, 83], [3, 9, 28], [62, 43, 55, 25, 57], [13, 86, 2, 1, 71], [29, 72], [64, 52, 39, 74, 20], [36, 51, 19, 59, 22], [50, 77, 81], [12, 6, 35, 82, 37], [26, 79, 7], [4, 8, 75], [32, 17, 44, 47, 11], [46, 14, 56, 15, 41], [80, 34, 21, 10, 30], [18, 65, 69], [33, 54, 49, 40, 53], [58, 27, 66, 76, 87], [78, 23, 60, 48, 67, 73], [84, 68, 61, 70, 88]]
14: [[5, 42, 85, 45], [38, 63], [16, 24, 31], [83, 3, 9, 28], [62, 43, 55], [25, 57, 13, 86], [2], [1], [71, 29, 72, 64], [52, 39, 74, 20, 36], [51, 19, 59], [22, 50, 77], [81, 12, 6, 35, 82], [37, 26, 79, 7, 4], [8, 75, 32, 17, 44], [47, 11, 46], [14, 56, 15, 41, 80], [34, 21, 10, 30, 18], [65, 69, 33, 54, 49, 40], [53, 58, 27, 66, 76], [87, 78, 23, 60, 48, 67, 73, 84, 68], [61, 70, 88]]
15: [[5, 42, 85, 45, 38, 63], [16, 24, 31, 83, 3], [9, 28, 62, 43, 55], [25, 57, 13], [86, 2, 1, 71, 29], [72, 64, 52], [39, 74, 20, 36, 51], [19, 59, 22, 50], [77, 81, 12, 6, 35], [82, 37, 26, 79, 7], [4, 8, 75, 32, 17], [44, 47, 11, 46, 14], [56, 15, 41, 80, 34], [21, 10, 30, 18, 65], [69, 33, 54], [49, 40, 53, 58], [27, 66, 76, 87, 78], [23, 60, 48, 67, 73], [84, 68, 61, 70], [88]]
16: [[5, 42, 85, 45, 38, 63], [16, 24, 31, 83, 3], [9, 28, 62, 43, 55], [25, 57, 13], [86, 2, 1, 71, 29], [72, 64, 52], [39, 74, 20, 36, 51], [19, 59, 22, 50], [77, 81, 12, 6, 35], [82, 37, 26, 79, 7], [4, 8, 75, 32, 17], [44, 47, 11, 46, 14], [56, 15, 41, 80, 34], [21, 10, 30, 18, 65], [69, 33, 54], [49, 40, 53, 58], [27, 66, 76, 87, 78], [23, 60, 48, 67, 73], [84, 68, 61, 70], [88]]
17: [[5, 42, 85, 45, 38], [63, 16, 24], [31, 83, 3, 9, 28], [62, 43, 55, 25, 57], [13, 86, 2, 1, 71], [29, 72], [64, 52, 39, 74, 20], [36, 51, 19, 59, 22], [50, 77, 81, 12, 6], [35, 82], [37, 26, 79, 7], [4, 8, 75, 32], [17, 44, 47], [11, 46, 14, 56], [15, 41, 80], [34], [21], [10, 30, 18, 65, 69, 33, 54, 49, 40, 53], [58, 27, 66, 76, 87, 78, 23, 60, 48, 67, 73, 84, 68, 61, 70, 88]]
18: [[5, 42, 85, 45, 38], [63, 16, 24, 31, 83], [3, 9, 28], [62, 43, 55, 25], [57, 13, 86, 2, 1], [71, 29, 72], [64, 52, 39, 74], [20, 36, 51], [19, 59, 22, 50, 77], [81, 12, 6, 35, 82], [37, 26], [79, 7, 4, 8, 75], [32, 17, 44, 47, 11], [46, 14, 56, 15, 41], [80, 34, 21, 10, 30], [18], [65, 69, 33, 54], [49, 40, 53, 58, 27], [66, 76, 87, 78], [23, 60, 48, 67, 73], [84], [68, 61, 70, 88]]
19: [[5, 42], [85, 45, 38, 63], [16, 24, 31], [83, 3, 9], [28, 62, 43, 55], [25, 57, 13], [86, 2, 1, 71], [29, 72, 64, 52, 39], [74, 20, 36, 51, 19], [59, 22, 50], [77, 81, 12, 6, 35], [82, 37, 26, 79, 7], [4, 8, 75, 32], [17, 44], [47, 11, 46, 14, 56], [15, 41, 80, 34, 21], [10, 30, 18, 65, 69], [33, 54, 49, 40, 53], [58, 27, 66, 76, 87], [78, 23, 60, 48, 67, 73, 84, 68, 61, 70, 88]]
20: [[5, 42, 85, 45, 38, 63], [16, 24, 31, 83], [3, 9, 28, 62], [43, 55, 25, 57, 13, 86, 2, 1], [71, 29, 72], [64, 52, 39, 74], [20, 36, 51, 19, 59], [22, 50, 77, 81, 12], [6, 35, 82, 37], [26, 79, 7, 4], [8, 75, 32, 17], [44, 47, 11, 46], [14, 56], [15, 41, 80, 34], [21, 10, 30, 18, 65, 69, 33, 54, 49, 40, 53, 58, 27, 66], [76, 87, 78, 23, 60], [48, 67, 73, 84, 68, 61, 70, 88]]
21: [[5, 42, 85, 45], [38, 63, 16], [24, 31, 83, 3], [9, 28, 62, 43, 55], [25, 57, 13, 86], [2, 1, 71, 29, 72], [64, 52, 39, 74], [20, 36, 51, 19], [59, 22, 50, 77], [81, 12, 6, 35], [82, 37, 26, 79], [7, 4, 8, 75, 32], [17, 44, 47, 11, 46], [14, 56, 15, 41, 80], [34, 21, 10, 30, 18], [65, 69, 33, 54, 49], [40, 53, 58], [27, 66, 76], [87, 78, 23, 60, 48], [67, 73, 84, 68, 61], [70, 88]]
22: [[5, 42, 85, 45, 38], [63, 16, 24, 31], [83], [3], [9, 28, 62, 43], [55, 25, 57, 13], [86, 2, 1, 71], [29, 72], [64, 52, 39, 74], [20, 36], [51, 19, 59, 22], [50, 77, 81], [12, 6, 35, 82], [37, 26, 79, 7, 4], [8, 75, 32, 17, 44], [47, 11, 46], [14, 56, 15, 41, 80], [34, 21, 10, 30], [18, 65, 69], [33, 54, 49, 40, 53], [58, 27, 66], [76, 87, 78, 23, 60], [48, 67, 73], [84, 68, 61, 70, 88]]
23: [[5, 42], [85, 45, 38, 63], [16, 24, 31, 83], [3], [9, 28, 62, 43], [55, 25, 57, 13], [86], [2, 1], [71, 29, 72], [64, 52, 39, 74], [20, 36, 51, 19], [59, 22, 50, 77], [81, 12, 6, 35], [82, 37, 26, 79, 7], [4, 8, 75], [32, 17, 44, 47, 11], [46, 14, 56, 15, 41], [80, 34, 21], [10, 30, 18, 65], [69], [33], [54], [49], [40, 53, 58, 27], [66, 76, 87, 78], [23, 60, 48, 67], [73, 84], [68, 61, 70, 88]]
24: [[5, 42, 85, 45], [38, 63, 16, 24], [31, 83, 3], [9, 28], [62, 43, 55], [25], [57, 13, 86], [2, 1, 71, 29], [72, 64, 52, 39], [74], [20, 36, 51], [19, 59], [22, 50, 77, 81], [12, 6, 35, 82], [37, 26, 79], [7, 4, 8, 75], [32, 17], [44, 47, 11, 46], [14, 56, 15, 41], [80, 34, 21], [10, 30, 18], [65, 69, 33], [54, 49, 40, 53, 58], [27, 66, 76], [87, 78, 23, 60], [48, 67, 73, 84, 68, 61, 70, 88]]
25: [[5, 42], [85, 45], [38, 63, 16, 24], [31, 83], [3, 9, 28], [62, 43, 55], [25, 57, 13, 86, 2], [1, 71, 29], [72, 64, 52, 39], [74, 20, 36, 51, 19], [59, 22, 50, 77, 81], [12, 6, 35], [82, 37, 26], [79, 7, 4, 8, 75], [32, 17, 44, 47, 11], [46, 14, 56, 15, 41], [80, 34, 21], [10, 30, 18, 65, 69], [33, 54, 49, 40, 53], [58, 27, 66, 76, 87, 78], [23, 60, 48, 67, 73], [84, 68, 61, 70, 88]]
26: [[5, 42, 85], [45, 38, 63, 16], [24, 31, 83, 3], [9, 28, 62, 43], [55, 25, 57], [13, 86, 2], [1, 71, 29, 72], [64, 52], [39, 74, 20, 36, 51], [19, 59, 22, 50, 77], [81, 12, 6, 35, 82], [37, 26, 79, 7, 4], [8, 75, 32, 17, 44, 47, 11, 46, 14], [56, 15, 41, 80], [34, 21, 10, 30, 18, 65, 69, 33, 54, 49, 40], [53, 58, 27, 66, 76, 87, 78, 23, 60, 48, 67, 73, 84, 68, 61, 70, 88]]
27: [[5, 42, 85, 45], [38, 63, 16], [24, 31, 83, 3], [9, 28, 62, 43], [55, 25, 57], [13, 86, 2, 1], [71, 29, 72], [64, 52], [39, 74, 20], [36, 51, 19, 59], [22, 50, 77], [81, 12, 6], [35, 82, 37], [26, 79, 7], [4, 8, 75, 32], [17, 44, 47, 11], [46, 14, 56, 15, 41], [80, 34, 21, 10, 30, 18, 65, 69, 33, 54, 49, 40, 53, 58, 27], [66, 76, 87, 78, 23, 60, 48, 67, 73, 84, 68, 61, 70, 88]]
28: [[5, 42, 85, 45, 38, 63], [16, 24, 31, 83], [3], [9], [28, 62, 43, 55, 25, 57, 13, 86, 2, 1, 71, 29, 72, 64, 52, 39, 74], [20], [36, 51], [19, 59], [22, 50, 77, 81, 12, 6, 35], [82, 37, 26, 79, 7], [4, 8, 75, 32, 17, 44, 47, 11, 46, 14, 56, 15, 41, 80, 34, 21, 10, 30, 18, 65, 69, 33, 54, 49, 40, 53, 58, 27, 66, 76, 87, 78, 23, 60, 48, 67, 73, 84, 68, 61, 70, 88]]
29: [[5, 42, 85, 45], [38, 63, 16, 24, 31], [83, 3, 9, 28, 62], [43, 55, 25], [57, 13, 86, 2], [1], [71, 29, 72, 64, 52], [39, 74, 20], [36, 51, 19, 59], [22, 50, 77], [81, 12, 6, 35, 82], [37, 26, 79, 7, 4], [8, 75], [32], [17], [44, 47, 11, 46], [14, 56, 15, 41, 80], [34, 21, 10, 30], [18, 65, 69, 33, 54], [49, 40], [53, 58], [27, 66, 76, 87, 78], [23, 60, 48, 67], [73], [84, 68, 61, 70, 88]]
30: [[5, 42, 85, 45], [38, 63, 16, 24], [31, 83], [3, 9, 28, 62], [43, 55, 25, 57, 13], [86, 2, 1, 71, 29], [72, 64, 52, 39, 74], [20, 36, 51, 19, 59], [22, 50, 77, 81, 12], [6, 35, 82], [37, 26, 79, 7, 4], [8, 75, 32, 17], [44, 47, 11, 46, 14], [56, 15, 41], [80, 34, 21, 10, 30, 18, 65, 69, 33, 54, 49, 40, 53, 58, 27, 66, 76], [87, 78, 23, 60, 48, 67, 73, 84], [68, 61, 70, 88]]
31: [[5, 42, 85], [45, 38], [63, 16, 24, 31], [83, 3, 9, 28], [62, 43, 55], [25, 57, 13], [86, 2, 1, 71], [29, 72], [64, 52, 39], [74, 20, 36], [51, 19, 59], [22, 50, 77, 81], [12, 6, 35], [82, 37, 26], [79, 7, 4], [8, 75, 32, 17], [44], [47, 11, 46], [14, 56, 15, 41], [80, 34, 21, 10], [30, 18, 65], [69, 33], [54, 49, 40, 53, 58], [27, 66, 76, 87, 78], [23, 60, 48, 67, 73], [84, 68, 61, 70, 88]]
32: [[5, 42, 85], [45, 38, 63, 16], [24, 31, 83, 3], [9, 28, 62, 43], [55, 25, 57], [13, 86, 2, 1], [71, 29], [72, 64, 52, 39, 74], [20], [36], [51, 19, 59, 22], [50, 77, 81], [12, 6, 35, 82], [37, 26, 79, 7, 4], [8, 75, 32, 17, 44], [47, 11], [46, 14, 56, 15, 41], [80, 34, 21, 10, 30], [18, 65, 69, 33, 54], [49, 40, 53, 58, 27, 66, 76, 87, 78, 23, 60, 48, 67, 73, 84, 68, 61, 70, 88]]
33: [[5, 42], [85, 45, 38, 63], [16, 24], [31, 83, 3, 9], [28, 62, 43, 55], [25, 57, 13], [86, 2, 1, 71], [29, 72, 64, 52, 39], [74, 20, 36], [51, 19, 59], [22, 50, 77, 81, 12], [6, 35, 82], [37, 26, 79, 7, 4], [8, 75], [32, 17, 44, 47, 11], [46, 14, 56, 15], [41, 80], [34, 21, 10, 30, 18], [65, 69, 33, 54], [49, 40, 53, 58], [27, 66, 76, 87, 78, 23, 60, 48, 67, 73, 84, 68, 61, 70, 88]]
34: [[5, 42], [85, 45, 38, 63], [16, 24, 31], [83, 3, 9], [28, 62, 43, 55], [25, 57, 13], [86, 2, 1, 71], [29, 72, 64, 52], [39, 74], [20, 36, 51, 19, 59], [22, 50, 77, 81, 12], [6, 35, 82], [37, 26, 79, 7], [4, 8, 75, 32, 17], [44, 47, 11, 46, 14], [56, 15, 41], [80, 34], [21, 10], [30, 18, 65, 69, 33, 54, 49, 40], [53, 58, 27, 66, 76, 87, 78, 23, 60, 48, 67, 73, 84, 68, 61, 70, 88]]
35: [[5, 42, 85, 45, 38, 63], [16, 24, 31], [83, 3, 9, 28], [62, 43, 55, 25], [57, 13, 86, 2], [1, 71, 29], [72, 64], [52, 39, 74, 20, 36], [51, 19, 59, 22], [50, 77, 81, 12, 6], [35, 82, 37, 26], [79, 7, 4, 8], [75, 32], [17, 44, 47, 11, 46], [14, 56, 15, 41, 80], [34, 21, 10, 30, 18], [65, 69, 33, 54, 49], [40, 53, 58, 27, 66, 76], [87, 78, 23, 60, 48], [67, 73, 84, 68, 61, 70, 88]]
36: [[5, 42, 85, 45, 38], [63, 16, 24, 31, 83], [3, 9, 28, 62, 43], [55, 25, 57, 13, 86], [2, 1, 71, 29, 72], [64, 52], [39, 74, 20, 36, 51], [19, 59, 22, 50, 77], [81, 12, 6], [35, 82], [37, 26, 79, 7], [4, 8, 75, 32], [17, 44, 47], [11, 46, 14, 56], [15, 41, 80, 34], [21, 10], [30, 18, 65], [69, 33, 54, 49], [40, 53, 58, 27, 66], [76, 87], [78, 23, 60, 48, 67], [73, 84, 68, 61, 70, 88]]
37: [[5, 42, 85, 45, 38], [63, 16], [24, 31, 83, 3], [9, 28, 62], [43, 55, 25, 57], [13], [86, 2, 1, 71, 29], [72, 64, 52], [39, 74, 20, 36], [51, 19, 59, 22, 50], [77, 81], [12, 6, 35, 82, 37], [26, 79, 7, 4, 8], [75, 32, 17], [44, 47], [11, 46], [14, 56, 15, 41], [80, 34, 21], [10, 30, 18, 65, 69], [33], [54, 49, 40], [53, 58, 27], [66, 76, 87, 78], [23, 60, 48], [67], [73], [84, 68, 61, 70, 88]]
38: [[5, 42, 85, 45], [38, 63, 16], [24, 31, 83, 3], [9, 28, 62, 43], [55, 25, 57], [13, 86, 2, 1], [71, 29, 72], [64, 52], [39, 74, 20], [36, 51, 19, 59], [22, 50, 77], [81, 12, 6], [35, 82, 37], [26, 79, 7], [4, 8, 75, 32], [17, 44, 47, 11], [46, 14, 56, 15, 41], [80, 34, 21], [10, 30, 18, 65, 69], [33], [54, 49, 40, 53, 58, 27, 66, 76, 87, 78, 23, 60, 48, 67, 73, 84, 68], [61, 70, 88]]
39: [[5, 42, 85], [45, 38, 63, 16], [24, 31, 83, 3], [9, 28, 62, 43, 55], [25, 57, 13], [86, 2, 1, 71], [29, 72, 64], [52, 39], [74, 20, 36, 51], [19, 59, 22, 50, 77], [81, 12, 6], [35, 82, 37, 26, 79], [7, 4, 8, 75, 32], [17], [44, 47, 11, 46], [14, 56, 15, 41, 80], [34, 21], [10, 30, 18, 65, 69], [33], [54, 49, 40], [53, 58, 27], [66, 76, 87, 78], [23, 60, 48], [67], [73], [84, 68, 61, 70, 88]]
40: [[5, 42, 85], [45, 38, 63], [16, 24, 31, 83], [3, 9, 28], [62, 43], [55, 25, 57], [13, 86, 2, 1], [71, 29], [72, 64], [52, 39, 74, 20], [36, 51, 19, 59], [22, 50, 77, 81], [12, 6, 35, 82], [37, 26, 79], [7, 4, 8], [75, 32, 17, 44], [47, 11, 46, 14], [56, 15, 41, 80], [34, 21, 10], [30, 18, 65, 69, 33], [54, 49, 40, 53], [58, 27, 66, 76, 87], [78, 23, 60], [48], [67, 73, 84], [68, 61, 70, 88]]
41: [[5, 42, 85, 45], [38], [63], [16, 24, 31, 83], [3, 9, 28, 62], [43, 55, 25], [57, 13, 86, 2], [1, 71, 29, 72], [64, 52, 39, 74], [20, 36, 51, 19], [59, 22, 50, 77, 81], [12, 6, 35], [82, 37, 26, 79, 7], [4, 8, 75, 32], [17, 44, 47, 11], [46, 14, 56, 15, 41], [80, 34, 21, 10], [30, 18, 65], [69, 33, 54, 49], [40, 53], [58, 27, 66, 76], [87, 78, 23, 60, 48], [67, 73, 84, 68], [61, 70, 88]]
42: [[5, 42, 85], [45, 38], [63, 16, 24, 31], [83, 3, 9], [28], [62, 43, 55], [25, 57, 13, 86], [2, 1, 71], [29, 72, 64, 52, 39], [74, 20, 36, 51], [19, 59, 22, 50, 77], [81], [12, 6, 35], [82, 37, 26, 79, 7], [4, 8, 75], [32, 17, 44, 47], [11, 46, 14, 56, 15], [41, 80, 34, 21, 10], [30, 18, 65], [69, 33], [54, 49], [40, 53, 58, 27, 66, 76, 87, 78], [23, 60, 48, 67, 73, 84, 68, 61, 70, 88]]
43: [[5, 42, 85, 45], [38, 63, 16], [24, 31], [83, 3, 9, 28, 62], [43, 55, 25, 57, 13], [86, 2, 1], [71, 29, 72, 64, 52], [39, 74], [20, 36, 51, 19, 59], [22, 50, 77, 81, 12], [6, 35, 82, 37, 26], [79, 7, 4, 8, 75], [32], [17, 44, 47, 11], [46, 14, 56, 15], [41, 80, 34, 21, 10], [30, 18, 65, 69, 33], [54, 49, 40, 53], [58, 27, 66, 76, 87], [78, 23, 60, 48, 67], [73, 84, 68, 61, 70], [88]]
44: [[5, 42, 85, 45], [38, 63, 16, 24], [31, 83, 3], [9, 28], [62, 43, 55], [25], [57, 13, 86], [2, 1, 71, 29], [72, 64, 52, 39], [74], [20, 36, 51], [19, 59], [22, 50, 77, 81], [12, 6, 35, 82], [37, 26, 79], [7, 4, 8], [75, 32, 17], [44, 47, 11], [46, 14, 56, 15, 41], [80, 34, 21, 10, 30], [18, 65, 69, 33, 54], [49, 40, 53, 58], [27, 66, 76, 87, 78], [23, 60, 48, 67], [73, 84, 68, 61], [70, 88]]
45: [[5, 42], [85, 45, 38], [63, 16], [24, 31], [83, 3, 9, 28], [62, 43, 55, 25], [57], [13, 86, 2, 1], [71, 29, 72], [64, 52, 39, 74], [20, 36, 51], [19], [59], [22, 50, 77, 81], [12, 6, 35, 82], [37, 26, 79, 7], [4, 8, 75, 32, 17], [44, 47, 11, 46, 14], [56, 15, 41], [80, 34, 21, 10], [30, 18], [65, 69, 33, 54, 49], [40, 53], [58, 27, 66, 76], [87, 78, 23, 60, 48], [67, 73, 84, 68], [61, 70, 88]]
46: [[5, 42, 85, 45], [38, 63, 16], [24, 31, 83, 3], [9, 28, 62, 43], [55, 25, 57, 13], [86, 2, 1, 71], [29, 72, 64, 52], [39, 74, 20, 36, 51], [19, 59, 22], [50, 77, 81], [12, 6, 35, 82], [37, 26, 79, 7, 4], [8, 75, 32, 17], [44, 47, 11, 46], [14, 56, 15, 41, 80], [34, 21, 10, 30], [18, 65], [69, 33, 54, 49], [40, 53], [58, 27, 66, 76], [87, 78, 23, 60, 48], [67, 73, 84, 68], [61, 70, 88]]
47: [[5, 42, 85], [45, 38, 63], [16, 24, 31, 83], [3, 9, 28], [62, 43, 55, 25], [57, 13, 86, 2, 1], [71, 29, 72, 64, 52], [39, 74, 20, 36, 51], [19], [59, 22, 50, 77, 81], [12, 6, 35, 82], [37, 26, 79], [7, 4, 8, 75, 32], [17, 44, 47, 11, 46], [14, 56, 15], [41, 80, 34, 21], [10, 30, 18, 65, 69], [33, 54, 49, 40, 53], [58, 27, 66, 76], [87, 78, 23, 60, 48], [67, 73], [84, 68, 61, 70, 88]]
48: [[5, 42], [85, 45, 38, 63], [16, 24, 31], [83, 3, 9], [28, 62, 43, 55], [25, 57, 13], [86, 2, 1, 71], [29, 72, 64, 52], [39, 74], [20, 36, 51, 19, 59], [22, 50, 77, 81, 12], [6, 35, 82, 37, 26], [79, 7, 4], [8, 75, 32, 17, 44], [47, 11, 46, 14, 56], [15], [41, 80, 34, 21], [10, 30, 18, 65], [69, 33], [54, 49, 40, 53, 58], [27, 66, 76, 87], [78, 23, 60, 48], [67, 73, 84, 68, 61, 70, 88]]
49: [[5, 42, 85, 45, 38, 63], [16, 24, 31, 83], [3, 9, 28, 62], [43, 55, 25, 57, 13], [86, 2, 1], [71], [29], [72, 64, 52, 39, 74, 20, 36, 51, 19, 59, 22, 50, 77, 81, 12, 6, 35, 82, 37, 26, 79, 7, 4, 8, 75, 32, 17, 44, 47, 11, 46, 14], [56, 15, 41, 80, 34, 21, 10, 30, 18, 65, 69, 33], [54, 49, 40, 53, 58, 27, 66, 76], [87, 78, 23, 60, 48, 67, 73, 84, 68, 61, 70, 88]]
50: [[5, 42, 85], [45, 38, 63, 16], [24, 31, 83, 3], [9, 28, 62, 43], [55, 25, 57, 13], [86, 2, 1, 71], [29, 72, 64, 52, 39], [74, 20, 36, 51, 19], [59, 22, 50, 77, 81], [12, 6, 35], [82, 37, 26, 79], [7, 4, 8, 75, 32], [17, 44, 47, 11, 46], [14, 56, 15, 41, 80], [34, 21, 10, 30], [18, 65, 69, 33, 54], [49, 40, 53, 58, 27], [66, 76, 87], [78, 23, 60, 48, 67], [73, 84, 68, 61, 70], [88]]
51: [[5, 42], [85, 45, 38, 63], [16, 24], [31, 83, 3, 9], [28, 62, 43, 55], [25, 57, 13], [86, 2, 1, 71], [29, 72], [64, 52, 39, 74], [20, 36, 51, 19, 59], [22, 50, 77], [81, 12], [6, 35, 82, 37, 26], [79, 7, 4], [8, 75, 32], [17, 44, 47, 11, 46], [14, 56, 15, 41, 80], [34, 21, 10, 30, 18], [65, 69, 33, 54, 49], [40, 53, 58, 27, 66], [76, 87, 78, 23], [60, 48, 67, 73], [84, 68, 61], [70, 88]]
52: [[5, 42, 85, 45, 38, 63, 16, 24, 31, 83, 3, 9, 28, 62, 43, 55, 25], [57, 13, 86, 2, 1], [71, 29, 72, 64, 52], [39, 74, 20], [36, 51, 19, 59, 22], [50, 77, 81, 12, 6], [35, 82], [37, 26, 79, 7], [4, 8, 75, 32], [17, 44, 47, 11, 46], [14, 56, 15], [41, 80, 34], [21, 10, 30, 18, 65], [69, 33, 54, 49, 40], [53, 58, 27, 66, 76], [87, 78], [23, 60, 48, 67, 73], [84, 68, 61, 70, 88]]
53: [[5, 42, 85, 45], [38, 63, 16], [24, 31, 83, 3], [9, 28, 62, 43], [55, 25, 57, 13], [86, 2, 1, 71], [29, 72, 64], [52, 39, 74, 20], [36], [51], [19, 59, 22, 50], [77, 81, 12], [6, 35, 82, 37], [26, 79], [7, 4, 8, 75, 32], [17, 44, 47, 11, 46], [14, 56, 15, 41], [80, 34, 21, 10, 30], [18, 65, 69, 33, 54], [49, 40, 53, 58, 27], [66, 76, 87], [78, 23, 60, 48, 67], [73, 84, 68, 61, 70], [88]]
54: [[5, 42, 85, 45], [38, 63, 16], [24, 31, 83, 3], [9, 28, 62, 43], [55, 25, 57, 13], [86, 2, 1, 71], [29, 72, 64], [52, 39, 74, 20], [36], [51], [19, 59, 22, 50], [77, 81, 12], [6, 35, 82, 37], [26, 79], [7, 4, 8, 75, 32], [17, 44, 47, 11, 46], [14, 56, 15, 41], [80, 34, 21, 10, 30], [18, 65, 69, 33, 54], [49, 40, 53, 58, 27], [66, 76, 87], [78, 23, 60, 48, 67], [73, 84, 68, 61, 70], [88]]
55: [[5, 42, 85, 45, 38], [63, 16, 24, 31, 83], [3, 9, 28, 62, 43], [55, 25, 57, 13, 86], [2, 1, 71, 29, 72], [64, 52], [39, 74, 20, 36, 51], [19, 59, 22, 50, 77], [81, 12, 6], [35, 82], [37, 26, 79, 7], [4, 8, 75, 32, 17], [44, 47, 11, 46], [14], [56, 15, 41, 80, 34, 21, 10, 30, 18, 65, 69, 33, 54, 49, 40, 53, 58, 27, 66, 76, 87, 78, 23, 60, 48, 67, 73, 84, 68, 61, 70, 88]]
56: [[5, 42, 85, 45], [38, 63, 16], [24, 31, 83, 3], [9, 28, 62, 43], [55, 25, 57, 13], [86, 2, 1, 71], [29, 72, 64, 52], [39, 74, 20, 36, 51], [19, 59, 22], [50, 77, 81], [12, 6, 35, 82], [37, 26, 79, 7, 4], [8, 75, 32, 17, 44], [47, 11, 46], [14, 56, 15, 41], [80, 34, 21, 10, 30, 18], [65], [69], [33, 54, 49, 40, 53, 58, 27, 66, 76, 87, 78, 23, 60, 48, 67, 73, 84, 68, 61, 70, 88]]
57: [[5, 42, 85, 45], [38, 63, 16], [24, 31, 83, 3], [9, 28, 62], [43, 55, 25, 57], [13, 86, 2, 1, 71], [29, 72, 64], [52, 39, 74, 20], [36, 51, 19, 59], [22, 50, 77, 81, 12], [6, 35, 82, 37, 26], [79, 7, 4], [8, 75, 32, 17, 44], [47, 11, 46, 14, 56], [15, 41, 80], [34, 21, 10, 30], [18, 65, 69, 33, 54, 49], [40], [53], [58, 27, 66, 76, 87, 78, 23, 60, 48, 67, 73, 84, 68, 61, 70, 88]]
58: [[5, 42, 85, 45, 38, 63], [16, 24, 31, 83], [3, 9, 28, 62, 43], [55, 25, 57], [13], [86], [2, 1, 71, 29], [72, 64, 52, 39, 74, 20, 36, 51], [19, 59, 22], [50, 77, 81], [12, 6, 35, 82], [37, 26, 79, 7, 4], [8, 75, 32, 17], [44, 47, 11, 46], [14, 56, 15], [41, 80, 34, 21], [10, 30, 18], [65, 69, 33, 54, 49], [40], [53, 58, 27], [66, 76, 87], [78, 23, 60, 48], [67, 73, 84], [68], [61], [70, 88]]
59: [[5, 42, 85], [45, 38, 63, 16], [24, 31, 83, 3], [9, 28, 62, 43], [55, 25, 57], [13, 86, 2, 1], [71, 29, 72], [64, 52, 39, 74, 20], [36, 51, 19], [59, 22, 50, 77], [81, 12, 6, 35, 82], [37, 26, 79, 7, 4], [8, 75, 32], [17, 44, 47, 11, 46], [14, 56, 15], [41, 80, 34, 21], [10, 30, 18, 65], [69, 33, 54, 49, 40, 53, 58, 27, 66, 76, 87, 78, 23, 60, 48, 67, 73, 84, 68, 61, 70, 88]]
60: [[5, 42, 85], [45, 38, 63, 16], [24, 31, 83, 3, 9], [28, 62, 43], [55, 25, 57, 13], [86, 2, 1, 71], [29, 72], [64, 52, 39, 74], [20, 36], [51, 19, 59, 22], [50, 77, 81], [12, 6, 35, 82], [37, 26, 79, 7, 4], [8, 75, 32, 17, 44], [47, 11, 46], [14, 56, 15, 41, 80], [34, 21, 10, 30], [18, 65, 69], [33, 54, 49, 40, 53], [58, 27, 66], [76, 87, 78, 23, 60], [48, 67, 73], [84, 68, 61, 70, 88]]
61: [[5, 42, 85], [45, 38, 63, 16, 24], [31, 83, 3, 9, 28], [62, 43, 55, 25], [57, 13, 86, 2, 1], [71, 29, 72, 64, 52], [39, 74, 20, 36, 51], [19, 59, 22, 50, 77], [81, 12, 6], [35, 82, 37, 26, 79], [7, 4, 8, 75, 32], [17, 44, 47, 11, 46], [14, 56, 15], [41, 80, 34, 21], [10, 30, 18, 65], [69, 33], [54, 49, 40], [53, 58, 27, 66, 76], [87, 78, 23, 60, 48], [67, 73], [84, 68, 61, 70, 88]]
62: [[5, 42, 85], [45, 38, 63, 16], [24, 31, 83, 3], [9, 28, 62, 43], [55, 25, 57], [13, 86, 2, 1], [71, 29, 72], [64, 52, 39, 74, 20], [36, 51, 19], [59, 22, 50, 77], [81, 12, 6, 35, 82], [37, 26, 79, 7, 4], [8, 75, 32], [17, 44, 47, 11, 46], [14, 56, 15], [41, 80, 34, 21], [10, 30, 18, 65], [69, 33, 54, 49, 40, 53, 58, 27, 66, 76, 87, 78, 23, 60, 48, 67, 73, 84, 68, 61, 70, 88]]
63: [[5, 42], [85, 45], [38, 63], [16, 24, 31, 83], [3, 9, 28], [62, 43, 55, 25, 57], [13, 86, 2, 1], [71, 29, 72, 64], [52, 39, 74, 20, 36], [51, 19, 59], [22, 50, 77], [81, 12, 6, 35], [82, 37, 26, 79, 7], [4, 8, 75, 32, 17], [44, 47, 11], [46, 14, 56], [15, 41, 80, 34], [21, 10, 30, 18, 65], [69, 33, 54, 49, 40], [53, 58, 27, 66, 76], [87, 78], [23, 60, 48, 67, 73], [84, 68, 61, 70, 88]]
64: [[5, 42, 85, 45, 38], [63, 16], [24, 31, 83, 3, 9], [28, 62, 43], [55, 25, 57, 13, 86], [2, 1], [71, 29], [72, 64, 52, 39, 74, 20, 36, 51, 19, 59, 22], [50, 77, 81, 12], [6, 35, 82], [37, 26, 79, 7, 4], [8], [75, 32, 17], [44, 47, 11], [46, 14, 56, 15], [41, 80, 34], [21], [10], [30, 18, 65, 69, 33], [54, 49, 40, 53, 58, 27, 66, 76, 87, 78, 23, 60, 48, 67, 73, 84, 68, 61, 70, 88]]
65: [[5, 42], [85, 45], [38, 63], [16, 24, 31, 83], [3, 9, 28], [62, 43, 55, 25, 57], [13, 86, 2, 1], [71, 29, 72, 64], [52, 39, 74, 20, 36], [51, 19, 59], [22, 50, 77], [81, 12, 6, 35], [82, 37, 26, 79, 7], [4, 8, 75, 32, 17], [44, 47, 11], [46, 14, 56], [15, 41, 80, 34], [21, 10, 30, 18, 65], [69, 33, 54, 49, 40], [53, 58, 27, 66, 76], [87, 78], [23, 60, 48, 67, 73], [84, 68, 61, 70, 88]]
66: [[5, 42, 85], [45, 38, 63, 16], [24, 31, 83, 3], [9, 28, 62, 43], [55, 25, 57], [13, 86, 2], [1, 71], [29, 72, 64], [52, 39, 74, 20], [36, 51, 19], [59], [22, 50, 77, 81], [12, 6], [35, 82], [37, 26, 79, 7, 4], [8, 75, 32, 17, 44], [47, 11], [46, 14, 56, 15], [41, 80, 34, 21, 10], [30, 18, 65], [69, 33, 54, 49, 40], [53], [58, 27, 66], [76, 87, 78], [23, 60, 48, 67, 73], [84, 68, 61], [70], [88]]
67: [[5, 42, 85, 45, 38, 63], [16, 24, 31, 83], [3, 9, 28, 62, 43, 55], [25, 57, 13], [86, 2, 1, 71, 29], [72, 64, 52, 39, 74], [20, 36], [51, 19, 59, 22, 50], [77, 81, 12, 6, 35], [82, 37, 26, 79, 7], [4, 8, 75, 32, 17], [44], [47, 11, 46, 14], [56, 15, 41, 80, 34, 21, 10, 30, 18, 65, 69, 33, 54, 49, 40, 53, 58, 27, 66, 76, 87, 78, 23, 60, 48, 67, 73, 84, 68, 61, 70, 88]]
68: [[5, 42], [85, 45, 38, 63], [16, 24, 31], [83, 3, 9], [28, 62, 43, 55], [25, 57, 13, 86], [2, 1, 71, 29], [72, 64, 52], [39, 74], [20, 36, 51, 19], [59, 22, 50, 77], [81, 12, 6], [35, 82, 37], [26, 79, 7, 4], [8], [75, 32, 17, 44, 47], [11, 46, 14, 56, 15], [41, 80, 34, 21], [10, 30, 18, 65, 69], [33, 54, 49, 40], [53, 58], [27, 66, 76, 87, 78], [23, 60, 48, 67], [73], [84, 68, 61, 70, 88]]
69: [[5, 42, 85], [45, 38, 63], [16, 24], [31, 83, 3, 9, 28], [62, 43, 55, 25, 57], [13, 86, 2, 1, 71], [29, 72, 64], [52, 39, 74], [20, 36, 51], [19, 59, 22, 50], [77, 81, 12], [6, 35, 82, 37], [26, 79, 7, 4], [8, 75, 32, 17], [44, 47, 11, 46], [14, 56, 15, 41, 80], [34, 21, 10, 30, 18], [65, 69, 33, 54], [49, 40, 53, 58, 27], [66, 76, 87, 78, 23], [60, 48, 67], [73, 84, 68, 61, 70], [88]]
70: [[5], [42, 85, 45, 38], [63, 16, 24, 31], [83, 3, 9], [28, 62, 43, 55], [25, 57, 13], [86, 2, 1], [71, 29, 72, 64], [52, 39, 74], [20, 36, 51, 19], [59, 22, 50], [77, 81, 12], [6, 35, 82, 37, 26], [79, 7, 4, 8, 75], [32, 17, 44, 47], [11, 46, 14, 56], [15, 41, 80], [34, 21, 10, 30], [18, 65, 69], [33, 54, 49, 40, 53], [58], [27, 66, 76], [87, 78, 23], [60, 48, 67, 73], [84, 68, 61], [70], [88]]
71: [[5, 42, 85], [45, 38, 63, 16], [24, 31, 83, 3], [9, 28, 62, 43], [55, 25, 57, 13], [86, 2, 1, 71], [29, 72, 64, 52], [39], [74], [20, 36, 51, 19], [59, 22, 50], [77, 81, 12, 6], [35, 82], [37, 26, 79, 7], [4, 8, 75, 32], [17, 44], [47, 11, 46, 14], [56, 15, 41], [80, 34, 21, 10], [30], [18, 65, 69, 33], [54, 49, 40], [53, 58, 27, 66, 76], [87, 78, 23, 60], [48, 67, 73, 84], [68], [61], [70, 88]]
72: [[5, 42, 85, 45], [38], [63], [16, 24, 31, 83, 3], [9, 28, 62], [43, 55, 25], [57, 13, 86, 2], [1, 71, 29], [72, 64, 52, 39], [74, 20], [36, 51, 19], [59, 22, 50], [77, 81, 12, 6], [35, 82, 37, 26], [79, 7, 4, 8], [75, 32, 17, 44], [47, 11, 46], [14, 56, 15, 41], [80, 34, 21, 10], [30, 18, 65, 69, 33], [54, 49, 40, 53, 58], [27, 66, 76, 87, 78], [23, 60, 48, 67, 73], [84, 68, 61, 70, 88]]
73: [[5, 42, 85, 45, 38], [63, 16, 24, 31, 83], [3, 9, 28, 62], [43, 55, 25], [57, 13, 86, 2], [1], [71, 29, 72, 64, 52], [39, 74, 20], [36, 51, 19, 59], [22, 50, 77], [81, 12, 6, 35, 82], [37, 26, 79], [7], [4], [8, 75, 32, 17, 44, 47, 11, 46, 14], [56, 15, 41, 80, 34, 21, 10, 30, 18, 65, 69, 33], [54, 49, 40, 53, 58, 27, 66, 76], [87, 78, 23, 60, 48, 67, 73, 84, 68, 61, 70, 88]]
74: [[5, 42, 85, 45], [38, 63, 16], [24, 31, 83, 3], [9], [28, 62, 43, 55, 25], [57, 13, 86], [2, 1, 71, 29], [72, 64, 52], [39, 74, 20, 36, 51], [19, 59, 22, 50, 77], [81, 12, 6], [35, 82], [37], [26, 79, 7, 4], [8, 75, 32, 17], [44, 47, 11, 46, 14], [56, 15, 41], [80, 34, 21, 10, 30], [18, 65, 69, 33, 54], [49, 40], [53, 58, 27, 66, 76], [87, 78], [23, 60, 48, 67, 73], [84, 68, 61, 70, 88]]
75: [[5, 42], [85, 45, 38], [63, 16, 24, 31, 83], [3, 9, 28, 62, 43], [55, 25, 57, 13], [86, 2, 1], [71, 29, 72, 64], [52, 39, 74, 20, 36], [51, 19, 59, 22, 50], [77, 81, 12, 6, 35], [82, 37, 26, 79, 7], [4, 8, 75, 32, 17], [44, 47, 11, 46, 14], [56, 15], [41, 80, 34, 21, 10], [30, 18, 65, 69, 33], [54, 49, 40, 53, 58, 27, 66, 76, 87, 78, 23, 60, 48, 67, 73, 84, 68, 61, 70, 88]]
76: [[5, 42, 85, 45], [38, 63, 16], [24, 31, 83], [3, 9, 28], [62, 43], [55, 25, 57, 13], [86, 2, 1, 71], [29, 72, 64], [52, 39, 74, 20], [36, 51, 19, 59], [22, 50, 77], [81, 12], [6, 35, 82, 37, 26], [79, 7, 4], [8, 75, 32], [17, 44, 47, 11, 46], [14, 56, 15, 41, 80], [34, 21, 10, 30, 18], [65, 69, 33, 54, 49], [40, 53, 58, 27, 66], [76, 87, 78, 23], [60, 48, 67, 73], [84, 68, 61], [70, 88]]
77: [[5, 42, 85, 45], [38, 63, 16, 24], [31, 83, 3, 9], [28, 62, 43, 55], [25, 57, 13, 86], [2, 1, 71], [29, 72, 64, 52], [39, 74, 20, 36, 51], [19, 59, 22, 50, 77], [81, 12, 6, 35, 82], [37, 26, 79], [7, 4, 8, 75, 32], [17, 44, 47, 11, 46], [14, 56, 15], [41, 80, 34, 21], [10, 30, 18, 65, 69], [33, 54, 49], [40], [53], [58, 27], [66, 76], [87, 78, 23, 60, 48, 67, 73], [84, 68, 61, 70, 88]]
78: [[5, 42], [85, 45, 38], [63, 16, 24, 31], [83, 3, 9, 28, 62], [43, 55, 25, 57, 13], [86, 2, 1, 71, 29], [72, 64, 52, 39], [74, 20, 36, 51, 19], [59, 22, 50, 77, 81], [12], [6, 35, 82], [37, 26, 79, 7, 4], [8, 75, 32, 17, 44], [47, 11, 46, 14], [56, 15, 41, 80, 34], [21], [10, 30, 18, 65], [69, 33, 54, 49], [40, 53], [58, 27, 66, 76, 87], [78, 23, 60, 48], [67, 73, 84, 68], [61, 70, 88]]
79: [[5, 42, 85, 45], [38, 63, 16, 24], [31, 83, 3, 9], [28, 62, 43, 55], [25, 57, 13, 86], [2, 1, 71], [29, 72, 64, 52], [39, 74, 20, 36, 51], [19, 59, 22, 50, 77], [81, 12, 6, 35, 82], [37, 26, 79], [7, 4, 8, 75, 32], [17, 44, 47, 11, 46], [14, 56, 15], [41, 80, 34, 21], [10, 30, 18, 65, 69], [33, 54, 49], [40], [53, 58, 27, 66, 76, 87, 78, 23, 60, 48, 67, 73, 84, 68, 61, 70, 88]]
80: [[5, 42, 85, 45], [38, 63, 16, 24], [31, 83, 3, 9, 28], [62, 43], [55], [25, 57, 13, 86], [2, 1, 71, 29, 72], [64, 52, 39, 74, 20, 36, 51, 19, 59, 22, 50, 77, 81], [12, 6, 35, 82, 37], [26, 79, 7, 4, 8], [75, 32, 17], [44, 47, 11, 46], [14, 56, 15, 41, 80], [34, 21, 10], [30, 18, 65, 69, 33, 54, 49, 40, 53, 58, 27, 66, 76, 87, 78, 23, 60], [48, 67, 73, 84, 68, 61, 70, 88]]
81: [[5, 42, 85], [45, 38, 63], [16, 24, 31], [83, 3, 9], [28, 62, 43], [55, 25, 57], [13, 86], [2, 1, 71], [29, 72, 64, 52], [39, 74], [20, 36], [51, 19, 59, 22], [50, 77, 81, 12], [6, 35, 82, 37], [26, 79, 7, 4], [8, 75, 32], [17, 44], [47, 11, 46], [14, 56, 15, 41], [80, 34, 21, 10, 30], [18, 65, 69], [33, 54, 49, 40, 53], [58, 27, 66, 76], [87, 78, 23, 60, 48], [67, 73], [84, 68, 61, 70, 88]]
82: [[5, 42, 85], [45, 38, 63, 16, 24], [31, 83, 3, 9, 28], [62, 43, 55], [25, 57, 13, 86, 2], [1, 71, 29], [72, 64, 52, 39, 74], [20, 36, 51, 19], [59, 22, 50], [77, 81, 12, 6], [35, 82, 37, 26, 79], [7, 4, 8, 75, 32], [17, 44, 47, 11, 46], [14], [56, 15, 41, 80], [34, 21, 10, 30], [18, 65, 69, 33], [54, 49, 40, 53], [58, 27, 66, 76, 87], [78, 23, 60], [48], [67, 73], [84, 68], [61, 70, 88]]
83: [[5, 42, 85], [45], [38, 63, 16, 24], [31, 83, 3], [9], [28, 62, 43], [55, 25, 57, 13], [86, 2], [1], [71, 29], [72, 64, 52, 39], [74, 20, 36, 51], [19, 59, 22], [50, 77, 81, 12], [6, 35, 82, 37], [26, 79, 7, 4], [8, 75, 32, 17, 44], [47, 11], [46, 14, 56, 15, 41], [80, 34, 21, 10, 30], [18, 65, 69, 33, 54, 49, 40, 53, 58, 27, 66], [76, 87, 78, 23, 60, 48, 67, 73, 84, 68, 61, 70, 88]]
84: [[5, 42], [85, 45, 38, 63], [16, 24, 31], [83, 3, 9], [28, 62, 43], [55, 25, 57, 13, 86], [2, 1, 71], [29, 72, 64], [52, 39, 74], [20, 36, 51, 19], [59, 22, 50, 77], [81, 12, 6, 35, 82], [37, 26, 79, 7, 4], [8, 75, 32, 17], [44, 47], [11, 46, 14, 56, 15], [41, 80, 34, 21, 10, 30, 18, 65, 69, 33, 54, 49, 40, 53, 58, 27, 66, 76, 87, 78, 23, 60, 48, 67, 73, 84, 68, 61, 70, 88]]
85: [[5], [42, 85, 45, 38], [63, 16, 24, 31], [83, 3, 9], [28, 62, 43, 55], [25, 57, 13], [86, 2, 1], [71, 29, 72, 64], [52, 39, 74, 20], [36, 51, 19, 59, 22], [50], [77, 81, 12], [6, 35, 82, 37, 26], [79, 7, 4, 8, 75], [32, 17, 44], [47, 11, 46, 14, 56], [15, 41, 80, 34, 21], [10], [30, 18, 65, 69], [33, 54, 49, 40], [53, 58], [27, 66, 76, 87, 78], [23, 60, 48, 67], [73, 84, 68, 61], [70, 88]]
86: [[5, 42, 85, 45, 38], [63, 16, 24, 31], [83, 3, 9, 28], [62, 43, 55, 25, 57], [13], [86, 2, 1, 71, 29], [72, 64, 52, 39, 74], [20, 36, 51, 19], [59, 22, 50, 77, 81], [12, 6, 35, 82], [37, 26, 79, 7], [4, 8, 75, 32, 17, 44, 47, 11, 46, 14, 56, 15, 41, 80, 34, 21, 10, 30, 18, 65, 69, 33, 54, 49, 40, 53, 58, 27, 66, 76, 87, 78, 23, 60, 48, 67, 73, 84, 68, 61, 70, 88]]
87: [[5, 42, 85], [45, 38, 63], [16, 24, 31, 83, 3], [9, 28, 62, 43, 55], [25, 57, 13, 86, 2], [1, 71, 29], [72, 64], [52, 39], [74, 20, 36, 51, 19, 59, 22, 50, 77, 81, 12], [6, 35, 82, 37], [26, 79, 7], [4, 8, 75, 32, 17], [44], [47, 11, 46], [14, 56, 15], [41, 80, 34, 21], [10, 30, 18], [65], [69], [33, 54, 49, 40, 53], [58, 27, 66, 76, 87, 78, 23, 60, 48, 67, 73, 84, 68, 61, 70, 88]]
88: [[5, 42], [85, 45, 38, 63], [16, 24], [31, 83, 3, 9], [28, 62, 43, 55], [25, 57, 13], [86, 2, 1, 71], [29, 72, 64, 52], [39, 74, 20, 36], [51, 19, 59, 22, 50], [77, 81, 12], [6, 35], [82, 37, 26, 79], [7, 4, 8, 75], [32, 17, 44, 47], [11, 46, 14, 56, 15], [41, 80, 34, 21, 10], [30, 18, 65, 69, 33], [54, 49, 40, 53, 58, 27, 66, 76, 87, 78, 23, 60, 48, 67, 73, 84, 68, 61, 70, 88]]
89: [[5, 42], [85, 45, 38, 63], [16, 24, 31], [83, 3, 9], [28, 62, 43, 55], [25, 57, 13], [86, 2, 1, 71], [29, 72, 64, 52], [39, 74, 20], [36, 51, 19, 59], [22, 50, 77, 81, 12], [6, 35], [82, 37, 26, 79], [7, 4, 8, 75, 32], [17, 44, 47], [11, 46, 14, 56, 15], [41, 80, 34, 21, 10], [30], [18, 65, 69, 33], [54, 49, 40, 53, 58], [27, 66], [76, 87, 78, 23, 60], [48, 67, 73, 84], [68, 61, 70, 88]]
90: [[5, 42, 85, 45, 38], [63, 16, 24, 31, 83, 3, 9, 28, 62, 43, 55, 25, 57, 13, 86, 2, 1, 71, 29, 72, 64, 52, 39, 74, 20, 36, 51, 19, 59, 22, 50, 77, 81, 12, 6, 35, 82, 37, 26, 79, 7, 4], [8, 75, 32, 17, 44, 47, 11, 46, 14, 56, 15, 41, 80, 34, 21, 10, 30, 18, 65, 69, 33, 54, 49, 40, 53, 58, 27, 66, 76, 87, 78, 23, 60, 48, 67, 73, 84, 68, 61, 70, 88]]
91: [[5, 42, 85, 45], [38, 63], [16, 24, 31, 83], [3, 9, 28, 62], [43, 55, 25, 57], [13, 86, 2, 1], [71, 29, 72, 64], [52, 39, 74, 20], [36, 51, 19, 59], [22, 50, 77, 81], [12, 6], [35, 82, 37, 26, 79], [7, 4, 8], [75, 32, 17, 44, 47], [11, 46, 14, 56, 15], [41, 80, 34, 21, 10], [30, 18, 65, 69, 33], [54, 49, 40, 53], [58, 27, 66, 76], [87, 78, 23, 60, 48], [67, 73], [84], [68, 61, 70, 88]]
92: [[5, 42, 85, 45], [38, 63], [16, 24, 31, 83], [3, 9, 28, 62], [43, 55, 25, 57], [13, 86, 2, 1], [71, 29, 72, 64], [52, 39, 74, 20], [36, 51, 19, 59], [22, 50, 77, 81], [12, 6], [35, 82, 37, 26, 79], [7, 4, 8], [75, 32, 17, 44, 47], [11, 46, 14, 56, 15], [41, 80, 34, 21, 10], [30, 18, 65, 69, 33], [54, 49, 40, 53], [58, 27, 66, 76], [87, 78, 23, 60, 48], [67, 73], [84, 68, 61, 70, 88]]
93: [[5, 42, 85], [45, 38, 63], [16, 24, 31, 83], [3], [9, 28], [62, 43, 55, 25], [57], [13], [86, 2, 1, 71], [29, 72, 64, 52, 39, 74, 20, 36], [51, 19, 59], [22, 50, 77], [81, 12, 6, 35], [82, 37, 26, 79, 7], [4, 8, 75, 32], [17, 44, 47, 11, 46, 14], [56], [15], [41, 80, 34, 21], [10, 30, 18, 65, 69, 33, 54, 49, 40, 53, 58, 27, 66, 76, 87, 78, 23, 60, 48, 67, 73, 84], [68, 61, 70, 88]]
94: [[5, 42, 85, 45], [38, 63, 16, 24], [31, 83, 3], [9, 28, 62, 43], [55, 25, 57], [13, 86, 2, 1], [71, 29, 72, 64], [52, 39, 74, 20], [36, 51, 19, 59, 22], [50, 77, 81, 12, 6], [35, 82, 37, 26, 79], [7, 4, 8], [75, 32, 17, 44, 47], [11, 46, 14], [56, 15, 41], [80, 34, 21, 10, 30], [18, 65, 69], [33, 54, 49, 40, 53], [58, 27, 66, 76, 87], [78, 23, 60, 48, 67], [73, 84, 68, 61, 70], [88]]
95: [[5, 42, 85, 45, 38], [63, 16, 24, 31, 83], [3, 9, 28, 62], [43, 55, 25], [57, 13, 86, 2], [1], [71, 29, 72, 64, 52], [39, 74, 20], [36, 51, 19, 59], [22, 50, 77], [81, 12, 6, 35, 82], [37, 26, 79, 7, 4], [8, 75], [32], [17, 44, 47, 11, 46, 14, 56, 15, 41, 80, 34, 21, 10, 30, 18, 65, 69, 33, 54, 49, 40, 53, 58, 27, 66, 76, 87, 78, 23, 60, 48, 67, 73, 84, 68, 61, 70, 88]]
96: [[5, 42], [85, 45, 38], [63, 16, 24], [31, 83, 3], [9, 28, 62, 43], [55, 25, 57], [13, 86, 2], [1, 71, 29], [72, 64, 52, 39], [74, 20, 36, 51], [19, 59, 22, 50], [77, 81, 12, 6], [35, 82, 37, 26, 79], [7, 4, 8, 75], [32, 17, 44, 47], [11, 46, 14, 56], [15, 41, 80, 34, 21], [10, 30, 18, 65, 69], [33, 54, 49, 40, 53], [58, 27, 66, 76, 87], [78], [23, 60, 48, 67, 73], [84, 68, 61, 70, 88]]
97: [[5], [42, 85, 45, 38], [63, 16, 24, 31], [83, 3, 9], [28, 62, 43, 55], [25, 57, 13, 86], [2, 1, 71, 29, 72], [64, 52, 39, 74], [20, 36, 51, 19, 59], [22, 50, 77, 81, 12], [6, 35, 82, 37, 26], [79, 7, 4, 8, 75], [32, 17, 44, 47, 11], [46, 14, 56, 15], [41, 80], [34, 21, 10, 30, 18, 65, 69, 33, 54, 49, 40, 53, 58, 27, 66, 76, 87, 78, 23, 60, 48, 67, 73, 84, 68, 61, 70, 88]]
98: [[5, 42, 85, 45, 38, 63], [16, 24, 31, 83], [3, 9, 28, 62], [43, 55, 25, 57, 13], [86, 2, 1, 71, 29], [72, 64], [52, 39, 74, 20, 36, 51, 19, 59, 22, 50, 77], [81, 12, 6, 35, 82], [37, 26, 79, 7, 4, 8, 75, 32, 17, 44, 47, 11, 46, 14, 56, 15, 41, 80, 34, 21, 10, 30, 18], [65, 69, 33, 54, 49, 40, 53, 58, 27, 66, 76, 87, 78, 23, 60, 48, 67, 73, 84, 68, 61, 70, 88]]
99: [[5, 42, 85, 45], [38, 63, 16], [24, 31, 83, 3], [9, 28, 62, 43], [55, 25, 57, 13], [86, 2, 1, 71], [29, 72, 64], [52, 39, 74, 20], [36], [51], [19, 59, 22, 50], [77, 81, 12], [6, 35, 82, 37], [26, 79], [7, 4, 8, 75, 32], [17, 44, 47, 11, 46], [14, 56, 15], [41, 80], [34, 21], [10, 30, 18], [65, 69, 33, 54, 49, 40], [53, 58, 27, 66, 76, 87, 78, 23, 60, 48, 67, 73, 84, 68, 61, 70, 88]]
100: [[5, 42, 85], [45, 38, 63], [16, 24], [31, 83, 3], [9, 28, 62, 43], [55, 25], [57, 13, 86, 2], [1, 71, 29, 72], [64, 52, 39, 74, 20], [36, 51, 19, 59, 22], [50, 77, 81, 12], [6, 35, 82, 37, 26], [79, 7, 4, 8, 75], [32, 17, 44, 47, 11], [46, 14, 56, 15, 41], [80, 34, 21, 10, 30], [18, 65, 69, 33, 54], [49, 40, 53, 58, 27], [66, 76, 87, 78, 23], [60, 48, 67, 73, 84], [68, 61, 70, 88]]
101: [[5, 42], [85, 45, 38, 63], [16, 24, 31, 83], [3, 9, 28, 62], [43, 55], [25, 57, 13, 86, 2], [1, 71, 29, 72, 64], [52, 39, 74, 20, 36], [51, 19, 59, 22, 50], [77, 81, 12, 6, 35, 82], [37, 26, 79, 7, 4], [8, 75, 32, 17, 44, 47], [11, 46, 14, 56, 15, 41, 80, 34, 21, 10, 30, 18, 65, 69, 33, 54, 49, 40, 53, 58, 27, 66, 76, 87, 78, 23, 60, 48, 67, 73, 84, 68, 61, 70, 88]]
102: [[5, 42, 85], [45, 38, 63, 16], [24, 31, 83], [3, 9, 28], [62, 43, 55, 25], [57, 13, 86, 2], [1, 71, 29], [72, 64, 52, 39], [74], [20, 36, 51, 19], [59, 22, 50, 77, 81], [12, 6, 35, 82, 37], [26, 79, 7, 4], [8, 75, 32, 17, 44], [47, 11, 46, 14, 56], [15, 41, 80], [34, 21, 10, 30, 18], [65], [69, 33, 54, 49, 40, 53, 58, 27, 66, 76, 87, 78, 23, 60, 48, 67, 73, 84, 68, 61, 70, 88]]
103: [[5, 42, 85, 45], [38, 63, 16], [24, 31, 83, 3], [9, 28, 62], [43, 55, 25, 57], [13, 86, 2], [1, 71], [29, 72, 64, 52], [39, 74, 20], [36, 51, 19], [59], [22, 50, 77, 81, 12], [6, 35, 82, 37], [26, 79], [7, 4, 8, 75], [32, 17, 44, 47], [11, 46, 14], [56, 15, 41], [80, 34, 21], [10, 30, 18, 65, 69], [33, 54, 49, 40, 53], [58, 27, 66, 76, 87], [78, 23, 60, 48, 67], [73, 84, 68, 61, 70, 88]]
104: [[5, 42, 85, 45, 38, 63], [16, 24, 31], [83, 3], [9, 28, 62, 43], [55, 25, 57], [13, 86, 2, 1], [71, 29, 72, 64, 52], [39, 74, 20, 36, 51], [19], [59, 22, 50, 77, 81], [12, 6, 35, 82, 37], [26, 79, 7, 4], [8, 75, 32, 17], [44, 47, 11], [46, 14, 56, 15, 41, 80, 34, 21, 10, 30, 18, 65, 69, 33, 54, 49, 40, 53, 58, 27, 66, 76, 87, 78, 23, 60, 48, 67, 73, 84, 68, 61, 70, 88]]
105: [[5, 42, 85, 45, 38], [63, 16, 24, 31, 83], [3, 9], [28, 62, 43, 55, 25], [57, 13, 86, 2, 1], [71], [29, 72, 64, 52, 39], [74, 20, 36, 51, 19], [59, 22], [50, 77, 81, 12, 6, 35, 82, 37], [26, 79, 7, 4, 8, 75, 32, 17, 44, 47, 11, 46, 14, 56, 15, 41, 80], [34, 21, 10, 30, 18, 65, 69, 33, 54, 49, 40, 53, 58, 27, 66, 76, 87, 78, 23, 60, 48, 67, 73, 84, 68, 61, 70, 88]]
106: [[5, 42, 85, 45, 38], [63, 16, 24, 31], [83, 3, 9, 28], [62, 43, 55], [25, 57, 13], [86, 2, 1], [71, 29, 72, 64, 52], [39, 74, 20, 36, 51], [19, 59, 22, 50, 77], [81, 12, 6, 35, 82], [37, 26, 79, 7, 4, 8, 75, 32, 17, 44, 47, 11, 46, 14, 56, 15, 41, 80, 34, 21, 10, 30, 18, 65, 69, 33, 54, 49, 40, 53, 58, 27, 66, 76, 87, 78, 23, 60, 48, 67, 73, 84, 68, 61, 70, 88]]
107: [[5, 42, 85, 45, 38, 63], [16, 24, 31, 83], [3, 9, 28, 62, 43], [55, 25, 57], [13, 86, 2, 1], [71, 29, 72, 64], [52, 39, 74, 20], [36, 51, 19, 59, 22], [50, 77, 81, 12, 6, 35], [82, 37], [26, 79, 7, 4, 8], [75, 32, 17, 44, 47, 11, 46, 14, 56, 15, 41, 80, 34, 21, 10, 30, 18, 65, 69, 33, 54, 49, 40, 53, 58, 27, 66, 76, 87, 78, 23, 60, 48, 67, 73, 84, 68, 61, 70, 88]]
108: [[5, 42, 85, 45], [38, 63], [16, 24, 31, 83], [3, 9, 28], [62], [43, 55, 25], [57, 13, 86, 2], [1, 71, 29], [72, 64, 52], [39, 74, 20], [36, 51, 19, 59], [22, 50, 77], [81, 12, 6], [35, 82, 37, 26, 79], [7, 4, 8, 75], [32, 17, 44, 47], [11, 46, 14], [56, 15, 41, 80], [34, 21, 10, 30], [18, 65, 69, 33, 54], [49], [40, 53, 58], [27, 66, 76, 87, 78], [23, 60, 48, 67, 73], [84, 68, 61, 70, 88]]
109: [[5, 42, 85, 45, 38, 63], [16, 24, 31, 83, 3], [9, 28, 62], [43, 55, 25, 57], [13, 86, 2, 1], [71, 29, 72, 64, 52], [39, 74, 20, 36, 51], [19, 59, 22, 50, 77], [81], [12, 6, 35, 82, 37, 26, 79, 7, 4], [8, 75, 32, 17, 44, 47, 11, 46, 14, 56, 15, 41, 80, 34, 21, 10, 30, 18, 65, 69, 33, 54, 49, 40, 53, 58, 27, 66, 76, 87, 78, 23, 60, 48, 67, 73, 84, 68, 61, 70, 88]]
110: [[5, 42, 85, 45, 38], [63, 16, 24], [31, 83, 3], [9, 28, 62, 43], [55, 25, 57, 13, 86], [2, 1, 71, 29, 72], [64], [52, 39, 74], [20, 36, 51], [19, 59], [22, 50, 77], [81, 12, 6], [35, 82, 37, 26, 79], [7, 4, 8], [75, 32, 17, 44, 47], [11, 46, 14], [56, 15, 41, 80, 34], [21, 10, 30, 18], [65, 69, 33, 54, 49], [40, 53, 58, 27, 66], [76, 87, 78, 23], [60, 48, 67, 73, 84, 68, 61, 70, 88]]
111: [[5, 42], [85, 45, 38, 63], [16, 24, 31, 83, 3], [9, 28, 62, 43], [55, 25, 57, 13], [86, 2, 1], [71, 29, 72, 64], [52, 39], [74, 20, 36], [51, 19, 59, 22], [50, 77, 81, 12, 6], [35, 82, 37, 26], [79, 7], [4, 8, 75, 32, 17], [44, 47, 11, 46], [14, 56, 15, 41], [80, 34, 21, 10, 30], [18, 65, 69, 33, 54], [49, 40, 53, 58, 27], [66, 76, 87], [78, 23, 60], [48, 67], [73, 84, 68, 61, 70], [88]]
112: [[5, 42, 85, 45, 38, 63], [16, 24, 31], [83, 3], [9, 28, 62, 43], [55, 25, 57], [13, 86, 2, 1], [71, 29], [72, 64, 52, 39, 74, 20, 36, 51, 19, 59, 22], [50, 77, 81, 12], [6, 35, 82, 37, 26], [79, 7, 4, 8, 75], [32, 17, 44], [47, 11, 46, 14, 56], [15, 41, 80, 34, 21], [10, 30, 18, 65], [69, 33], [54, 49, 40, 53, 58], [27, 66, 76, 87, 78, 23, 60, 48, 67, 73, 84, 68, 61, 70, 88]]
113: [[5, 42, 85], [45, 38, 63, 16], [24, 31, 83, 3], [9, 28, 62, 43], [55, 25, 57], [13, 86, 2, 1, 71], [29, 72, 64, 52, 39], [74, 20, 36, 51, 19], [59, 22, 50], [77, 81, 12, 6, 35], [82, 37, 26, 79, 7], [4, 8, 75, 32], [17, 44], [47, 11, 46, 14, 56], [15, 41, 80, 34, 21, 10, 30, 18, 65, 69, 33, 54, 49, 40, 53, 58, 27, 66, 76, 87, 78, 23, 60, 48, 67, 73, 84, 68, 61, 70, 88]]
114: [[5, 42, 85, 45, 38], [63, 16, 24, 31, 83], [3, 9, 28, 62, 43], [55, 25, 57], [13, 86, 2], [1, 71, 29, 72, 64], [52, 39, 74, 20, 36], [51, 19, 59, 22, 50], [77, 81, 12], [6, 35], [82, 37], [26, 79, 7], [4, 8, 75, 32, 17, 44, 47, 11, 46, 14, 56, 15, 41, 80, 34, 21, 10, 30, 18, 65, 69, 33, 54, 49, 40, 53, 58, 27, 66, 76, 87, 78, 23, 60, 48, 67, 73, 84, 68, 61, 70, 88]]
115: [[5, 42, 85, 45], [38, 63, 16, 24], [31, 83, 3], [9, 28, 62, 43], [55, 25, 57], [13, 86, 2, 1], [71, 29, 72, 64], [52, 39, 74, 20], [36, 51, 19], [59, 22, 50, 77], [81, 12, 6, 35], [82, 37, 26, 79], [7, 4, 8, 75, 32], [17, 44, 47, 11, 46], [14, 56, 15, 41, 80, 34, 21, 10, 30, 18, 65, 69, 33, 54], [49, 40, 53, 58, 27, 66, 76, 87, 78, 23, 60, 48, 67, 73, 84, 68, 61, 70, 88]]
116: [[5, 42], [85, 45, 38], [63, 16, 24, 31], [83, 3, 9], [28, 62, 43, 55], [25, 57, 13, 86], [2, 1, 71], [29, 72, 64, 52], [39, 74, 20, 36], [51, 19, 59], [22], [50, 77, 81, 12], [6, 35, 82, 37], [26], [79], [7], [4, 8, 75, 32], [17, 44, 47, 11], [46, 14, 56], [15, 41, 80, 34], [21, 10, 30, 18], [65, 69, 33, 54], [49, 40, 53], [58, 27, 66, 76, 87], [78, 23, 60, 48], [67, 73], [84, 68, 61, 70, 88]]
117: [[5], [42, 85, 45, 38], [63, 16, 24, 31], [83, 3, 9], [28, 62, 43, 55], [25, 57, 13], [86, 2, 1], [71, 29, 72, 64], [52, 39, 74, 20, 36], [51, 19, 59, 22, 50], [77, 81, 12, 6], [35, 82, 37, 26, 79], [7, 4, 8, 75, 32], [17, 44, 47, 11], [46, 14, 56, 15, 41, 80, 34, 21, 10, 30, 18, 65, 69, 33, 54, 49, 40, 53, 58, 27, 66, 76, 87, 78, 23, 60, 48, 67, 73, 84, 68, 61, 70, 88]]
118: [[5, 42], [85, 45, 38, 63], [16, 24, 31, 83], [3, 9, 28], [62, 43, 55, 25], [57, 13, 86, 2], [1, 71, 29, 72], [64, 52, 39, 74, 20], [36, 51, 19, 59, 22], [50, 77, 81, 12, 6], [35, 82, 37], [26, 79, 7, 4, 8], [75, 32, 17, 44, 47], [11, 46, 14], [56, 15, 41], [80, 34, 21, 10], [30, 18, 65, 69, 33], [54, 49, 40, 53, 58], [27, 66], [76, 87, 78, 23, 60, 48, 67], [73, 84, 68, 61, 70, 88]]
119: [[5, 42, 85, 45, 38], [63, 16, 24, 31, 83], [3, 9, 28, 62], [43, 55, 25], [57, 13, 86, 2], [1], [71, 29, 72, 64, 52], [39, 74, 20], [36, 51, 19, 59], [22, 50, 77], [81, 12, 6, 35, 82], [37, 26, 79, 7, 4], [8, 75], [32, 17, 44, 47], [11, 46, 14, 56, 15, 41, 80, 34, 21, 10, 30, 18, 65, 69, 33, 54, 49, 40, 53, 58, 27, 66, 76, 87, 78, 23, 60, 48, 67, 73, 84, 68, 61, 70, 88]]
120: [[5, 42, 85], [45, 38, 63], [16, 24, 31, 83], [3], [9, 28], [62, 43, 55], [25, 57, 13, 86], [2, 1, 71, 29], [72, 64], [52, 39, 74, 20, 36], [51, 19, 59, 22, 50], [77, 81, 12, 6, 35], [82, 37, 26], [79, 7, 4], [8, 75, 32, 17], [44, 47, 11, 46, 14], [56, 15, 41, 80, 34], [21, 10], [30, 18, 65, 69, 33, 54, 49, 40], [53, 58, 27, 66, 76, 87, 78, 23, 60, 48, 67, 73, 84, 68, 61, 70, 88]]
121: [[5, 42, 85, 45], [38, 63, 16, 24], [31, 83], [3], [9, 28, 62, 43], [55, 25, 57, 13, 86, 2, 1, 71], [29, 72, 64], [52, 39, 74], [20, 36, 51, 19], [59, 22, 50, 77, 81], [12, 6, 35], [82, 37, 26, 79], [7, 4, 8, 75, 32, 17, 44, 47, 11, 46, 14], [56, 15, 41, 80, 34, 21, 10, 30, 18, 65, 69, 33], [54, 49, 40, 53, 58, 27, 66, 76, 87, 78, 23, 60, 48, 67, 73, 84], [68, 61, 70], [88]]
122: [[5], [42, 85, 45, 38], [63, 16, 24], [31, 83, 3, 9], [28, 62, 43, 55], [25, 57, 13, 86], [2, 1, 71], [29, 72, 64, 52], [39, 74, 20, 36], [51, 19, 59, 22], [50, 77, 81], [12, 6, 35], [82, 37, 26], [79, 7, 4], [8, 75, 32, 17], [44, 47, 11], [46, 14, 56], [15, 41, 80], [34, 21, 10], [30, 18, 65], [69, 33], [54, 49, 40], [53, 58, 27], [66, 76, 87, 78], [23, 60], [48, 67, 73], [84, 68, 61, 70, 88]]
123: [[5, 42, 85, 45], [38], [63, 16, 24, 31, 83], [3, 9, 28, 62, 43], [55, 25, 57, 13, 86, 2, 1, 71, 29], [72, 64, 52, 39], [74, 20, 36, 51, 19, 59, 22, 50, 77, 81, 12], [6, 35, 82, 37, 26, 79, 7, 4, 8, 75, 32, 17, 44, 47, 11, 46, 14], [56, 15, 41, 80, 34, 21, 10, 30, 18, 65, 69, 33, 54, 49, 40, 53, 58, 27, 66, 76, 87, 78, 23, 60, 48, 67, 73, 84, 68, 61, 70, 88]]
124: [[5, 42, 85, 45, 38], [63, 16, 24, 31, 83], [3, 9, 28, 62, 43], [55, 25, 57, 13, 86], [2, 1, 71], [29, 72, 64, 52, 39], [74, 20, 36, 51, 19], [59, 22], [50], [77], [81, 12, 6, 35], [82, 37, 26, 79], [7, 4, 8, 75], [32, 17, 44, 47, 11], [46, 14], [56, 15, 41, 80, 34, 21, 10, 30, 18, 65, 69, 33, 54, 49], [40, 53, 58, 27], [66, 76, 87, 78, 23, 60, 48, 67, 73, 84, 68, 61, 70, 88]]
125: [[5, 42, 85, 45, 38], [63, 16, 24, 31, 83], [3, 9, 28, 62, 43], [55, 25], [57, 13, 86, 2, 1], [71, 29, 72, 64, 52], [39, 74, 20, 36], [51, 19], [59, 22], [50, 77, 81, 12], [6, 35, 82, 37], [26], [79, 7, 4], [8, 75, 32, 17, 44], [47, 11, 46], [14, 56, 15], [41, 80, 34, 21, 10], [30], [18, 65, 69, 33, 54], [49, 40, 53, 58], [27, 66], [76, 87, 78, 23, 60], [48, 67, 73, 84], [68, 61, 70, 88]]
126: [[5, 42, 85, 45, 38], [63, 16, 24, 31, 83], [3, 9, 28, 62, 43], [55, 25, 57, 13, 86], [2, 1, 71, 29, 72], [64, 52, 39, 74, 20], [36, 51, 19, 59], [22, 50, 77, 81], [12, 6, 35, 82, 37, 26, 79, 7, 4, 8, 75, 32, 17, 44, 47, 11, 46, 14, 56, 15, 41, 80, 34, 21, 10, 30, 18, 65, 69, 33, 54, 49, 40, 53, 58, 27, 66, 76, 87, 78, 23, 60, 48, 67, 73, 84, 68, 61, 70, 88]]
127: [[5, 42, 85, 45], [38, 63, 16], [24], [31, 83, 3, 9], [28, 62, 43, 55], [25, 57, 13, 86], [2, 1, 71], [29, 72, 64, 52], [39, 74, 20, 36], [51, 19], [59, 22, 50, 77], [81, 12, 6, 35], [82, 37, 26], [79, 7, 4], [8, 75, 32, 17], [44, 47, 11, 46], [14, 56, 15], [41, 80, 34], [21, 10, 30, 18, 65], [69], [33, 54, 49, 40, 53], [58, 27, 66, 76, 87], [78, 23, 60, 48], [67, 73, 84, 68], [61, 70, 88]]
128: [[5, 42, 85, 45, 38, 63], [16, 24, 31, 83], [3, 9, 28, 62, 43], [55, 25], [57, 13, 86, 2, 1], [71, 29, 72], [64, 52, 39, 74, 20], [36, 51, 19, 59, 22], [50, 77, 81, 12], [6, 35, 82], [37, 26, 79, 7, 4, 8, 75, 32, 17, 44, 47, 11, 46, 14, 56, 15, 41, 80, 34, 21, 10, 30, 18, 65, 69, 33, 54, 49, 40, 53, 58, 27, 66, 76, 87, 78, 23, 60, 48, 67, 73, 84, 68, 61, 70, 88]]
129: [[5, 42, 85, 45], [38], [63, 16, 24, 31], [83, 3, 9, 28], [62, 43, 55], [25, 57, 13, 86], [2, 1, 71, 29], [72, 64, 52, 39], [74, 20, 36, 51], [19, 59, 22, 50], [77, 81, 12], [6, 35, 82], [37, 26, 79, 7], [4, 8, 75], [32, 17, 44], [47, 11, 46, 14], [56, 15, 41], [80, 34], [21, 10, 30, 18, 65], [69, 33, 54, 49], [40, 53, 58, 27, 66], [76, 87, 78, 23, 60], [48, 67, 73, 84], [68, 61, 70, 88]]
130: [[5, 42, 85, 45], [38], [63, 16, 24, 31], [83, 3, 9, 28], [62, 43, 55], [25, 57, 13, 86], [2, 1, 71, 29], [72, 64, 52, 39], [74, 20, 36, 51], [19, 59, 22, 50], [77, 81, 12], [6, 35, 82], [37, 26, 79, 7], [4, 8, 75], [32, 17, 44], [47, 11, 46, 14], [56, 15, 41], [80, 34], [21, 10, 30, 18, 65], [69, 33, 54, 49], [40, 53, 58, 27, 66], [76, 87, 78, 23, 60], [48, 67, 73, 84], [68, 61, 70, 88]]
131: [[5, 42, 85], [45, 38, 63, 16], [24, 31, 83, 3], [9, 28, 62, 43], [55, 25, 57, 13], [86, 2, 1, 71], [29, 72], [64], [52, 39, 74], [20, 36, 51, 19], [59, 22, 50], [77, 81, 12, 6], [35, 82, 37, 26], [79, 7, 4, 8], [75, 32, 17], [44, 47, 11], [46, 14, 56], [15, 41], [80], [34, 21], [10, 30], [18, 65], [69, 33, 54, 49, 40, 53, 58, 27, 66, 76, 87, 78, 23, 60, 48, 67, 73, 84, 68, 61, 70, 88]]
132: [[5, 42, 85, 45], [38, 63, 16, 24], [31, 83], [3], [9, 28, 62, 43], [55, 25, 57, 13], [86, 2, 1, 71], [29, 72, 64, 52], [39, 74, 20, 36, 51], [19, 59, 22, 50, 77, 81], [12, 6, 35, 82, 37], [26, 79, 7], [4, 8, 75, 32, 17], [44, 47, 11], [46], [14, 56, 15], [41, 80, 34, 21, 10], [30, 18, 65, 69], [33, 54, 49, 40, 53], [58, 27, 66, 76, 87, 78, 23, 60, 48, 67, 73, 84, 68], [61, 70, 88]]
133: [[5, 42, 85, 45, 38], [63, 16, 24], [31, 83, 3], [9, 28, 62, 43, 55], [25, 57, 13, 86, 2], [1, 71, 29, 72], [64, 52, 39, 74, 20], [36, 51, 19, 59, 22], [50, 77, 81, 12], [6, 35, 82, 37, 26, 79, 7, 4, 8, 75, 32, 17, 44, 47, 11, 46, 14, 56, 15, 41, 80, 34, 21, 10, 30, 18, 65, 69, 33, 54, 49, 40, 53, 58, 27, 66, 76, 87, 78, 23, 60, 48, 67, 73, 84, 68, 61, 70, 88]]
134: [[5, 42, 85], [45, 38, 63], [16, 24, 31, 83], [3, 9, 28], [62], [43, 55, 25], [57, 13, 86, 2], [1, 71], [29, 72], [64], [52, 39, 74, 20], [36, 51, 19], [59, 22, 50], [77, 81, 12, 6], [35, 82, 37, 26], [79, 7, 4, 8], [75, 32, 17], [44, 47], [11, 46], [14, 56, 15, 41, 80], [34, 21, 10, 30, 18], [65, 69, 33], [54, 49, 40], [53, 58, 27, 66], [76, 87, 78, 23, 60], [48, 67, 73, 84, 68], [61, 70, 88]]
135: [[5, 42, 85, 45, 38, 63], [16, 24, 31, 83], [3, 9, 28], [62, 43, 55, 25, 57], [13, 86], [2, 1, 71, 29, 72], [64, 52, 39], [74, 20, 36, 51, 19], [59, 22, 50, 77, 81], [12, 6, 35, 82], [37, 26, 79], [7, 4, 8, 75, 32, 17, 44, 47, 11, 46, 14, 56, 15, 41, 80, 34, 21, 10, 30, 18, 65, 69, 33, 54, 49, 40, 53, 58, 27, 66, 76, 87, 78, 23, 60, 48, 67, 73, 84, 68, 61, 70, 88]]
136: [[5, 42, 85, 45], [38, 63, 16, 24], [31, 83, 3], [9, 28], [62, 43, 55, 25], [57, 13], [86, 2, 1], [71, 29, 72, 64], [52, 39, 74, 20], [36], [51, 19, 59], [22, 50, 77], [81, 12, 6], [35, 82, 37, 26], [79, 7, 4], [8, 75, 32, 17], [44, 47], [11, 46, 14, 56], [15, 41, 80, 34], [21, 10, 30, 18], [65, 69, 33], [54, 49, 40, 53], [58, 27, 66, 76, 87], [78, 23, 60], [48, 67], [73, 84, 68], [61, 70, 88]]
137: [[5, 42, 85, 45, 38], [63, 16, 24], [31, 83, 3, 9, 28], [62, 43, 55, 25], [57, 13, 86, 2, 1], [71, 29, 72, 64, 52], [39, 74, 20, 36], [51, 19, 59, 22, 50, 77, 81, 12, 6, 35, 82, 37, 26, 79, 7, 4, 8, 75, 32, 17, 44, 47, 11, 46, 14, 56, 15, 41, 80, 34, 21, 10, 30, 18, 65, 69, 33, 54, 49, 40, 53, 58, 27, 66, 76, 87, 78, 23, 60, 48, 67, 73, 84, 68, 61, 70, 88]]
138: [[5, 42, 85, 45], [38, 63, 16, 24], [31, 83, 3], [9, 28], [62, 43, 55, 25], [57, 13, 86, 2], [1, 71, 29, 72, 64], [52, 39, 74], [20], [36, 51], [19, 59, 22], [50, 77, 81], [12, 6, 35, 82], [37], [26, 79], [7, 4, 8], [75, 32, 17, 44], [47, 11, 46, 14, 56], [15, 41], [80, 34, 21, 10, 30], [18, 65, 69, 33, 54], [49, 40, 53, 58], [27, 66, 76], [87, 78, 23, 60], [48, 67, 73, 84, 68], [61, 70, 88]]
139: [[5, 42, 85], [45, 38, 63], [16, 24, 31, 83], [3], [9, 28], [62, 43, 55], [25, 57, 13, 86], [2, 1, 71, 29], [72, 64], [52, 39, 74, 20, 36], [51, 19, 59, 22, 50], [77, 81, 12, 6, 35], [82, 37, 26], [79, 7, 4], [8, 75, 32, 17], [44, 47, 11, 46, 14], [56, 15, 41, 80, 34], [21, 10, 30, 18], [65, 69, 33, 54, 49, 40, 53, 58, 27, 66, 76, 87, 78, 23, 60, 48, 67, 73, 84, 68, 61, 70, 88]]
140: [[5, 42, 85, 45, 38, 63], [16, 24, 31, 83, 3], [9, 28, 62, 43, 55, 25, 57, 13, 86, 2, 1, 71, 29, 72, 64, 52, 39, 74, 20, 36, 51, 19, 59, 22, 50, 77, 81, 12, 6, 35, 82, 37, 26, 79, 7, 4, 8, 75, 32, 17, 44, 47, 11, 46, 14, 56, 15, 41, 80, 34, 21, 10, 30, 18, 65, 69, 33, 54, 49, 40, 53, 58, 27, 66, 76, 87, 78, 23, 60, 48, 67, 73, 84, 68, 61, 70, 88]]
141: [[5, 42], [85, 45, 38, 63], [16, 24, 31, 83, 3, 9], [28, 62, 43, 55], [25, 57, 13], [86, 2, 1, 71], [29, 72, 64, 52, 39], [74, 20, 36, 51, 19], [59, 22, 50, 77, 81], [12, 6, 35, 82, 37], [26, 79, 7], [4, 8, 75, 32], [17, 44, 47, 11, 46, 14, 56, 15, 41, 80, 34, 21, 10, 30, 18, 65, 69, 33, 54, 49, 40, 53, 58, 27, 66, 76, 87, 78, 23, 60, 48, 67, 73, 84, 68, 61, 70, 88]]
142: [[5, 42, 85], [45], [38, 63, 16, 24], [31, 83, 3], [9], [28, 62, 43], [55, 25, 57, 13], [86, 2], [1], [71, 29], [72, 64, 52, 39], [74, 20, 36, 51], [19, 59, 22, 50, 77], [81, 12, 6, 35], [82, 37], [26, 79, 7, 4, 8], [75, 32, 17, 44], [47], [11, 46, 14, 56, 15], [41, 80, 34, 21, 10, 30, 18, 65, 69, 33, 54, 49, 40, 53, 58, 27, 66, 76, 87, 78, 23, 60, 48, 67, 73, 84, 68, 61, 70, 88]]
143: [[5, 42], [85, 45, 38, 63], [16, 24], [31, 83, 3, 9], [28, 62, 43, 55], [25, 57, 13], [86, 2, 1, 71], [29, 72, 64, 52], [39, 74, 20, 36, 51], [19, 59], [22, 50, 77, 81, 12, 6, 35, 82, 37, 26, 79, 7, 4, 8], [75, 32, 17, 44], [47, 11, 46, 14, 56, 15, 41, 80, 34, 21, 10, 30, 18, 65, 69, 33, 54, 49, 40, 53, 58, 27, 66, 76, 87, 78, 23, 60, 48, 67, 73, 84, 68, 61, 70, 88]]
144: [[5, 42, 85], [45, 38], [63, 16, 24, 31], [83, 3, 9], [28], [62, 43, 55], [25, 57, 13, 86], [2, 1, 71], [29, 72, 64, 52, 39], [74, 20, 36], [51, 19, 59, 22, 50], [77], [81, 12, 6], [35, 82, 37], [26, 79, 7, 4], [8, 75, 32], [17], [44], [47, 11, 46, 14, 56], [15, 41, 80, 34, 21, 10, 30, 18, 65, 69, 33, 54, 49, 40, 53, 58, 27, 66, 76, 87, 78, 23, 60, 48, 67, 73, 84, 68, 61, 70, 88]]
145: [[5, 42, 85, 45, 38, 63], [16, 24, 31, 83], [3, 9, 28, 62, 43], [55, 25, 57], [13, 86, 2, 1, 71], [29, 72, 64, 52, 39], [74, 20, 36, 51], [19, 59], [22, 50, 77, 81, 12, 6, 35, 82, 37, 26, 79, 7, 4, 8, 75, 32, 17, 44, 47, 11, 46, 14, 56, 15, 41, 80, 34, 21, 10, 30, 18, 65, 69, 33, 54, 49, 40, 53, 58, 27, 66, 76, 87, 78, 23, 60, 48, 67, 73, 84, 68, 61, 70, 88]]
146: [[5, 42, 85, 45, 38], [63, 16, 24, 31, 83], [3, 9, 28, 62, 43], [55, 25, 57, 13, 86], [2, 1, 71, 29, 72], [64, 52, 39, 74, 20], [36], [51, 19, 59, 22], [50, 77, 81, 12], [6, 35, 82, 37, 26], [79, 7, 4, 8, 75], [32, 17, 44, 47], [11, 46, 14, 56, 15], [41], [80, 34, 21, 10], [30, 18, 65, 69, 33, 54, 49, 40, 53, 58, 27, 66, 76, 87, 78, 23, 60, 48, 67, 73, 84, 68, 61, 70, 88]]
147: [[5, 42, 85, 45], [38], [63], [16, 24, 31, 83], [3, 9, 28], [62, 43, 55, 25], [57, 13, 86], [2, 1, 71, 29], [72, 64, 52, 39], [74, 20], [36, 51, 19], [59, 22, 50, 77], [81, 12, 6], [35], [82, 37, 26, 79, 7], [4, 8], [75, 32, 17, 44, 47], [11, 46, 14, 56, 15], [41, 80, 34, 21, 10], [30, 18, 65, 69, 33, 54, 49, 40, 53, 58, 27, 66, 76, 87, 78, 23, 60, 48, 67, 73, 84, 68, 61, 70, 88]]
148: [[5, 42, 85, 45, 38, 63], [16, 24, 31, 83], [3, 9, 28, 62], [43, 55, 25, 57, 13, 86], [2, 1, 71, 29, 72, 64, 52, 39, 74, 20, 36, 51], [19, 59, 22, 50, 77, 81, 12, 6, 35, 82, 37, 26, 79, 7, 4, 8, 75, 32, 17, 44, 47, 11, 46, 14, 56, 15, 41, 80, 34, 21, 10, 30, 18, 65, 69, 33, 54, 49, 40, 53, 58, 27, 66, 76, 87, 78, 23, 60, 48, 67, 73, 84, 68, 61, 70, 88]]
149: [[5, 42, 85], [45], [38, 63, 16, 24], [31, 83, 3], [9], [28, 62, 43], [55, 25, 57, 13], [86], [2], [1], [71, 29, 72, 64], [52, 39, 74, 20, 36], [51, 19, 59], [22, 50, 77], [81, 12, 6, 35], [82, 37, 26, 79], [7, 4, 8, 75, 32], [17, 44], [47, 11, 46, 14, 56], [15, 41, 80, 34, 21, 10, 30, 18, 65, 69, 33, 54, 49, 40, 53, 58, 27, 66, 76, 87, 78, 23, 60, 48, 67, 73, 84, 68, 61, 70, 88]]
150: [[5], [42, 85, 45], [38, 63, 16, 24], [31, 83, 3, 9, 28], [62, 43, 55], [25, 57, 13, 86], [2, 1, 71, 29], [72, 64, 52, 39, 74], [20, 36, 51, 19, 59], [22, 50, 77], [81, 12, 6, 35, 82], [37, 26, 79, 7, 4], [8, 75, 32], [17], [44, 47, 11, 46, 14], [56, 15, 41, 80, 34], [21, 10, 30, 18, 65], [69, 33, 54, 49, 40, 53, 58, 27, 66, 76, 87, 78, 23, 60, 48, 67, 73, 84, 68, 61, 70, 88]]
151: [[5, 42, 85, 45], [38, 63, 16], [24, 31, 83, 3], [9, 28, 62], [43, 55, 25, 57], [13, 86, 2, 1, 71], [29, 72, 64, 52, 39], [74, 20, 36, 51, 19], [59, 22, 50], [77, 81, 12, 6, 35], [82, 37, 26, 79, 7], [4], [8, 75, 32, 17, 44, 47, 11, 46, 14, 56, 15, 41, 80, 34, 21, 10, 30, 18, 65, 69, 33, 54, 49, 40, 53, 58, 27, 66, 76, 87, 78, 23, 60, 48, 67, 73, 84, 68, 61, 70, 88]]
152: [[5, 42, 85, 45], [38, 63, 16, 24], [31, 83, 3, 9], [28, 62, 43, 55], [25, 57], [13, 86], [2, 1, 71, 29], [72, 64, 52], [39, 74, 20], [36], [51, 19, 59], [22, 50, 77, 81], [12, 6, 35], [82, 37, 26, 79], [7, 4, 8, 75, 32], [17, 44, 47], [11, 46, 14, 56, 15], [41, 80, 34, 21, 10], [30, 18, 65], [69, 33, 54, 49], [40, 53, 58, 27, 66], [76, 87, 78, 23, 60], [48, 67, 73], [84, 68, 61], [70, 88]]
153: [[5, 42, 85, 45], [38], [63, 16, 24, 31], [83, 3, 9, 28], [62, 43, 55, 25], [57, 13, 86, 2], [1, 71, 29, 72], [64, 52, 39, 74], [20, 36, 51], [19, 59, 22, 50], [77, 81, 12, 6], [35, 82, 37, 26, 79], [7], [4, 8, 75, 32, 17], [44, 47, 11, 46, 14], [56], [15, 41, 80, 34, 21], [10, 30], [18, 65, 69, 33, 54], [49, 40, 53, 58, 27], [66, 76, 87, 78, 23, 60, 48, 67, 73, 84, 68, 61, 70, 88]]
154: [[5, 42, 85, 45, 38], [63, 16, 24, 31, 83], [3, 9, 28, 62, 43], [55, 25, 57, 13, 86], [2, 1], [71, 29, 72], [64, 52, 39, 74], [20, 36, 51], [19], [59], [22, 50, 77, 81, 12, 6, 35, 82, 37, 26, 79, 7, 4, 8, 75, 32, 17, 44, 47, 11, 46, 14, 56, 15, 41, 80, 34, 21, 10, 30, 18, 65, 69, 33, 54, 49, 40, 53, 58, 27, 66, 76, 87, 78, 23, 60, 48, 67, 73, 84, 68, 61, 70, 88]]
155: [[5, 42, 85, 45], [38, 63, 16], [24, 31], [83, 3, 9], [28], [62, 43, 55], [25, 57, 13, 86], [2, 1, 71, 29], [72], [64, 52, 39], [74, 20], [36, 51, 19, 59], [22, 50, 77, 81], [12, 6, 35], [82, 37, 26, 79], [7, 4], [8, 75, 32, 17], [44, 47, 11, 46], [14, 56, 15], [41, 80, 34], [21, 10, 30], [18, 65, 69, 33, 54], [49, 40, 53, 58, 27], [66, 76, 87, 78, 23], [60, 48, 67, 73, 84], [68, 61, 70, 88]]
156: [[5, 42], [85, 45, 38, 63], [16, 24, 31], [83, 3, 9], [28, 62], [43, 55, 25, 57], [13, 86, 2, 1, 71], [29, 72, 64, 52, 39], [74, 20, 36, 51, 19], [59, 22, 50, 77, 81], [12, 6, 35, 82, 37], [26, 79, 7], [4, 8, 75, 32, 17], [44, 47, 11, 46, 14], [56, 15, 41, 80, 34], [21], [10, 30, 18, 65, 69], [33, 54], [49, 40, 53, 58, 27], [66, 76, 87, 78, 23], [60, 48, 67, 73, 84, 68, 61, 70, 88]]
157: [[5, 42, 85], [45, 38, 63, 16], [24, 31, 83, 3], [9, 28], [62, 43, 55], [25, 57, 13, 86, 2], [1, 71], [29, 72, 64, 52], [39, 74, 20, 36], [51, 19, 59, 22], [50, 77, 81, 12, 6], [35, 82, 37], [26, 79, 7, 4], [8, 75, 32, 17], [44, 47, 11], [46, 14, 56, 15], [41, 80, 34], [21, 10, 30], [18, 65, 69, 33, 54], [49, 40, 53, 58, 27], [66, 76, 87, 78], [23, 60, 48, 67], [73, 84, 68], [61, 70, 88]]
158: [[5, 42, 85, 45], [38, 63, 16, 24], [31, 83, 3, 9], [28, 62, 43, 55], [25, 57, 13, 86], [2, 1], [71, 29], [72, 64, 52, 39], [74, 20, 36, 51], [19, 59, 22], [50, 77, 81, 12, 6, 35, 82], [37, 26, 79, 7, 4, 8], [75, 32, 17, 44, 47, 11, 46, 14, 56, 15, 41, 80, 34, 21, 10, 30, 18, 65, 69, 33, 54, 49, 40, 53, 58, 27, 66, 76, 87, 78, 23, 60, 48, 67, 73, 84, 68, 61, 70, 88]]
159: [[5, 42, 85, 45], [38, 63, 16, 24], [31, 83, 3, 9], [28], [62, 43, 55, 25], [57, 13, 86, 2], [1], [71], [29, 72], [64, 52, 39, 74], [20, 36, 51], [19, 59, 22, 50, 77], [81, 12, 6, 35], [82], [37], [26], [79, 7, 4, 8], [75, 32, 17, 44, 47], [11, 46, 14], [56, 15, 41], [80, 34, 21, 10, 30], [18, 65, 69, 33, 54], [49, 40, 53, 58, 27], [66, 76, 87, 78, 23], [60, 48, 67, 73], [84, 68, 61, 70, 88]]
160: [[5, 42], [85, 45, 38, 63], [16, 24, 31], [83, 3, 9, 28], [62, 43, 55, 25], [57, 13, 86], [2, 1, 71, 29], [72, 64, 52, 39], [74, 20, 36], [51, 19], [59, 22, 50, 77], [81, 12, 6, 35], [82, 37, 26, 79], [7, 4, 8], [75, 32, 17], [44, 47, 11], [46, 14, 56], [15], [41], [80, 34, 21, 10], [30, 18, 65, 69, 33, 54, 49, 40], [53, 58, 27], [66, 76, 87, 78, 23, 60, 48, 67, 73, 84, 68, 61, 70, 88]]
161: [[5, 42, 85, 45], [38, 63, 16, 24, 31], [83, 3, 9, 28, 62], [43, 55], [25, 57, 13, 86, 2, 1, 71, 29, 72, 64, 52, 39, 74, 20, 36, 51, 19, 59, 22, 50, 77, 81, 12, 6, 35, 82, 37, 26, 79, 7, 4, 8, 75, 32, 17, 44, 47, 11, 46, 14, 56, 15, 41, 80, 34, 21, 10, 30, 18, 65, 69, 33, 54, 49, 40, 53, 58, 27, 66, 76, 87], [78, 23, 60, 48, 67, 73, 84, 68, 61, 70, 88]]
162: [[5, 42, 85], [45, 38, 63, 16], [24, 31, 83, 3], [9, 28], [62, 43, 55, 25], [57, 13], [86], [2, 1, 71], [29, 72, 64, 52], [39, 74, 20], [36, 51, 19, 59], [22, 50, 77, 81], [12, 6, 35, 82], [37, 26, 79], [7, 4, 8], [75, 32, 17], [44, 47], [11, 46, 14, 56], [15, 41, 80, 34], [21, 10, 30, 18, 65], [69, 33, 54, 49], [40, 53, 58, 27], [66, 76, 87, 78, 23], [60, 48, 67], [73, 84, 68, 61], [70, 88]]
163: [[5, 42, 85, 45], [38, 63, 16, 24], [31, 83], [3, 9, 28], [62, 43, 55], [25, 57, 13, 86], [2, 1, 71, 29], [72, 64, 52], [39, 74, 20, 36], [51, 19, 59, 22], [50, 77, 81, 12, 6], [35, 82, 37, 26], [79, 7, 4, 8, 75], [32, 17, 44, 47], [11, 46, 14, 56, 15], [41, 80, 34, 21, 10], [30, 18, 65], [69, 33, 54, 49, 40], [53, 58, 27], [66], [76, 87, 78], [23, 60, 48, 67, 73], [84, 68, 61, 70, 88]]
164: [[5, 42, 85, 45], [38], [63, 16, 24, 31, 83], [3, 9, 28, 62, 43], [55, 25, 57, 13, 86, 2, 1, 71, 29], [72, 64, 52, 39], [74, 20, 36], [51, 19, 59, 22], [50, 77, 81, 12, 6], [35, 82, 37, 26, 79], [7, 4, 8], [75, 32], [17, 44], [47, 11, 46, 14, 56, 15, 41, 80, 34, 21, 10, 30, 18, 65, 69, 33, 54, 49, 40, 53, 58, 27, 66, 76, 87, 78, 23, 60, 48, 67, 73, 84, 68, 61, 70, 88]]
165: [[5, 42, 85, 45], [38, 63, 16, 24], [31], [83], [3, 9, 28, 62], [43, 55, 25], [57, 13, 86], [2, 1, 71, 29], [72, 64, 52], [39, 74, 20, 36, 51], [19, 59, 22, 50, 77], [81, 12, 6, 35], [82, 37, 26], [79, 7], [4, 8, 75, 32], [17, 44, 47], [11, 46, 14], [56], [15, 41, 80, 34], [21, 10, 30, 18], [65, 69, 33, 54, 49], [40, 53, 58, 27, 66], [76, 87, 78, 23], [60, 48, 67, 73, 84], [68], [61], [70, 88]]
166: [[5, 42, 85, 45], [38, 63, 16], [24, 31, 83, 3], [9, 28, 62, 43], [55, 25, 57, 13], [86, 2, 1, 71, 29], [72, 64, 52, 39, 74, 20, 36, 51, 19, 59, 22, 50, 77, 81, 12, 6, 35, 82, 37, 26, 79, 7, 4, 8, 75, 32, 17, 44, 47, 11, 46, 14, 56, 15, 41, 80, 34, 21, 10, 30, 18, 65, 69, 33, 54, 49, 40, 53, 58, 27, 66, 76, 87, 78, 23, 60, 48, 67, 73, 84, 68, 61, 70, 88]]
167: [[5, 42, 85], [45], [38, 63, 16, 24, 31], [83, 3, 9, 28, 62], [43, 55, 25], [57, 13, 86], [2, 1, 71, 29, 72], [64, 52, 39, 74, 20], [36, 51, 19, 59, 22], [50, 77, 81], [12, 6, 35, 82, 37], [26, 79, 7, 4, 8], [75, 32, 17, 44, 47], [11, 46, 14, 56, 15], [41], [80, 34, 21, 10, 30, 18, 65, 69, 33, 54, 49, 40, 53, 58, 27, 66, 76, 87, 78, 23, 60, 48, 67, 73, 84, 68, 61, 70, 88]]
168: [[5, 42, 85, 45], [38, 63, 16, 24, 31, 83, 3, 9], [28, 62, 43, 55, 25, 57, 13, 86, 2, 1, 71, 29, 72, 64, 52, 39, 74, 20, 36, 51, 19, 59, 22, 50, 77, 81, 12, 6, 35, 82, 37, 26, 79, 7, 4, 8, 75, 32, 17, 44, 47, 11, 46, 14, 56, 15, 41, 80, 34, 21, 10, 30, 18, 65, 69, 33, 54, 49, 40, 53, 58, 27, 66, 76, 87, 78, 23, 60, 48, 67, 73, 84, 68, 61, 70, 88]]
169: [[5, 42, 85, 45], [38, 63], [16], [24, 31, 83, 3], [9, 28, 62], [43, 55, 25], [57, 13, 86, 2], [1, 71, 29, 72, 64], [52, 39, 74, 20], [36, 51, 19, 59], [22, 50, 77], [81, 12, 6, 35], [82, 37, 26, 79], [7, 4, 8, 75, 32], [17], [44, 47, 11], [46, 14, 56], [15, 41, 80, 34], [21, 10, 30, 18], [65, 69], [33, 54, 49], [40, 53, 58, 27], [66, 76, 87, 78, 23], [60, 48], [67, 73, 84, 68, 61], [70, 88]]
170: [[5, 42, 85, 45], [38, 63, 16, 24, 31, 83], [3, 9, 28, 62], [43], [55], [25, 57, 13, 86], [2, 1, 71, 29, 72, 64, 52, 39], [74, 20, 36], [51, 19, 59, 22, 50, 77, 81, 12, 6, 35, 82, 37, 26, 79, 7, 4, 8, 75, 32, 17, 44, 47, 11, 46, 14, 56, 15, 41, 80], [34, 21, 10, 30, 18, 65, 69, 33, 54, 49, 40, 53, 58, 27, 66, 76, 87, 78, 23, 60, 48, 67, 73, 84, 68, 61, 70, 88]]
171: [[5, 42], [85, 45, 38, 63], [16, 24, 31, 83], [3, 9, 28], [62, 43, 55, 25], [57, 13, 86, 2], [1, 71, 29, 72], [64, 52, 39], [74, 20, 36, 51], [19, 59, 22], [50, 77, 81, 12], [6, 35], [82, 37, 26], [79, 7, 4, 8], [75, 32, 17, 44, 47], [11, 46, 14, 56, 15], [41, 80, 34, 21, 10], [30, 18, 65, 69], [33, 54, 49, 40, 53], [58, 27], [66, 76, 87, 78], [23, 60, 48, 67], [73, 84, 68], [61, 70, 88]]
172: [[5, 42, 85, 45], [38, 63, 16, 24], [31], [83], [3, 9, 28, 62], [43, 55, 25, 57], [13, 86, 2, 1], [71, 29, 72, 64], [52, 39, 74, 20], [36, 51, 19], [59, 22, 50, 77], [81, 12, 6, 35], [82, 37, 26], [79, 7, 4, 8, 75], [32, 17, 44], [47, 11, 46, 14], [56, 15, 41, 80, 34], [21, 10, 30, 18, 65], [69, 33, 54], [49, 40, 53, 58, 27], [66, 76, 87], [78, 23, 60, 48], [67, 73, 84, 68], [61, 70, 88]]
173: [[5, 42, 85, 45], [38, 63], [16, 24, 31], [83, 3, 9, 28], [62, 43, 55], [25, 57, 13, 86], [2], [1], [71, 29, 72, 64], [52, 39, 74], [20, 36, 51], [19, 59, 22], [50, 77, 81, 12], [6, 35, 82, 37], [26], [79, 7, 4, 8], [75, 32, 17], [44, 47, 11], [46, 14], [56, 15, 41, 80], [34, 21, 10, 30], [18, 65, 69], [33, 54, 49, 40], [53, 58, 27], [66, 76], [87, 78, 23, 60], [48, 67, 73, 84, 68], [61, 70, 88]]
174: [[5, 42, 85, 45], [38, 63, 16, 24, 31], [83, 3, 9, 28, 62], [43, 55, 25, 57], [13, 86, 2, 1, 71], [29, 72, 64, 52, 39], [74, 20, 36, 51, 19], [59], [22, 50, 77, 81, 12, 6, 35, 82, 37, 26, 79, 7, 4, 8, 75, 32, 17, 44, 47, 11, 46, 14, 56, 15, 41, 80, 34, 21, 10, 30, 18, 65, 69, 33, 54, 49, 40, 53, 58, 27, 66, 76, 87, 78, 23, 60, 48, 67, 73, 84, 68, 61, 70, 88]]
175: [[5, 42, 85, 45], [38], [63], [16, 24, 31, 83, 3], [9, 28, 62], [43, 55, 25], [57, 13, 86, 2], [1, 71, 29], [72, 64, 52, 39], [74, 20], [36, 51, 19], [59, 22, 50], [77, 81, 12, 6], [35, 82, 37, 26], [79, 7, 4, 8], [75, 32, 17, 44], [47, 11, 46, 14, 56, 15, 41, 80, 34, 21, 10, 30, 18, 65, 69, 33, 54, 49, 40, 53, 58, 27, 66, 76, 87, 78, 23, 60, 48, 67, 73, 84, 68, 61, 70, 88]]
