0: [[35, 7, 1, 2], [9, 3, 5, 30, 14, 4, 12, 8, 17, 28, 13, 11, 15, 18, 23, 24, 25, 16, 29, 10, 21, 6], [19, 20, 26, 56, 31, 27, 32, 37, 34, 36, 33], [39, 40, 41, 38, 45, 46, 42, 47, 43, 44, 22, 48], [50, 49, 51, 54, 55, 53, 59, 52, 58, 57, 60]]
1: [[35, 7, 1, 2], [9, 3, 5, 30, 14, 4, 6, 10, 26, 11, 12, 27, 8, 13, 21, 28, 16, 15, 18, 17, 19, 22], [20, 23, 24, 25, 29, 31, 58, 34, 32, 37, 33], [38, 46, 39, 47, 40, 42, 41, 43, 50, 44, 45, 36], [48, 49, 51, 54, 55, 52, 59, 53, 57, 56, 60]]
2: [[35, 7, 1, 2, 9, 3, 5, 30, 14], [4, 6, 8, 10, 11, 15, 13, 25, 12, 27, 18, 19, 26, 17, 16, 21, 20, 22, 23, 31, 28, 24, 29, 56, 40, 33], [36, 32, 37, 39], [45, 38, 44, 46, 34, 43, 41, 42, 47, 54], [51, 53, 48, 50, 58, 49, 52, 55, 59, 57, 60]]
3: [[35, 7, 1, 2, 9, 3, 5, 30, 14], [4, 6, 8, 10, 11, 15, 13, 25, 12, 27, 18, 19, 26, 17, 16, 21, 20, 22, 23, 31, 28, 24, 29, 56, 40, 33], [36, 32, 37, 39], [45, 38, 44, 46, 34, 43, 41, 42, 47, 54], [51, 53, 48, 50, 58, 49, 52, 55, 59, 57, 60]]
4: [[35, 7, 1, 2], [9, 3, 5, 30, 14, 4, 6, 11, 10, 8, 15, 25, 12, 16, 13, 28, 17, 26, 18, 22, 21, 23, 19, 20], [24, 27, 29, 39, 56, 31, 33, 40, 36, 37, 43], [34, 46, 32, 38, 42, 44, 51, 45, 41, 52], [48, 47, 49, 55, 50, 54, 53, 58, 57, 59, 60]]
5: [[35, 7, 1, 2, 9, 3, 5, 30, 14, 4, 12], [6, 16, 25, 8, 11, 15, 21, 10, 13, 22, 27, 17], [19, 23, 52, 28, 18, 26, 31, 33, 29, 32, 20, 24, 34, 40, 36, 41, 45, 37, 38, 47, 39, 44], [51, 42, 43, 46], [49, 48, 50, 53, 55, 54, 56, 59, 58, 57, 60]]
6: [[35, 7, 1, 2, 9, 3, 5, 30, 14, 4, 12], [6, 16, 25, 8, 11, 15, 21, 10, 13, 22, 27, 17], [19, 23, 52, 28, 18, 26, 31, 33, 29, 32, 20, 24, 34, 40, 36, 41, 45, 37, 38, 47, 39, 44], [51, 42, 43, 46], [49, 48, 50, 53, 55, 54, 56, 59, 58, 57, 60]]
7: [[35, 7, 1, 2], [9, 3, 5, 30, 14, 4, 12, 15, 10], [24, 26, 8, 22, 11, 27, 17, 16, 25, 19, 13, 20, 23, 31, 29, 28, 45, 18, 38, 33, 47, 32, 42, 37, 21, 6], [34, 36, 41, 43, 40, 39, 44, 46, 48, 50], [51, 57, 49, 55, 54, 52, 58, 53, 56, 59, 60]]
8: [[35, 7, 1, 2], [9, 3, 5, 30, 14, 4, 12, 15, 10], [24, 26, 8, 22, 11, 27, 17, 16, 25, 19, 13, 20, 23, 31, 29, 28, 45, 18, 38, 33, 47, 32, 42, 37, 21, 6], [34, 36, 41, 43, 40, 39, 44, 46, 48, 50], [51, 57, 49, 55, 54, 52, 58, 53, 56, 59, 60]]
9: [[35, 7, 1, 2], [9, 3, 5, 30, 14, 4, 6, 11], [8, 10, 26, 15, 12, 22, 13, 20, 18, 17, 21, 25, 24, 19, 31, 28, 27, 16, 23, 29, 37, 52, 32, 38, 41, 34, 40], [33, 39, 36, 42, 43, 45, 46, 53, 50, 44], [47, 55, 54, 48, 59, 58, 49, 51, 56, 60, 57]]
10: [[35, 7, 1, 2], [9, 3, 5, 30, 14, 4, 12, 15, 10], [24, 26, 8, 22, 11, 27, 17, 16, 25, 19, 13, 20, 23, 31, 29, 28, 45, 18, 38, 33, 47, 32, 42, 37, 21, 6], [34, 36, 41, 43, 40, 39, 44, 46, 48, 50], [51, 57, 49, 55, 54, 52, 58, 53, 56, 59, 60]]
11: [[35, 7, 1, 2], [9, 3, 5, 30, 14, 4, 12, 15, 10], [24, 26, 8, 22, 11, 27, 17, 16, 25, 19, 13, 20, 23, 31, 29, 28, 45, 18, 38, 33, 47, 32, 42, 37, 21, 6], [34, 36, 41, 43, 40, 39, 44, 46, 48, 50], [51, 57, 49, 55, 54, 52, 58, 53, 56, 59, 60]]
12: [[35, 7, 1, 2, 9, 3, 5, 30, 14, 4], [20, 10, 8, 11, 6, 15, 31, 21, 13, 28, 19], [23, 16, 17, 18, 22, 25, 29, 26, 24, 27, 56, 34, 12, 41, 38, 33, 42, 44, 36, 37, 39, 43, 40, 45], [32, 47, 46, 55], [49, 54, 58, 59, 50, 52, 51, 48, 57, 60, 53]]
13: [[35, 7, 1, 2], [9, 3, 5, 30, 14, 4, 8, 10, 11, 24, 15, 12, 20, 17, 13, 18, 19, 16, 25, 23, 21, 6, 31, 26, 27, 56], [29, 22, 36, 33, 28, 52, 37, 34, 44], [38, 46, 47, 42, 43, 32, 39, 40, 41, 45], [50, 53, 55, 57, 49, 51, 48, 54, 58, 60, 59]]
14: [[35, 7, 1, 2, 9, 3, 5, 30, 14, 4], [12, 15, 10, 24, 26, 8, 22, 11, 27, 17, 16, 25, 19, 13, 20, 23, 31, 29, 28, 45, 18, 38, 33, 47, 32, 42], [37, 21, 6, 34, 36, 41, 43, 40, 39], [44, 46, 48, 50], [51, 57, 49, 55, 54, 52, 58, 53, 56, 59, 60]]
15: [[35, 7, 1, 2], [9, 3, 5, 30, 14, 4, 6, 13, 24, 10, 11, 21, 8, 12, 27, 19, 16, 15, 31, 18, 22, 20, 17, 23, 29, 25], [26, 28, 37, 34, 33, 32, 39, 36, 40], [38, 45, 43, 44, 41, 42, 60, 47, 50, 46], [49, 48, 54, 51, 52, 53, 55, 57, 58, 56, 59]]
16: [[35, 7, 1, 2], [9, 3, 5, 30, 14, 4, 12, 6, 24, 8, 25, 10, 15, 18, 21, 11, 19, 13, 16, 17, 20, 23, 22, 27, 26, 28], [31, 29, 48, 40, 34, 33, 36, 37, 41], [38, 39, 42, 32, 44, 47, 43, 45, 60, 46], [51, 53, 50, 52, 54, 55, 49, 59, 58, 57, 56]]
17: [[35, 7, 1, 2, 9, 3, 5, 30, 14, 4, 8], [6, 28, 12, 27, 13, 31, 10, 11, 17, 15, 25, 18, 16, 20, 22, 23, 21, 24, 43, 19, 26, 32, 39], [33, 38, 36], [55, 29, 34, 37, 41, 40, 44, 42, 45, 47, 48, 50], [51, 46, 49, 53, 54, 52, 58, 60, 57, 59, 56]]
18: [[35, 7, 1, 2, 9, 3, 5, 30, 14, 4, 8], [6, 28, 12, 27, 13, 31, 10, 11, 17, 15, 25, 18, 16, 20, 22, 23, 21, 24, 43, 19, 26, 32, 39], [33, 38, 36], [55, 29, 34, 37, 41, 40, 44, 42, 45, 47, 48, 50], [51, 46, 49, 53, 54, 52, 58, 60, 57, 59, 56]]
19: [[35, 7, 1, 2], [9, 3, 5, 30, 14, 4, 6, 10, 24, 8, 12, 15, 17, 18, 27, 31, 19, 11, 13, 20, 21, 22, 26, 16, 23, 25], [28, 29, 33, 37, 32, 36, 45, 38, 40], [34, 39, 41, 42, 47, 46, 43, 44, 50, 48], [52, 49, 53, 51, 55, 54, 56, 60, 58, 57, 59]]
20: [[35, 7, 1, 2, 9, 3, 5, 30, 14], [4, 6, 15, 20, 10, 8, 24, 26, 27, 11, 23, 28, 22, 13, 16, 19, 17, 18, 21, 31, 25, 29, 40, 12, 34, 33], [41, 37, 42, 39, 32, 44, 36, 43, 45, 38], [46, 47, 50, 53], [51, 54, 55, 49, 56, 52, 57, 48, 59, 58, 60]]
21: [[35, 7, 1, 2], [9, 3, 5, 30, 14, 4, 12, 8, 25, 6, 13, 19, 10, 18, 31, 16, 11, 15, 29, 17, 21, 22, 20, 23], [26, 56, 24, 27, 33, 43, 34, 39, 36, 28], [32, 44, 37, 46, 38, 42, 40, 41, 45, 47, 50], [48, 49, 55, 51, 52, 53, 58, 54, 57, 59, 60]]
22: [[35, 7, 1, 2], [9, 3, 5, 30, 14, 4, 8, 11, 13, 28, 24, 17, 29, 15, 22, 16, 23, 18, 19, 20, 25, 53, 31, 10, 21, 6], [26, 40, 32, 12, 27, 38, 41, 36, 39], [34, 37, 33, 45, 42, 47, 44, 43, 48, 51], [57, 46, 49, 55, 50, 52, 59, 60, 58, 54, 56]]
23: [[35, 7, 1, 2], [9, 3, 5, 30, 14, 4, 22, 10, 26, 8, 28, 6, 12, 16, 27, 29, 15, 11, 13, 20, 23, 18, 24, 19, 21, 25], [31, 36, 17, 59, 33, 32, 47, 38, 42], [34, 37, 41, 39, 40, 45, 43, 44, 50, 48], [46, 53, 57, 51, 49, 52, 60, 54, 55, 56, 58]]
24: [[35, 7, 1, 2], [9, 3, 5, 30, 14, 4, 6, 10, 12, 24, 8, 15, 11, 31, 28, 13, 18, 19, 21, 16, 17, 20, 29, 22, 23, 26], [25, 27, 48, 55, 32, 46, 37, 33, 44], [38, 45, 39, 40, 34, 43, 36, 41, 42, 47], [57, 51, 49, 52, 50, 54, 53, 56, 58, 60, 59]]
25: [[35, 7, 1, 2], [9, 3, 5, 30, 14, 4, 13, 6, 15, 26, 28, 10, 31, 8, 12, 19, 16, 11, 22, 18, 17, 50, 21, 20], [23, 25, 27, 56, 48, 54, 24, 39, 34, 37, 43], [40, 32, 29, 47, 33, 36, 46, 45, 42, 38], [49, 53, 59, 41, 57, 44, 52, 51, 55, 60, 58]]
26: [[35, 7, 1, 2, 9, 3, 5, 30, 14, 4], [6, 8, 12, 10, 11, 24, 27, 15, 21], [28, 25, 13, 23, 16, 19, 18, 29, 20, 17, 22, 26, 34, 40, 33, 32, 31, 43, 37, 41, 36, 39, 46, 44, 47, 38], [42, 45, 48, 53], [49, 57, 51, 55, 52, 50, 58, 54, 56, 59, 60]]
27: [[35, 7, 1, 2], [9, 3, 5, 30, 14, 4, 28, 10, 12, 8, 11, 6, 13, 15, 20, 21, 31, 22, 19, 16, 24, 18, 26], [23, 17, 27, 29, 48, 25, 58, 32], [34, 45, 33, 38, 37, 40, 36, 47, 41, 39, 42, 56, 51, 52], [43, 44, 57, 46, 49, 53, 54, 50, 59, 55, 60]]
28: [[35, 7, 1, 2], [9, 3, 5, 30, 14, 4, 28, 10, 12, 8, 11, 6, 13, 15, 20, 21, 31, 22, 19, 16, 24, 18, 26], [23, 17, 27, 29, 48, 25, 58, 32], [34, 45, 33, 38, 37, 40, 36, 47, 41, 39, 42, 56, 51, 52], [43, 44, 57, 46, 49, 53, 54, 50, 59, 55, 60]]
29: [[35, 7, 1, 2, 9, 3, 5, 30, 14], [4, 6, 10, 25, 8, 13, 11, 12, 18, 15, 27, 16, 31, 17, 19, 20, 21, 22, 23, 26, 24, 28, 29, 39, 40, 34], [32, 36, 37, 45, 42, 38, 41, 33, 43, 47], [44, 46, 60, 48], [49, 52, 50, 53, 51, 54, 55, 59, 58, 57, 56]]
30: [[35, 7, 1, 2], [9, 3, 5, 30, 14, 4, 28, 10, 12, 8, 11, 6, 13, 15, 20, 21, 31, 22, 19, 16, 24, 18, 26], [23, 17, 27, 29, 48, 25, 58, 32], [34, 45, 33, 38, 37, 40, 36, 47, 41, 39, 42, 56, 51, 52], [43, 44, 57, 46, 49, 53, 54, 50, 59, 55, 60]]
31: [[35, 7, 1, 2, 9, 3, 5, 30, 14, 4], [27, 8, 15, 6, 12, 10, 11, 21, 29], [25, 31, 13, 22, 16, 18, 19, 20, 23, 17, 28, 24, 26, 37, 33, 32, 40, 34, 41, 45, 42, 39, 43, 46, 38, 47], [44, 36, 52, 53], [49, 48, 51, 54, 50, 55, 57, 59, 60, 58, 56]]
32: [[35, 7, 1, 2, 9, 3, 5, 30, 14, 4], [26, 8, 21, 6, 28, 27, 10, 29, 11], [12, 31, 13, 19, 18, 15, 16, 23, 22, 17, 20, 24, 25, 37, 33, 32, 36, 34, 40, 41, 42, 39, 45, 47, 38, 43], [44, 46, 52, 53], [49, 48, 51, 50, 54, 55, 57, 59, 56, 58, 60]]
33: [[35, 7, 1, 2, 9, 3, 5, 30, 14, 4], [6, 10, 8, 13, 12, 15, 11, 17, 29, 20, 16, 18, 21, 19, 22, 23, 27, 28, 24, 26, 31, 25, 44, 38, 33, 40], [36, 34, 37, 43], [32, 41, 42, 47, 45, 39, 46, 50, 53], [57, 51, 48, 52, 55, 56, 59, 49, 58, 54, 60]]
34: [[35, 7, 1, 2, 9, 3, 5, 30, 14, 4], [6, 10, 16, 15, 11, 24, 12, 18, 17], [31, 19, 8, 29, 13, 21, 23, 20, 22, 25, 28, 26, 27, 33, 37, 34, 36, 38, 41, 32, 42, 39, 46, 40, 43, 47], [44, 45, 54, 48], [50, 49, 56, 55, 52, 60, 57, 58, 51, 53, 59]]
35: [[35, 7, 1, 2], [9, 3, 5, 30, 14, 4, 6, 13, 20, 25, 24, 10, 11, 29, 12, 8, 15, 27, 19, 31, 17, 16], [21, 22, 18, 26, 23, 60, 36, 28, 32, 39, 40, 38], [33, 37, 41, 34, 46, 43, 45, 59, 42, 44, 47], [51, 49, 48, 54, 50, 52, 53, 55, 58, 56, 57]]
36: [[35, 7, 1, 2, 9, 3, 5, 30, 14, 4], [26, 6, 8, 10, 13, 31, 20, 19, 11, 28, 21, 29, 17, 16, 15, 18, 59, 22, 23, 25, 24, 27, 39, 12, 33, 44], [32, 36, 34, 40, 38, 41, 37, 42, 43], [47, 45, 56, 46], [49, 48, 51, 50, 55, 52, 53, 54, 58, 60, 57]]
37: [[35, 7, 1, 2, 9, 3, 5, 30, 14], [4, 6, 8, 10, 15, 25, 11, 12, 23, 22, 16, 18, 27, 21, 13, 28, 17, 20, 29, 19, 24, 26, 31, 32, 34, 33], [46, 43, 42, 41], [37, 36, 38, 53, 39, 47, 40, 44, 45, 52], [51, 49, 54, 48, 50, 55, 56, 58, 59, 57, 60]]
38: [[35, 7, 1, 2, 9, 3, 5, 30, 14, 4, 6], [12, 8, 10, 13, 24, 11, 17, 31, 15, 18, 19, 16], [22, 23, 54, 21, 25, 26, 28, 29, 27, 40, 42, 20, 36, 32, 39, 45, 44, 33, 46, 37, 34, 38], [43, 41, 47, 51], [50, 52, 53, 49, 60, 48, 55, 59, 58, 56, 57]]
39: [[35, 7, 1, 2], [9, 3, 5, 30, 14, 4, 6, 13, 11, 10, 8, 25, 12, 17, 19, 22, 15, 18, 23, 26, 28, 24, 20, 21, 27, 29], [31, 16, 60, 34, 33, 47, 41, 38, 32], [37, 40, 36, 39, 42, 43, 44, 46, 45, 53], [48, 49, 50, 52, 54, 55, 58, 51, 56, 57, 59]]
40: [[35, 7, 1, 2, 9, 3, 5, 30], [14, 4, 6, 11, 8, 10, 26, 15, 12, 22, 13, 20, 18, 17, 21, 25, 24, 19, 31, 28, 27, 16, 23, 29, 37, 52, 32], [38, 41, 34, 40, 33, 39, 36, 42, 43, 45], [46, 53, 50, 44], [47, 55, 54, 48, 59, 58, 49, 51, 56, 60, 57]]
41: [[35, 7, 1, 2, 9, 3, 5, 30, 14, 4], [12, 10, 28, 25, 8, 18, 11, 23, 13], [15, 19, 6, 21, 16, 29, 54, 27, 17, 24, 22, 31, 20, 26, 32, 50, 36, 37, 33, 38, 39, 34, 40, 47, 41, 42], [43, 44, 45, 46], [48, 51, 52, 60, 49, 53, 55, 56, 59, 57, 58]]
42: [[35, 7, 1, 2], [9, 3, 5, 30, 14, 4, 28, 10, 6, 12, 27, 13, 16, 11, 20, 21, 15, 17, 29, 19, 23, 18, 25], [22, 24, 31, 26, 59, 41, 46, 37], [8, 32, 34, 38, 33, 36, 39, 47, 40, 42, 43, 44, 60, 52], [58, 45, 48, 49, 54, 51, 53, 50, 55, 57, 56]]
43: [[35, 7, 1, 2, 9, 3, 5, 30, 14], [4, 8, 6, 10, 26, 11, 28, 15, 22, 12, 31, 16, 19, 29, 18, 24, 13, 23, 17, 27, 36, 20, 21, 37, 52, 39], [25, 33, 34, 44], [32, 45, 38, 54, 40, 41, 42, 43, 50, 46], [48, 53, 47, 60, 59, 51, 56, 49, 55, 57, 58]]
44: [[35, 7, 1, 2, 9, 3, 5, 30, 14, 4], [13, 8, 10, 12, 29, 15, 24, 18, 22], [16, 17, 19, 20, 21, 23, 6, 25, 26, 27, 60, 47, 11, 36, 28, 37, 40, 31, 32, 45, 39, 42, 33, 41, 38, 43], [34, 56, 54, 50], [49, 44, 52, 55, 46, 48, 51, 58, 59, 57, 53]]
45: [[35, 7, 1, 2, 9, 3, 5, 30, 14, 4], [6, 8, 24, 31, 13, 10, 15, 18, 12], [11, 17, 16, 21, 19, 25, 55, 23, 20, 22, 28, 26, 27, 32, 29, 33, 36, 39, 37, 40, 43, 38, 42, 44, 46, 34], [41, 47, 58, 45], [57, 48, 51, 52, 49, 53, 54, 50, 59, 56, 60]]
46: [[35, 7, 1, 2, 9, 3, 5, 30, 14, 4, 8, 11], [12, 22, 15, 10, 13, 31, 16, 24, 19, 20, 17], [23, 21, 6, 18, 28, 27, 26, 29, 25, 44, 37, 34, 36, 33, 32, 40, 41, 39, 45, 38, 42, 43], [47, 46, 48, 52], [55, 49, 51, 50, 53, 54, 59, 56, 57, 58, 60]]
47: [[35, 7, 1, 2, 9, 3, 5, 30, 14], [4, 12, 10, 6], [13, 8, 11, 24, 19, 15, 29, 22, 31, 23, 18, 21, 16, 25, 27, 20, 58, 28, 26, 32, 39, 17, 40, 38, 34, 36], [37, 46, 41, 33, 45, 44, 43, 42, 56, 48], [47, 49, 51, 50, 55, 52, 54, 53, 57, 59, 60]]
48: [[35, 7, 1, 2, 9, 3, 5, 30, 14, 4, 6], [8, 15, 26, 31, 11, 28, 20, 12, 18, 17, 13, 24, 16, 23, 10, 27, 21, 19, 22, 25, 29, 48, 33, 32], [34, 38, 39, 45], [42, 36, 47, 37, 40, 41, 43, 44, 52, 50], [46, 57, 49, 53, 54, 59, 51, 55, 56, 60, 58]]
49: [[35, 7, 1, 2, 9, 3, 5, 30, 14, 4], [6, 10, 8, 11, 12, 13, 17, 15, 27], [22, 19, 26, 16, 20, 21, 25, 18, 23, 28, 29, 24, 31, 41, 33, 32, 36, 34, 37, 38, 47, 39, 44, 46, 40, 42], [43, 45, 58, 54], [52, 53, 49, 51, 50, 55, 48, 56, 59, 57, 60]]
50: [[35, 7, 1, 2], [9, 3, 5, 30, 14, 4, 13, 12, 8, 27, 15, 11, 26, 10, 29, 6, 16, 18, 17, 23, 19, 20, 22], [21, 24, 31, 43, 25, 28, 42, 48], [46, 32, 37, 39, 33, 36, 34, 38, 40, 44, 45, 47, 51, 52], [41, 49, 54, 55, 50, 58, 57, 56, 59, 53, 60]]
51: [[35, 7, 1, 2, 9, 3, 5, 30], [14, 4, 12, 15, 10, 6, 26, 8, 22, 11, 25, 17, 16, 29, 27, 23, 20, 19, 28, 21, 24, 13, 18], [55, 33, 43, 32], [42, 39, 52, 46, 34, 45, 31, 41, 36, 37, 38, 40, 58, 50], [51, 57, 44, 47, 48, 49, 60, 54, 53, 59, 56]]
52: [[35, 7, 1, 2], [9, 3, 5, 30, 14, 4, 13, 6, 11, 8, 29, 10, 31, 21, 12, 18, 15, 16, 17, 19, 22, 28, 20, 23], [26, 24, 25, 58, 52, 36, 27, 39, 34, 37, 40], [32, 38, 41, 47, 46, 42, 43, 45, 48, 50], [49, 53, 51, 33, 54, 44, 56, 55, 57, 59, 60]]
53: [[35, 7, 1, 2, 9, 3, 5, 30], [14, 4, 8, 10, 6, 13, 26, 15, 11, 17, 21, 16, 18, 31, 23, 22, 28, 20, 12, 29, 19, 24, 25, 32, 27, 38, 36], [46, 47, 34, 33, 37, 39, 45, 41, 43, 44], [40, 42, 50, 52], [51, 49, 54, 48, 53, 55, 56, 58, 57, 60, 59]]
54: [[35, 7, 1, 2, 9, 3, 5, 30, 14], [4, 8, 10, 29, 6, 15, 16, 11, 12, 13, 24, 18, 19, 17, 22, 20, 21, 23, 26, 27, 38, 25, 28, 37, 41, 34], [44, 36, 31, 43], [33, 32, 46, 39, 42, 45, 40, 47, 50, 48], [52, 49, 55, 51, 53, 54, 58, 57, 59, 56, 60]]
55: [[35, 7, 1, 2], [9, 3, 5, 30, 14, 4, 6, 13, 10, 8, 12, 11, 20, 15, 17, 24, 25, 16, 18, 27, 19, 21], [23, 28, 22, 26, 29, 31, 36, 52, 32, 37, 33, 45], [47, 43, 46, 44, 34, 40, 38, 39, 41, 57, 54], [56, 42, 48, 51, 49, 50, 53, 58, 55, 60, 59]]
56: [[35, 7, 1, 2], [9, 3, 5, 30, 14, 4, 11, 26, 8, 12, 20, 13, 29, 28, 15, 18, 16, 19, 23, 17, 22, 10, 21, 6], [24, 25, 27, 31, 49, 33, 37, 32, 34, 36, 39], [40, 38, 46, 41, 45, 42, 43, 44, 47, 48], [51, 59, 50, 53, 52, 55, 56, 54, 60, 57, 58]]
57: [[35, 7, 1, 2, 9, 3, 5, 30, 14], [4, 12, 10, 6], [11, 8, 13, 15, 19, 25, 20, 18, 16, 21, 17, 22, 23, 31, 24, 29, 26, 27, 44, 28, 38, 33, 40, 36, 34, 37], [39, 32, 41, 42, 45, 43, 47, 46, 48, 53], [49, 51, 50, 52, 55, 56, 60, 57, 58, 54, 59]]
58: [[35, 7, 1, 2, 9, 3, 5, 30], [14, 4, 6, 10, 8, 24, 26, 13, 11, 25, 12, 20, 23, 18, 15, 22, 17, 16, 27, 21, 19, 28, 31, 48, 29, 38, 36], [46, 45, 34, 33, 39, 47, 37, 40, 32, 41], [43, 42, 44, 53], [50, 49, 51, 52, 54, 55, 56, 57, 58, 60, 59]]
59: [[35, 7, 1, 2], [9, 3, 5, 30, 14, 4, 6, 10, 11, 24], [8, 19, 13, 12, 29, 28, 25, 15, 18, 22, 17, 26, 16, 20, 23, 21, 27, 52, 31, 51, 33, 60, 42, 45, 36, 32], [34, 38, 39, 41, 43, 37, 47, 40, 53], [49, 48, 44, 46, 55, 56, 54, 57, 58, 50, 59]]
60: [[35, 7, 1, 2, 9, 3, 5, 30, 14, 4, 12], [6, 10, 11, 13, 16, 8, 20, 31, 22, 24, 21, 23], [25, 17, 18, 19, 28, 26, 36, 29, 27, 41, 53, 34, 15, 33, 39, 45, 32, 47, 37, 38, 40, 42], [43, 44, 50, 46], [48, 51, 52, 49, 54, 55, 57, 56, 58, 60, 59]]
61: [[35, 7, 1, 2, 9, 3, 5, 30, 14, 4, 12, 8], [10, 20, 13, 19, 11, 15, 21, 24, 16, 18, 25], [22, 23, 6, 17, 26, 27, 28, 29, 31, 44, 37, 34, 33, 36, 39, 32, 41, 40, 45, 38, 42, 47], [43, 46, 50, 48], [55, 49, 53, 51, 59, 52, 58, 54, 56, 57, 60]]
62: [[35, 7, 1, 2, 9, 3, 5, 30, 14], [4, 6, 15, 24, 12, 26, 8, 20, 10, 31, 25, 19, 11, 21, 13, 16, 23, 17, 18, 22, 41, 27, 28, 33, 43, 34], [29, 45, 36, 32], [37, 38, 39, 40, 42, 46, 44, 47, 48, 50], [49, 57, 53, 51, 54, 52, 55, 58, 56, 59, 60]]
63: [[35, 7, 1, 2, 9, 3, 5, 30, 14, 4, 12, 6], [8, 15, 27, 11, 24, 19, 10, 29, 13, 16, 23], [18, 17, 21, 22, 25, 20, 55, 26, 28, 31, 34, 33, 40, 47, 38, 37, 32, 46, 44, 36, 45, 39], [43, 41, 56, 42], [48, 50, 51, 54, 53, 49, 52, 57, 58, 59, 60]]
64: [[35, 7, 1, 2, 9, 3, 5, 30, 14, 4], [6, 8, 11, 25, 10, 12, 13, 29, 15], [16, 23, 17, 18, 22, 20, 26, 21, 28, 19, 24, 27, 31, 37, 33, 32, 46, 41, 42, 44, 36, 47, 38, 40, 34, 45], [39, 43, 52, 48], [53, 51, 50, 54, 56, 55, 49, 58, 60, 57, 59]]
65: [[35, 7, 1, 2, 9, 3, 5, 30, 14, 4, 15], [12, 10, 27, 29, 11, 13, 17, 8, 26, 19, 16, 20, 23, 18, 21, 31, 6, 22, 24, 25, 28, 48, 32, 34], [38, 40, 37, 41], [33, 36, 42, 46, 39, 43, 45, 44, 47, 51], [50, 53, 55, 49, 54, 56, 52, 57, 59, 60, 58]]
66: [[35, 7, 1, 2, 9, 3, 5, 30, 14, 4, 15], [11, 12, 24, 13, 16, 29, 20, 17, 27, 23, 8, 22, 18, 19, 25, 26, 28, 31, 34, 33, 10, 21, 6], [32, 38, 41, 39, 47, 36, 37, 42, 40, 44], [43, 45, 60, 46, 54], [49, 57, 50, 55, 53, 48, 51, 59, 56, 52, 58]]
67: [[35, 7, 1, 2, 9, 3, 5], [30, 14, 4, 20, 8, 12, 6], [11, 15, 13, 10, 24, 16, 22, 26, 23, 21, 27, 19, 18, 28, 25, 29, 31, 17, 48, 36, 33, 32, 44, 37, 39], [38, 34, 40, 47, 41, 42, 46, 43, 54, 50], [58, 52, 53, 45, 55, 49, 51, 56, 59, 57, 60]]
68: [[35, 7, 1, 2], [9, 3, 5, 30, 14, 4, 12, 10, 6, 8, 11, 31, 19, 15, 20, 17, 23, 13, 25, 16, 21, 22, 26], [18, 27, 28, 24, 53, 41, 37, 32], [44, 45, 29, 36, 33, 38, 34, 43, 39, 47, 42, 48, 58, 52], [49, 40, 51, 46, 55, 57, 50, 54, 59, 56, 60]]
69: [[35, 7, 1, 2], [9, 3, 5, 30, 14, 4, 31, 8, 29, 26, 11, 6, 13, 10, 12, 21, 19, 18, 15, 16, 20, 23, 24, 22], [17, 25, 27, 28, 56, 40, 32, 34, 33, 37, 47], [45, 44, 36, 38, 42, 43, 39, 57, 51, 48], [49, 41, 59, 46, 55, 60, 54, 50, 52, 53, 58]]
70: [[35, 7, 1, 2], [9, 3, 5, 30, 14, 4, 6, 8, 29, 15, 11, 17, 10, 26, 21, 24, 16, 25, 13, 18, 19, 20, 28, 23, 31, 34], [27, 32, 37, 12, 22, 40, 33, 39, 43], [36, 44, 46, 41, 42, 45, 47, 49, 38, 48], [52, 51, 55, 53, 50, 58, 59, 56, 54, 57, 60]]
71: [[35, 7, 1, 2], [9, 3, 5, 30, 14, 4, 12, 6, 21, 15, 13, 25, 8, 29, 10, 17, 23, 19, 26, 18, 11, 16, 27, 20, 28, 22], [24, 56, 41, 49, 52, 38, 32, 42, 43], [34, 45, 31, 37, 36, 39, 44, 40, 46, 47], [51, 48, 33, 50, 54, 53, 55, 58, 57, 59, 60]]
72: [[35, 7, 1, 2, 9, 3, 5, 30, 14, 4], [12, 8, 6, 11, 10, 15, 13, 18, 25, 17], [19, 20, 23, 21, 22, 26, 29, 16, 28, 24, 27, 46, 31, 59, 33, 34, 36, 38, 37, 39, 32, 40, 44, 41, 42], [47, 45, 48, 43], [49, 50, 51, 52, 55, 53, 54, 57, 56, 60, 58]]
73: [[35, 7, 1, 2, 9, 3, 5, 30, 14, 4, 27, 13, 11, 28], [8, 24, 6, 15], [18, 17, 10, 12, 19, 16, 20, 29, 21, 23, 25, 26, 31, 22, 33, 47, 32, 42, 39, 34, 38, 36, 37], [41, 43, 40, 45, 46, 44, 56, 50], [48, 49, 51, 55, 54, 52, 53, 58, 59, 57, 60]]
74: [[35, 7, 1, 2, 9, 3, 5, 30, 14, 4, 12, 6, 24, 8, 25, 10, 15, 18, 21, 11, 19, 13, 16, 17, 20, 23], [22, 27, 26, 28, 31, 29, 48, 40, 34], [33, 36, 37, 41], [38, 39, 42, 32, 44, 47, 43, 45, 60, 46], [51, 53, 50, 52, 54, 55, 49, 59, 58, 57, 56]]
75: [[35, 7, 1, 2, 9, 3, 5, 30], [14, 4, 6, 10, 25, 15, 8, 26, 13, 11, 29, 23, 16, 12, 19, 22, 17, 18, 20, 24, 28, 21, 27, 43, 40, 46, 31], [38, 33, 37, 47, 34, 36, 32, 41, 42, 39], [44, 50, 49, 45], [58, 48, 54, 52, 55, 51, 57, 53, 59, 56, 60]]
76: [[35, 7, 1, 2], [9, 3, 5, 30, 14, 4, 12, 10, 24, 8, 6, 11, 13, 20, 15, 18, 16, 22, 29, 17, 19, 21], [23, 25, 26, 28, 27, 57, 42, 38, 36, 44, 33], [31, 47, 40, 32, 46, 43, 34, 37, 39, 45, 48, 41], [59, 49, 51, 55, 54, 52, 50, 56, 53, 58, 60]]
77: [[35, 7, 1, 2], [9, 3, 5, 30, 14, 4, 12, 10, 24, 8, 6, 11, 13, 20, 15, 18, 16, 22, 29, 17, 19, 21], [23, 25, 26, 28, 27, 57, 42, 38, 36, 44, 33], [31, 47, 40, 32, 46, 43, 34, 37, 39, 45, 48, 41], [59, 49, 51, 55, 54, 52, 50, 56, 53, 58, 60]]
78: [[35, 7, 1, 2, 9, 3, 5, 30, 14, 4, 28, 8, 11, 26], [15, 25, 10, 24], [21, 31, 12, 13, 19, 20, 6, 54, 23, 16, 18, 22, 27, 52, 17, 56, 29, 44, 45, 37, 36, 40, 38], [32, 33, 41, 34, 42, 39, 43, 47], [50, 46, 51, 48, 49, 53, 57, 55, 58, 59, 60]]
79: [[35, 7, 1, 2], [9, 3, 5, 30, 14, 4, 6, 10, 8, 12], [25, 26, 11, 15, 20, 17, 22, 13, 28, 16, 29, 18, 24, 23, 19, 21, 31, 27, 56, 37, 33, 32, 39, 40, 46, 38], [34, 36, 43, 42, 41, 44, 47, 59, 49], [48, 45, 57, 53, 51, 50, 52, 54, 58, 55, 60]]
80: [[35, 7, 1, 2, 9, 3, 5, 30, 14, 4, 12, 10, 6, 8, 28, 15, 29, 11, 21, 18, 13, 20, 19], [16, 26, 22, 23], [24, 25, 27, 31, 56, 17, 54, 32], [33, 45, 36, 38, 37, 34, 44, 39, 41, 40, 46, 42, 47, 51], [43, 53, 49, 57, 48, 58, 52, 50, 59, 55, 60]]
81: [[35, 7, 1, 2], [9, 3, 5, 30, 14, 4, 13, 6, 10, 8, 15, 25, 26, 29, 21, 23, 12, 18, 17, 11, 16, 27, 19, 20, 24, 22], [28, 56, 32, 31, 49, 38, 45, 37, 33], [43, 36, 46, 34, 40, 39, 42, 44, 50, 53], [41, 47, 54, 48, 55, 51, 52, 58, 57, 59, 60]]
82: [[35, 7, 1, 2, 9, 3, 5, 30, 14, 4], [6, 8, 24, 10], [15, 12, 25, 20, 27, 13, 19, 11, 17, 16, 21, 18, 22, 23, 31, 26, 28, 29, 48, 44, 33, 36, 41, 38, 34, 32], [39, 37, 42, 46, 47, 43, 40, 45, 52], [51, 49, 53, 50, 54, 55, 60, 56, 58, 57, 59]]
83: [[35, 7, 1, 2, 9, 3, 5, 30, 14, 4], [6, 8, 10, 12, 13, 24, 15, 11, 16, 28, 17, 19, 23, 18, 20, 52, 27, 31, 21, 29, 22, 57, 26, 32, 47, 46], [41, 25, 45, 42], [37, 44, 33, 43, 38, 34, 36, 39, 50], [40, 49, 48, 51, 54, 58, 53, 55, 56, 59, 60]]
84: [[35, 7, 1, 2, 9, 3, 5, 30, 14, 4], [6, 10, 13, 11, 8, 24, 28, 12, 20, 17, 25, 18, 15, 19, 16, 21, 22, 23, 31, 26, 29, 50, 27, 34, 37, 38], [41, 33, 36, 32], [45, 39, 44, 40, 47, 46, 48, 49, 42], [43, 51, 52, 53, 60, 59, 54, 55, 58, 56, 57]]
85: [[35, 7, 1, 2, 9, 3, 5, 30, 14], [4, 12, 6, 10], [8, 15, 11, 17, 25, 13, 28, 23, 18, 31, 22, 20, 16, 26, 27, 19, 21, 24, 56, 29, 37, 49, 44, 38, 34, 32], [45, 36, 33, 39, 41, 46, 43, 40, 60, 42], [58, 47, 48, 50, 54, 52, 51, 53, 57, 59, 55]]
86: [[35, 7, 1, 2, 9, 3, 5, 30, 14, 4, 11, 16, 12, 25, 8, 20, 27, 31, 13, 15, 23, 18, 17, 10, 21, 6], [19, 22, 28, 24], [26, 29, 36, 39, 33, 32, 38, 34, 41], [37, 45, 43, 40, 42, 47, 44, 46, 58, 48], [49, 55, 51, 50, 52, 53, 54, 56, 59, 57, 60]]
87: [[35, 7, 1, 2, 9, 3, 5, 30, 14, 4, 22, 10, 8, 6], [15, 13, 11, 12, 20, 21, 27, 31], [17, 16, 24, 18, 26, 23, 19, 25, 29, 50, 33, 28, 32, 34, 41, 37, 44, 40, 38, 36, 43, 45, 39], [42, 46, 59, 48], [47, 52, 57, 49, 54, 53, 55, 51, 56, 58, 60]]
88: [[35, 7, 1, 2, 9, 3, 5, 30, 14, 4, 6, 10, 29, 8, 15, 24, 13, 11, 21, 28, 16, 19, 17, 18, 20, 52], [31, 26, 27, 22], [25, 32, 12, 34, 23, 40, 33, 43, 47], [37, 36, 46, 41, 38, 45, 39, 59, 42, 48], [53, 49, 50, 44, 54, 58, 51, 56, 55, 57, 60]]
89: [[35, 7, 1, 2, 9, 3, 5, 30, 14, 4], [6, 24, 8, 23, 10, 11, 12, 13, 15], [18, 17, 16, 20, 21, 19, 28, 27, 29, 22, 25, 31, 34, 56, 39, 32, 40, 33, 26, 42, 45, 36, 44, 37, 47, 38], [41, 43, 46, 49], [50, 57, 48, 55, 51, 52, 54, 58, 53, 59, 60]]
90: [[35, 7, 1, 2, 9, 3, 5, 30, 14, 4, 12, 15, 10, 24, 26, 8, 22, 11, 27, 17, 16, 25, 19, 13, 20, 23], [31, 29, 28, 45, 18, 38, 33, 47, 32], [42, 37, 21, 6], [34, 36, 41, 43, 40, 39, 44, 46, 48, 50], [51, 57, 49, 55, 54, 52, 58, 53, 56, 59, 60]]
91: [[35, 7, 1, 2, 9, 3, 5, 30, 14, 4, 6, 10, 15, 25, 13, 31, 12, 11, 29, 28, 8, 18, 17, 21, 19, 16], [23, 20, 22, 26], [24, 27, 33, 52, 34, 32, 36, 44, 42, 37], [38, 47, 39, 40, 41, 46, 43, 45, 53], [59, 55, 50, 48, 49, 54, 51, 56, 58, 60, 57]]
92: [[35, 7, 1, 2, 9, 3, 5, 30, 14, 4], [8, 10, 6, 12, 27, 11, 31, 17, 29, 24, 19, 20, 21, 22, 13, 15, 16, 28, 56, 25, 18, 23, 44, 26, 32, 38, 57], [33, 36, 41, 39, 46, 40, 42, 43], [45, 47, 34, 37], [49, 48, 50, 52, 55, 51, 53, 54, 58, 60, 59]]
93: [[35, 7, 1, 2, 9, 3, 5, 30, 14, 4, 8, 11, 27, 29, 12, 22, 13, 15, 17, 31, 18, 19, 20, 10, 21, 6], [16, 23, 24, 28, 25, 32, 26, 33, 37], [42, 38, 41, 40, 43, 39, 34, 36, 47, 45], [46, 44, 50, 53], [57, 49, 48, 52, 51, 56, 55, 54, 58, 59, 60]]
94: [[35, 7, 1, 2, 9, 3, 5, 30, 14, 4, 6, 10, 8, 21, 11, 27, 29, 12, 22, 13, 15, 17, 31, 18, 19, 20], [16, 23, 24, 28, 25, 32, 26, 33, 37], [42, 38, 41, 40, 43, 39, 34, 36, 47, 45], [46, 44, 50, 53], [57, 49, 48, 52, 51, 56, 55, 54, 58, 59, 60]]
95: [[35, 7, 1, 2, 9, 3, 5, 30, 14, 4, 12, 10, 6, 13, 8, 15, 11, 18, 16, 29, 21, 22, 23, 19, 17], [24, 25, 27, 20], [58, 28, 26, 41, 31, 33, 40, 46, 34, 36], [47, 42, 32, 37, 38, 44, 39, 43, 45, 48], [57, 50, 49, 54, 55, 52, 51, 53, 56, 59, 60]]
96: [[35, 7, 1, 2], [9, 3, 5, 30, 14, 4, 6, 8, 26, 29], [15, 10, 11, 22, 17, 19, 27, 25, 16, 13, 12, 18, 20, 23, 24, 28, 31, 21, 48, 60, 41, 36, 32, 33, 34, 47], [46, 40, 43, 37, 38, 39, 42, 49, 53], [55, 44, 45, 51, 50, 52, 58, 54, 56, 57, 59]]
97: [[35, 7, 1, 2, 9, 3, 5, 30, 14, 4, 6, 8, 27, 10, 11, 15, 13, 12, 22, 18, 24, 17, 20, 23, 25, 26], [21, 28, 19, 31, 29, 44, 40, 16, 32], [36, 33, 39, 47], [37, 46, 38, 34, 42, 43, 41, 45, 51, 50], [49, 57, 48, 53, 52, 54, 55, 58, 60, 56, 59]]
98: [[35, 7, 1, 2], [9, 3, 5, 30, 14, 4, 12, 6, 10, 8], [15, 11, 13, 25, 16, 24, 31, 19, 17, 22, 20, 28, 18, 21, 23, 29, 26, 57, 58, 54, 53, 44, 39, 32, 41, 27], [37, 33, 38, 34, 42, 43, 45, 50, 47], [48, 51, 36, 40, 46, 49, 52, 55, 56, 59, 60]]
99: [[35, 7, 1, 2], [9, 3, 5, 30, 14, 4, 6, 10, 8], [15, 13, 24, 11, 19, 12, 28, 22, 25, 23, 16, 20, 51, 27, 26, 21, 17, 18, 52, 40, 59, 53, 31, 37, 36, 42], [33, 46, 29, 32, 34, 44, 38, 39, 41, 49], [43, 57, 45, 50, 54, 47, 58, 48, 56, 55, 60]]
100: [[35, 7, 1, 2, 9, 3, 5, 30, 14], [4, 6, 8, 10], [13, 12, 11, 24, 17, 29, 15, 22, 31, 23, 18, 20, 16, 25, 19, 28, 26, 21, 27, 32, 39, 41, 34, 38, 42, 37], [33, 36, 40, 43, 45, 44, 47, 46, 48, 49], [50, 52, 51, 53, 54, 55, 57, 58, 56, 60, 59]]
101: [[35, 7, 1, 2, 9, 3, 5, 30, 14, 4], [6, 10, 27, 11], [13, 8, 15, 21, 17, 18, 23, 16, 29, 19, 20, 12, 22, 25, 28, 24, 31, 26, 60, 36, 33, 32, 34, 37, 44, 38], [39, 40, 41, 43, 42, 46, 45, 49, 47], [48, 57, 51, 50, 52, 58, 53, 55, 59, 54, 56]]
102: [[35, 7, 1, 2, 9, 3, 5, 30, 14, 4, 6, 10, 8, 15, 16, 11, 12, 17, 13, 29, 23, 31, 18, 19, 21, 20], [22, 24, 25, 26], [27, 28, 34, 32, 36, 46, 39, 42, 37], [44, 38, 43, 33, 47, 45, 41, 40, 56, 48], [50, 49, 51, 52, 53, 54, 55, 59, 57, 58, 60]]
103: [[35, 7, 1, 2, 9, 3, 5, 30, 14], [4, 10, 13, 8, 26, 11, 12, 6, 27, 19, 17], [15, 18, 21, 16, 25, 20, 22, 28, 23, 54, 31, 24, 40, 32, 49, 39, 37, 29, 38, 43, 42, 33, 44, 41, 46], [36, 45, 53, 34], [48, 47, 50, 52, 51, 55, 58, 56, 57, 60, 59]]
104: [[35, 7, 1, 2, 9, 3, 5, 30, 14, 4, 12, 29, 11, 8, 26, 13, 15, 16, 17, 22, 19, 20, 24, 10, 21], [49, 18, 23, 28], [25, 27, 58, 41, 31, 33, 40, 37, 42, 32, 6], [38, 34, 39, 36, 43, 44, 45, 46, 47], [54, 55, 50, 53, 59, 57, 56, 48, 51, 52, 60]]
105: [[35, 7, 1, 2, 9, 3, 5, 30, 14, 4, 6, 10, 8, 11, 13, 26, 20, 31, 12, 28, 22, 17, 18, 24, 15, 53], [16, 19, 23, 21], [25, 27, 39, 29, 32, 38, 33, 37, 42], [34, 40, 60, 43, 46, 45, 36, 44, 41, 55], [57, 47, 49, 48, 50, 54, 58, 59, 51, 52, 56]]
106: [[35, 7, 1, 2, 9, 3, 5, 30, 14, 4, 15], [10, 6, 25, 28, 8, 31, 11, 29, 16, 17, 18, 21, 12, 13, 19, 23, 20, 22, 57, 27, 26, 24, 44, 34], [33, 32, 36, 38], [37, 39, 40, 45, 46, 43, 47, 41, 52, 50], [49, 51, 55, 42, 48, 56, 53, 54, 59, 60, 58]]
107: [[35, 7, 1, 2, 9, 3, 5, 30, 14, 4, 12, 15, 6, 11, 10, 8, 13, 19, 17, 23, 25, 21], [16, 18, 20, 22, 27, 28, 24, 29, 31, 60, 40], [32, 36, 38, 33, 34, 47, 26, 37, 39, 41, 43, 44], [42, 46, 45, 49], [50, 57, 52, 48, 51, 54, 58, 55, 53, 56, 59]]
108: [[35, 7, 1, 2, 9, 3, 5, 30, 14, 4, 6, 8, 12, 13, 11, 19, 10, 27, 15, 16, 17, 29, 18, 23], [21, 20, 28, 31, 25, 24, 26, 48, 45, 34], [22, 37, 33, 39, 32, 36, 38, 46, 40, 42, 41], [43, 44, 50, 47], [53, 51, 55, 49, 54, 58, 59, 57, 52, 56, 60]]
109: [[35, 7, 1, 2, 9, 3, 5, 30, 14, 4, 6, 11, 10, 8, 13, 27, 20, 15, 12, 21, 24, 19, 16, 22], [17, 18, 29, 25], [23, 31, 26, 59, 53, 38, 37, 28, 32, 33, 36], [34, 42, 46, 39, 40, 43, 47, 45, 44, 50], [57, 41, 49, 48, 51, 52, 54, 56, 55, 58, 60]]
110: [[35, 7, 1, 2, 9, 3, 5, 30, 14, 4, 10, 6, 16, 8, 27, 26, 19, 11, 21, 13, 23, 12, 20, 17, 15, 54], [18, 22, 24, 29, 31, 25, 52, 32, 43], [41, 37, 28, 33], [38, 36, 44, 39, 46, 40, 42, 47, 45, 34], [55, 53, 50, 49, 48, 51, 57, 56, 58, 59, 60]]
111: [[35, 7, 1, 2, 9, 3, 5, 30, 14, 4, 6, 10, 31, 26, 12, 11, 13, 8, 16, 19, 21, 18, 17, 23, 20, 34], [22, 15, 27, 25], [28, 24, 56, 54, 29, 32, 33, 36, 47, 40], [38, 45, 39, 41, 43, 44, 42, 46, 37], [48, 57, 59, 49, 58, 50, 52, 51, 53, 55, 60]]
112: [[35, 7, 1, 2, 9, 3, 5, 30, 14, 4, 12, 6, 8, 10, 11, 31, 13, 25, 15, 22, 17, 16], [23, 27, 19, 28, 24, 29, 21, 20, 18, 48, 26], [34, 33, 47, 44], [32, 39, 42, 37, 36, 38, 43, 40, 41, 45, 52, 46], [49, 53, 55, 51, 50, 56, 57, 54, 59, 58, 60]]
113: [[35, 7, 1, 2, 9, 3, 5, 30, 14, 4, 12, 10, 6, 24, 26, 8, 13, 27, 15, 17, 16, 25, 11, 29, 20, 23], [19, 22, 28, 31, 18, 36, 33, 34, 32], [38, 42, 21, 43], [44, 37, 41, 40, 45, 39, 46, 47, 52, 50], [51, 53, 48, 55, 49, 54, 58, 60, 56, 59, 57]]
114: [[35, 7, 1, 2, 9, 3, 5, 30, 14, 4, 6, 8, 17, 13, 11, 10, 18, 26, 12, 25, 20, 28, 15, 19, 23, 21], [16, 22, 31, 48], [24, 27, 37, 40, 42, 29, 32, 36, 41, 38], [44, 39, 33, 34, 43, 45, 46, 47, 49], [52, 51, 55, 57, 50, 54, 53, 56, 58, 59, 60]]
115: [[35, 7, 1, 2, 9, 3, 5, 30, 14, 4, 12, 6, 11, 10, 25, 15, 17, 16, 13, 23, 18, 20], [31, 22, 19, 48], [21, 27, 28, 24, 26, 52, 29, 32, 8, 38, 42], [34, 37, 40, 33, 60, 47, 39, 41, 44, 45, 43, 36], [46, 53, 57, 54, 55, 56, 49, 51, 50, 59, 58]]
116: [[35, 7, 1, 2, 9, 3, 5, 30, 14, 4], [6, 10, 8, 13], [15, 25, 16, 18, 12, 11, 19, 31, 21, 17, 29, 54, 23, 22, 24, 20, 26, 27, 48, 28, 49, 37, 33, 36], [44, 42, 38, 32, 34, 39, 40, 47, 41, 50, 45], [43, 46, 58, 51, 53, 55, 56, 52, 59, 57, 60]]
117: [[35, 7, 1, 2, 9, 3, 5, 30, 14, 4, 6, 15, 18, 24, 10, 8, 29, 19, 12, 13, 20, 11, 16, 21, 22, 49], [28, 23, 27, 25, 33, 17, 26, 31, 32], [42, 41, 37, 45], [34, 36, 54, 38, 39, 40, 43, 44, 46, 47], [50, 48, 51, 53, 55, 52, 56, 59, 58, 57, 60]]
118: [[35, 7, 1, 2, 9, 3, 5, 30, 14, 4, 19, 10, 11, 6, 12, 8, 13, 29, 15, 17, 23, 25, 22, 16, 18, 20], [21, 24, 26, 28, 27, 31, 37, 33, 32], [42, 34, 41, 47, 38, 39, 43, 46, 36, 40], [44, 52, 50, 51], [49, 48, 45, 54, 55, 56, 53, 59, 60, 57, 58]]
119: [[35, 7, 1, 2, 9, 3, 5, 30, 14, 4, 8, 26, 27, 25, 12, 11, 13, 29, 23, 19, 28, 16, 17, 10, 21, 6], [24, 22, 15], [20, 18, 31, 33, 32, 49, 38, 37, 42, 45, 47], [39, 34, 56, 41, 46, 36, 40, 43, 53], [48, 44, 51, 54, 50, 52, 57, 60, 59, 55, 58]]
120: [[35, 7, 1, 2, 9, 3, 5, 30, 14, 4, 6, 10, 11, 27, 12, 8, 13, 19, 15, 25, 16, 17, 21, 18, 20, 23], [22, 24, 26, 56, 28, 29, 48, 44, 32], [34, 37, 31, 33], [36, 38, 57, 39, 40, 43, 42, 47, 45, 55], [46, 41, 49, 53, 51, 52, 50, 54, 58, 59, 60]]
121: [[35, 7, 1, 2, 9, 3, 5, 30, 14, 4, 12, 10, 13, 24, 8, 15, 29, 11, 27, 20, 16, 25, 19, 31, 17, 23], [59, 28, 18, 53, 6, 39, 44, 47, 33], [42, 37, 21, 22], [34, 26, 32, 40, 36, 38, 46, 41, 50, 52], [49, 57, 43, 55, 45, 48, 51, 54, 60, 58, 56]]
