0: [[23, 21], [10, 14], [3, 6, 5, 16], [1, 9, 17, 20, 2], [7, 24, 11], [13, 18, 8, 12, 19, 15], [22, 4]]
1: [[23, 21], [10, 14], [3, 6, 5], [16, 1, 9], [17, 20], [2, 7, 24, 11], [13, 18, 8, 12, 19, 15], [22, 4]]
2: [[23, 21], [6], [5, 16, 3], [1, 9], [17, 20, 2, 7, 24, 11, 10, 14], [13, 18, 8, 12, 19, 15], [22, 4]]
3: [[23, 21], [6], [5, 16, 3], [1, 9], [17, 20, 2, 7, 24, 11, 10, 14], [13, 18, 8, 12, 19, 15], [22, 4]]
4: [[23, 21], [10, 14], [3, 6, 5], [16, 1, 9], [17, 20, 2, 7, 24, 11, 13, 18, 8, 12, 19, 15], [22, 4]]
5: [[23, 21], [10, 14], [3, 6, 5, 16, 1, 9, 17], [20, 2, 7, 24, 11, 13, 18, 8], [12, 19, 15], [22, 4]]
6: [[23, 21], [10, 14], [3, 6, 5], [16, 1], [9, 17, 20, 2, 7, 24, 11, 13, 18, 8, 12, 19, 15], [22, 4]]
7: [[23, 21], [10, 14], [3, 6], [5, 16], [1, 9], [17, 20], [2, 7, 24, 11], [13, 18, 8], [12, 19], [15, 22, 4]]
8: [[23, 21], [10, 14], [3, 6, 5, 16, 1, 9, 20, 2, 7, 24, 11, 13, 18, 8, 17], [19, 15, 22, 4, 12]]
9: [[23, 21], [10, 14], [3, 6, 5, 16], [1, 9], [17, 20, 2, 7], [24, 11], [13, 18, 8, 12], [19, 15, 22, 4]]
10: [[23, 21], [6, 5], [16, 1, 3], [9, 17], [20, 2, 10, 14], [7, 24, 11, 13, 18, 8, 12, 19, 15, 22, 4]]
11: [[23, 21], [3, 6, 5, 16, 1, 9], [17, 20, 2, 7, 10, 14], [24, 11, 13, 18, 8, 12, 19, 15, 22, 4]]
12: [[23, 21], [10, 14], [3, 6], [5, 16, 1, 9, 17, 20, 2, 7, 24, 11, 13], [18, 8, 12, 19, 15, 22, 4]]
13: [[23, 21], [10, 14], [3, 6], [5, 16], [1, 9], [17, 20, 2, 7, 24, 11, 13, 18, 8, 12, 19, 15], [22, 4]]
14: [[23, 21], [10, 14], [3, 6], [5, 16, 1, 9, 17, 20, 2, 7, 24, 11, 13], [18, 8, 12, 19, 15, 22, 4]]
15: [[23, 21], [10, 14, 3, 6, 5, 16, 1, 9, 17, 20, 2, 7, 24, 11, 13, 18, 8, 12, 19], [15, 22, 4]]
16: [[23, 21], [6], [5, 16, 3], [1, 9], [17, 20, 2, 7, 24, 10, 14], [11, 13, 18, 8, 12, 19], [15, 22, 4]]
17: [[23, 21], [10, 14], [3, 6, 5], [16, 1, 9, 17, 20, 2, 7], [24, 11, 13, 18, 8, 12], [19, 15], [22, 4]]
18: [[23, 21], [10, 14, 3, 6, 5, 16, 1, 9, 17, 20, 2, 7, 24, 11, 13, 18, 8, 12, 19, 15], [22, 4]]
19: [[23, 21], [14, 6, 10, 3], [5, 16, 1], [9, 17, 20, 2, 7, 24, 11, 13, 18, 8, 12, 19, 15], [22, 4]]
20: [[23, 21], [10, 14], [3, 6, 5, 16], [1, 9, 17], [20, 2, 7, 24, 11, 13, 18, 8, 12, 19, 15, 22, 4]]
21: [[23, 21], [14, 10], [3, 6, 5, 16, 9, 17, 1], [20, 2], [7, 24, 11, 13, 18, 8, 12, 19, 15, 22, 4]]
22: [[23, 21], [10, 14], [3, 6, 5, 16], [1, 9], [17, 20], [2, 7], [24, 11], [13, 18], [8, 12, 19, 15], [22, 4]]
23: [[23, 21], [6], [5, 16, 1, 9, 3], [17, 20, 2, 7, 24, 10, 14], [11, 13], [18, 8, 12, 19, 15], [22, 4]]
24: [[23, 21], [6, 5, 16, 1, 9, 3], [17, 20, 2, 7, 24, 10, 14], [11, 13, 18], [8, 12, 19], [15, 22, 4]]
25: [[23, 21], [10, 14, 3], [6, 5, 16, 1, 9, 17], [20, 2, 7, 24, 11, 13], [18, 8], [12, 19, 15, 22, 4]]
26: [[23, 21], [10, 14], [3, 6, 5, 16, 1, 9, 17, 20, 2, 7, 24, 11, 13, 18, 8, 12, 19, 15, 22, 4]]
27: [[23, 21], [6], [5, 16, 3], [1, 9], [17, 20, 2, 10, 14], [7, 24, 11, 13, 18, 8, 12, 19, 15, 22, 4]]
28: [[23, 21], [10, 14, 3], [6, 5, 16], [1, 9], [17, 20], [2, 7], [24, 11], [13, 18, 8], [12, 19], [15, 22, 4]]
29: [[23, 21], [6], [5, 16, 3], [1, 9, 17, 20, 2, 7, 24, 11, 13, 18, 8, 12, 19, 15, 22], [4, 10, 14]]
30: [[23, 21], [10, 14], [3, 6, 5], [16, 1], [9, 17], [20, 2, 7, 24], [11, 13, 18, 8], [12, 19], [15, 22, 4]]
31: [[23, 21], [10, 14, 3, 6, 5, 16, 1, 9, 17], [20, 2, 7, 24, 11, 13, 18, 8, 12, 19, 15, 22, 4]]
32: [[23, 21], [6], [5, 16, 3], [1, 9], [17, 20, 10, 14], [2, 7, 24, 11, 13, 18, 8, 12, 19, 15, 22, 4]]
33: [[23, 21], [10, 14], [3, 6, 5], [16, 1], [9, 17, 20, 2], [7, 24], [11, 13], [18, 8], [12, 19, 15], [22, 4]]
34: [[23, 21], [10, 14, 3, 6], [5, 16], [1, 9, 20, 2, 7, 24, 11, 13, 18, 8, 19, 15, 22, 4, 17, 12]]
35: [[23, 21], [10, 14], [3, 6], [5, 16, 1], [9, 17, 20, 2], [7, 24], [11, 13, 18, 8, 12, 19, 15, 22, 4]]
36: [[23, 21], [10, 14, 3], [6, 5, 16], [1, 9, 17], [20, 2, 7], [24, 11], [13, 18, 8, 12, 19, 15, 22, 4]]
37: [[23, 21], [3, 6, 10, 14], [5, 16, 1], [9, 17], [20, 2, 7, 24, 11, 13, 18, 8, 12, 19, 15, 22, 4]]
38: [[23, 21], [10, 14, 3, 6], [5, 16, 1], [9, 20, 2, 7, 24, 11, 13, 18, 8, 19, 15, 22, 4, 17, 12]]
39: [[23, 21], [10, 14], [3, 6, 5], [16, 1], [9, 17], [20, 2, 7], [24, 11, 13], [18, 8], [12, 19, 15], [22, 4]]
40: [[23, 21], [10, 14], [3, 6], [5, 16, 1], [9, 17], [20, 2, 7], [24, 11], [13, 18], [8, 12, 19, 15], [22, 4]]
41: [[23, 21], [10, 14], [3, 6, 5], [16, 1], [9, 17, 20], [2, 7], [24, 11, 13, 18], [8, 12], [19, 15, 22, 4]]
42: [[23, 21], [10, 14], [3, 6], [5, 16, 1, 9], [17, 20, 2, 7], [24, 11, 13, 18], [8, 12, 19, 15, 22, 4]]
43: [[23, 21], [10, 14], [3, 6, 5], [16, 1, 9], [17, 20], [2, 7], [24, 11], [13, 18], [8, 12], [19, 15, 22, 4]]
44: [[23, 21], [10, 14], [3, 6], [5, 16], [1, 9], [17, 20, 2, 7], [24, 11, 13, 18], [8, 12, 19, 15, 22, 4]]
45: [[23, 21], [10, 14], [3, 6], [5, 16], [1, 9], [17, 20], [2, 7], [24, 11, 13, 18], [8, 12, 19, 15, 22, 4]]
46: [[23, 14, 3, 6, 5, 16, 10], [1, 9, 17, 20, 2], [7, 24, 21], [11, 13], [18, 8, 12, 19, 15, 22, 4]]
47: [[23, 21, 10, 14, 3], [6, 5, 16, 1, 9, 17, 20, 2, 7, 24, 11, 13, 18, 8], [12, 19, 15, 22, 4]]
48: [[23], [3, 6], [5, 16], [1, 9, 17], [20, 2, 10, 14], [7, 24, 21], [11, 13, 18, 8, 12, 19, 15, 22, 4]]
49: [[23, 21, 10], [14, 3, 6, 5, 16, 1, 9, 17, 20, 2, 7, 24, 11, 13, 18, 8, 12, 19, 15], [22, 4]]
