0: [[59, 12, 69, 43, 1, 22, 7, 36, 10, 4, 3, 6, 5, 2, 9, 13, 31, 25], [11, 15, 14, 16, 19, 21, 17, 26, 20, 24, 23, 28, 30, 29, 33, 34, 41], [27, 54, 51, 32, 53, 39, 18, 8, 56, 35, 46, 40, 38, 42, 44, 47, 45, 49], [48, 37, 50, 55, 60, 52, 61, 62, 57, 58, 63, 66, 67, 68, 70, 65, 64, 77], [78, 71, 76, 74, 73, 75, 72, 79, 85, 82, 80, 83, 81, 86, 84, 87, 88]]
1: [[59, 12, 69, 43, 1, 22, 7, 36, 10, 4, 3, 6, 5, 2, 9, 13, 31, 25], [11, 15, 14, 16, 19, 21, 17, 26, 20, 24, 23, 28, 30, 29, 33, 34, 41], [27, 54, 51, 32, 53, 39, 18, 8, 56, 35, 46, 40, 38, 42, 44, 47, 45, 49], [48, 37, 50, 55, 60, 52, 61, 62, 57, 58, 63, 66, 67, 68, 70, 65, 64, 77], [78, 71, 76, 74, 73, 75, 72, 79, 85, 82, 80, 83, 81, 86, 84, 87, 88]]
2: [[59, 12, 69, 43, 1, 22, 7, 36, 10, 4, 3, 6, 5, 2, 9, 13, 31, 25], [11, 15, 14, 16, 19, 21, 17, 26, 20, 24, 23, 28, 30, 29, 33, 34, 41], [27, 54, 51, 32, 53, 39, 18, 8, 56, 35, 46, 40, 38, 42, 44, 47, 45, 49], [48, 37, 50, 55, 60, 52, 61, 62, 57, 58, 63, 66, 67, 68, 70, 65, 64, 77], [78, 71, 76, 74, 73, 75, 72, 79, 85, 82, 80, 83, 81, 86, 84, 87, 88]]
3: [[59, 12, 69, 43, 1, 22, 7, 36, 10, 4, 3, 6, 5, 2, 9, 13, 31, 25], [11, 15, 14, 16, 19, 21, 17, 26, 20, 24, 23, 28, 30, 29, 33, 34, 41], [27, 54, 51, 32, 53, 39, 18, 8, 56, 35, 46, 40, 38, 42, 44, 47, 45, 49], [48, 37, 50, 55, 60, 52, 61, 62, 57, 58, 63, 66, 67, 68, 70, 65, 64, 77], [78, 71, 76, 74, 73, 75, 72, 79, 85, 82, 80, 83, 81, 86, 84, 87, 88]]
4: [[59, 12, 69, 43, 1, 22, 7, 36, 10, 4, 3, 6, 5, 2, 9, 13, 31, 25], [11, 15, 14, 16, 19, 21, 17, 26, 20, 24, 23, 28, 30, 29, 33, 34, 41], [27, 54, 51, 32, 53, 39, 18, 8, 56, 35, 46, 40, 38, 42, 44, 47, 45, 49], [48, 37, 50, 55, 60, 52, 61, 62, 57, 58, 63, 66, 67, 68, 70, 65, 64, 77], [78, 71, 76, 74, 73, 75, 72, 79, 85, 82, 80, 83, 81, 86, 84, 87, 88]]
5: [[59, 12, 69, 43, 1, 22, 7, 36, 10, 4, 3, 6, 5, 2, 9, 13, 31, 25], [11, 15, 14, 16, 19, 21, 17, 26, 20, 24, 23, 28, 30, 29, 33, 34, 41], [27, 54, 51, 32, 53, 39, 18, 8, 56, 35, 46, 40, 38, 42, 44, 47, 45, 49], [48, 37, 50, 55, 60, 52, 61, 62, 57, 58, 63, 66, 67, 68, 70, 65, 64, 77], [78, 71, 76, 74, 73, 75, 72, 79, 85, 82, 80, 83, 81, 86, 84, 87, 88]]
6: [[59, 12, 69, 43, 1, 22, 7, 36, 10, 4, 3, 6, 5, 2, 9, 13, 31, 25], [11, 15, 14, 16, 19, 21, 17, 26, 20, 24, 23, 28, 30, 29, 33, 34, 41], [27, 54, 51, 32, 53, 39, 18, 8, 56, 35, 46, 40, 38, 42, 44, 47, 45, 49], [48, 37, 50, 55, 60, 52, 61, 62, 57, 58, 63, 66, 67, 68, 70, 65, 64, 77], [78, 71, 76, 74, 73, 75, 72, 79, 85, 82, 80, 83, 81, 86, 84, 87, 88]]
7: [[59, 12, 69, 43, 1, 22, 7, 36, 10, 4, 3, 6, 5, 2, 9, 13, 31, 25], [11, 15, 14, 16, 19, 21, 17, 26, 20, 24, 23, 28, 30, 29, 33, 34, 41], [27, 54, 51, 32, 53, 39, 18, 8, 56, 35, 46, 40, 38, 42, 44, 47, 45, 49], [48, 37, 50, 55, 60, 52, 61, 62, 57, 58, 63, 66, 67, 68, 70, 65, 64, 77], [78, 71, 76, 74, 73, 75, 72, 79, 85, 82, 80, 83, 81, 86, 84, 87, 88]]
8: [[59, 12, 69, 43, 1, 22, 7, 36, 10, 4, 3, 6, 5, 2, 9, 13, 31, 25], [11, 15, 14, 16, 19, 21, 17, 26, 20, 24, 23, 28, 30, 29, 33, 34, 41], [27, 54, 51, 32, 53, 39, 18, 8, 56, 35, 46, 40, 38, 42, 44, 47, 45, 49], [48, 37, 50, 55, 60, 52, 61, 62, 57, 58, 63, 66, 67, 68, 70, 65, 64, 77], [78, 71, 76, 74, 73, 75, 72, 79, 85, 82, 80, 83, 81, 86, 84, 87, 88]]
9: [[59, 12, 69, 43, 1, 22, 7, 36, 10, 4, 3, 6, 5, 2, 9, 13, 31, 25], [11, 15, 14, 16, 19, 21, 17, 26, 20, 24, 23, 28, 30, 29, 33, 34, 41], [27, 54, 51, 32, 53, 39, 18, 8, 56, 35, 46, 40, 38, 42, 44, 47, 45, 49], [48, 37, 50, 55, 60, 52, 61, 62, 57, 58, 63, 66, 67, 68, 70, 65, 64, 77], [78, 71, 76, 74, 73, 75, 72, 79, 85, 82, 80, 83, 81, 86, 84, 87, 88]]
10: [[59, 12, 69, 43, 1, 22, 7, 36, 10, 4, 3, 6, 5, 2, 9, 13, 31, 25], [11, 15, 14, 16, 19, 21, 17, 26, 20, 24, 23, 28, 30, 29, 33, 34, 41], [27, 54, 51, 32, 53, 39, 18, 8, 56, 35, 46, 40, 38, 42, 44, 47, 45, 49], [48, 37, 50, 55, 60, 52, 61, 62, 57, 58, 63, 66, 67, 68, 70, 65, 64, 77], [78, 71, 76, 74, 73, 75, 72, 79, 85, 82, 80, 83, 81, 86, 84, 87, 88]]
11: [[59, 12, 69, 43, 1, 22, 7, 36, 10, 4, 3, 6, 5, 2, 9, 13, 31, 25], [11, 15, 14, 16, 19, 21, 17, 26, 20, 24, 23, 28, 30, 29, 33, 34, 41], [27, 54, 51, 32, 53, 39, 18, 8, 56, 35, 46, 40, 38, 42, 44, 47, 45, 49], [48, 37, 50, 55, 60, 52, 61, 62, 57, 58, 63, 66, 67, 68, 70, 65, 64, 77], [78, 71, 76, 74, 73, 75, 72, 79, 85, 82, 80, 83, 81, 86, 84, 87, 88]]
12: [[59, 12, 69, 43, 1, 22, 7, 36, 10, 4, 3, 6, 5, 2, 9, 13, 31, 25], [11, 15, 14, 16, 19, 21, 17, 26, 20, 24, 23, 28, 30, 29, 33, 34, 41], [27, 54, 51, 32, 53, 39, 18, 8, 56, 35, 46, 40, 38, 42, 44, 47, 45, 49], [48, 37, 50, 55, 60, 52, 61, 62, 57, 58, 63, 66, 67, 68, 70, 65, 64, 77], [78, 71, 76, 74, 73, 75, 72, 79, 85, 82, 80, 83, 81, 86, 84, 87, 88]]
13: [[59, 12, 69, 43, 1, 22, 7, 36, 10, 4, 3, 6, 5, 2, 9, 13, 31, 25], [11, 15, 14, 16, 19, 21, 17, 26, 20, 24, 23, 28, 30, 29, 33, 34, 41], [27, 54, 51, 32, 53, 39, 18, 8, 56, 35, 46, 40, 38, 42, 44, 47, 45, 49], [48, 37, 50, 55, 60, 52, 61, 62, 57, 58, 63, 66, 67, 68, 70, 65, 64, 77], [78, 71, 76, 74, 73, 75, 72, 79, 85, 82, 80, 83, 81, 86, 84, 87, 88]]
14: [[59, 12, 69, 43, 1, 22, 7, 36, 10, 4, 3, 6, 5, 2, 9, 13, 31, 25], [11, 15, 14, 16, 19, 21, 17, 26, 20, 24, 23, 28, 30, 29, 33, 34, 41], [27, 54, 51, 32, 53, 39, 18, 8, 56, 35, 46, 40, 38, 42, 44, 47, 45, 49], [48, 37, 50, 55, 60, 52, 61, 62, 57, 58, 63, 66, 67, 68, 70, 65, 64, 77], [78, 71, 76, 74, 73, 75, 72, 79, 85, 82, 80, 83, 81, 86, 84, 87, 88]]
15: [[59, 12, 69, 43, 1, 22, 7, 36, 10, 4, 3, 6, 5, 2, 9, 13, 31, 25], [11, 15, 14, 16, 19, 21, 17, 26, 20, 24, 23, 28, 30, 29, 33, 34, 41], [27, 54, 51, 32, 53, 39, 18, 8, 56, 35, 46, 40, 38, 42, 44, 47, 45, 49], [48, 37, 50, 55, 60, 52, 61, 62, 57, 58, 63, 66, 67, 68, 70, 65, 64, 77], [78, 71, 76, 74, 73, 75, 72, 79, 85, 82, 80, 83, 81, 86, 84, 87, 88]]
16: [[59, 12, 69, 43, 1, 22, 7, 36, 10, 4, 3, 6, 5, 2, 9, 13, 31, 25], [11, 15, 14, 16, 19, 21, 17, 26, 20, 24, 23, 28, 30, 29, 33, 34, 41], [27, 54, 51, 32, 53, 39, 18, 8, 56, 35, 46, 40, 38, 42, 44, 47, 45, 49], [48, 37, 50, 55, 60, 52, 61, 62, 57, 58, 63, 66, 67, 68, 70, 65, 64, 77], [78, 71, 76, 74, 73, 75, 72, 79, 85, 82, 80, 83, 81, 86, 84, 87, 88]]
17: [[59, 12, 69, 43, 1, 22, 7, 36, 10, 4, 3, 6, 5, 2, 9, 13, 31, 25], [11, 15, 14, 16, 19, 21, 17, 26, 20, 24, 23, 28, 30, 29, 33, 34, 41], [27, 54, 51, 32, 53, 39, 18, 8, 56, 35, 46, 40, 38, 42, 44, 47, 45, 49], [48, 37, 50, 55, 60, 52, 61, 62, 57, 58, 63, 66, 67, 68, 70, 65, 64, 77], [78, 71, 76, 74, 73, 75, 72, 79, 85, 82, 80, 83, 81, 86, 84, 87, 88]]
18: [[59, 12, 69, 43, 1, 22, 7, 36, 10, 4, 3, 6, 5, 2, 9, 13, 31, 25], [11, 15, 14, 16, 19, 21, 17, 26, 20, 24, 23, 28, 30, 29, 33, 34, 41], [27, 54, 51, 32, 53, 39, 18, 8, 56, 35, 46, 40, 38, 42, 44, 47, 45, 49], [48, 37, 50, 55, 60, 52, 61, 62, 57, 58, 63, 66, 67, 68, 70, 65, 64, 77], [78, 71, 76, 74, 73, 75, 72, 79, 85, 82, 80, 83, 81, 86, 84, 87, 88]]
19: [[59, 12, 69, 43, 1, 22, 7, 36, 10, 4, 3, 6, 5, 2, 9, 13, 31, 25], [11, 15, 14, 16, 19, 21, 17, 26, 20, 24, 23, 28, 30, 29, 33, 34, 41], [27, 54, 51, 32, 53, 39, 18, 8, 56, 35, 46, 40, 38, 42, 44, 47, 45, 49], [48, 37, 50, 55, 60, 52, 61, 62, 57, 58, 63, 66, 67, 68, 70, 65, 64, 77], [78, 71, 76, 74, 73, 75, 72, 79, 85, 82, 80, 83, 81, 86, 84, 87, 88]]
20: [[59, 12, 69, 43, 1, 22, 7, 36, 10, 4, 3, 6, 5, 2, 9, 13, 31, 25], [11, 15, 14, 16, 19, 21, 17, 26, 20, 24, 23, 28, 30, 29, 33, 34, 41], [27, 54, 51, 32, 53, 39, 18, 8, 56, 35, 46, 40, 38, 42, 44, 47, 45, 49], [48, 37, 50, 55, 60, 52, 61, 62, 57, 58, 63, 66, 67, 68, 70, 65, 64, 77], [78, 71, 76, 74, 73, 75, 72, 79, 85, 82, 80, 83, 81, 86, 84, 87, 88]]
21: [[59, 12, 69, 43, 1, 22, 7, 36, 10, 4, 3, 6, 5, 2, 9, 13, 31, 25], [11, 15, 14, 16, 19, 21, 17, 26, 20, 24, 23, 28, 30, 29, 33, 34, 41], [27, 54, 51, 32, 53, 39, 18, 8, 56, 35, 46, 40, 38, 42, 44, 47, 45, 49], [48, 37, 50, 55, 60, 52, 61, 62, 57, 58, 63, 66, 67, 68, 70, 65, 64, 77], [78, 71, 76, 74, 73, 75, 72, 79, 85, 82, 80, 83, 81, 86, 84, 87, 88]]
22: [[59, 12, 69, 43, 1, 22, 7, 36, 10, 4, 3, 6, 5, 2, 9, 13, 31, 25], [11, 15, 14, 16, 19, 21, 17, 26, 20, 24, 23, 28, 30, 29, 33, 34, 41], [27, 54, 51, 32, 53, 39, 18, 8, 56, 35, 46, 40, 38, 42, 44, 47, 45, 49], [48, 37, 50, 55, 60, 52, 61, 62, 57, 58, 63, 66, 67, 68, 70, 65, 64, 77], [78, 71, 76, 74, 73, 75, 72, 79, 85, 82, 80, 83, 81, 86, 84, 87, 88]]
23: [[59, 12, 69, 43, 1, 22, 7, 36, 10, 4, 3, 6, 5, 2, 9, 13, 31, 25], [11, 15, 14, 16, 19, 21, 17, 26, 20, 24, 23, 28, 30, 29, 33, 34, 41], [27, 54, 51, 32, 53, 39, 18, 8, 56, 35, 46, 40, 38, 42, 44, 47, 45, 49], [48, 37, 50, 55, 60, 52, 61, 62, 57, 58, 63, 66, 67, 68, 70, 65, 64, 77], [78, 71, 76, 74, 73, 75, 72, 79, 85, 82, 80, 83, 81, 86, 84, 87, 88]]
24: [[59, 12, 69, 43, 1, 22, 7, 36, 10, 4, 3, 6, 5, 2, 9, 13, 31, 25], [11, 15, 14, 16, 19, 21, 17, 26, 20, 24, 23, 28, 30, 29, 33, 34, 41], [27, 54, 51, 32, 53, 39, 18, 8, 56, 35, 46, 40, 38, 42, 44, 47, 45, 49], [48, 37, 50, 55, 60, 52, 61, 62, 57, 58, 63, 66, 67, 68, 70, 65, 64, 77], [78, 71, 76, 74, 73, 75, 72, 79, 85, 82, 80, 83, 81, 86, 84, 87, 88]]
25: [[59, 12, 69, 43, 1, 22, 7, 36, 10, 4, 3, 6, 5, 2, 9, 13, 31, 25], [11, 15, 14, 16, 19, 21, 17, 26, 20, 24, 23, 28, 30, 29, 33, 34, 41], [27, 54, 51, 32, 53, 39, 18, 8, 56, 35, 46, 40, 38, 42, 44, 47, 45, 49], [48, 37, 50, 55, 60, 52, 61, 62, 57, 58, 63, 66, 67, 68, 70, 65, 64, 77], [78, 71, 76, 74, 73, 75, 72, 79, 85, 82, 80, 83, 81, 86, 84, 87, 88]]
26: [[59, 12, 69, 43, 1, 22, 7, 36, 10, 4, 3, 6, 5, 2, 9, 13, 31, 25], [11, 15, 14, 16, 19, 21, 17, 26, 20, 24, 23, 28, 30, 29, 33, 34, 41], [27, 54, 51, 32, 53, 39, 18, 8, 56, 35, 46, 40, 38, 42, 44, 47, 45, 49], [48, 37, 50, 55, 60, 52, 61, 62, 57, 58, 63, 66, 67, 68, 70, 65, 64, 77], [78, 71, 76, 74, 73, 75, 72, 79, 85, 82, 80, 83, 81, 86, 84, 87, 88]]
27: [[59, 12, 69, 43, 1, 22, 7, 36, 10, 4, 3, 6, 5, 2, 9, 13, 31, 25], [11, 15, 14, 16, 19, 21, 17, 26, 20, 24, 23, 28, 30, 29, 33, 34, 41], [27, 54, 51, 32, 53, 39, 18, 8, 56, 35, 46, 40, 38, 42, 44, 47, 45, 49], [48, 37, 50, 55, 60, 52, 61, 62, 57, 58, 63, 66, 67, 68, 70, 65, 64, 77], [78, 71, 76, 74, 73, 75, 72, 79, 85, 82, 80, 83, 81, 86, 84, 87, 88]]
28: [[59, 12, 69, 43, 1, 22, 7, 36, 10, 4, 3, 6, 5, 2, 9, 13, 31, 25], [11, 15, 14, 16, 19, 21, 17, 26, 20, 24, 23, 28, 30, 29, 33, 34, 41], [27, 54, 51, 32, 53, 39, 18, 8, 56, 35, 46, 40, 38, 42, 44, 47, 45, 49], [48, 37, 50, 55, 60, 52, 61, 62, 57, 58, 63, 66, 67, 68, 70, 65, 64, 77], [78, 71, 76, 74, 73, 75, 72, 79, 85, 82, 80, 83, 81, 86, 84, 87, 88]]
29: [[59, 12, 69, 43, 1, 22, 7, 36, 10, 4, 3, 6, 5, 2, 9, 13, 31, 25], [11, 15, 14, 16, 19, 21, 17, 26, 20, 24, 23, 28, 30, 29, 33, 34, 41], [27, 54, 51, 32, 53, 39, 18, 8, 56, 35, 46, 40, 38, 42, 44, 47, 45, 49], [48, 37, 50, 55, 60, 52, 61, 62, 57, 58, 63, 66, 67, 68, 70, 65, 64, 77], [78, 71, 76, 74, 73, 75, 72, 79, 85, 82, 80, 83, 81, 86, 84, 87, 88]]
30: [[59, 12, 69, 43, 1, 22, 7, 36, 10, 4, 3, 6, 5, 2, 9, 13, 31, 25], [11, 15, 14, 16, 19, 21, 17, 26, 20, 24, 23, 28, 30, 29, 33, 34, 41], [27, 54, 51, 32, 53, 39, 18, 8, 56, 35, 46, 40, 38, 42, 44, 47, 45, 49], [48, 37, 50, 55, 60, 52, 61, 62, 57, 58, 63, 66, 67, 68, 70, 65, 64, 77], [78, 71, 76, 74, 73, 75, 72, 79, 85, 82, 80, 83, 81, 86, 84, 87, 88]]
31: [[59, 12, 69, 43, 1, 22, 7, 36, 10, 4, 3, 6, 5, 2, 9, 13, 31, 25], [11, 15, 14, 16, 19, 21, 17, 26, 20, 24, 23, 28, 30, 29, 33, 34, 41], [27, 54, 51, 32, 53, 39, 18, 8, 56, 35, 46, 40, 38, 42, 44, 47, 45, 49], [48, 37, 50, 55, 60, 52, 61, 62, 57, 58, 63, 66, 67, 68, 70, 65, 64, 77], [78, 71, 76, 74, 73, 75, 72, 79, 85, 82, 80, 83, 81, 86, 84, 87, 88]]
32: [[59, 12, 69, 43, 1, 22, 7, 36, 10, 4, 3, 6, 5, 2, 9, 13, 31, 25], [11, 15, 14, 16, 19, 21, 17, 26, 20, 24, 23, 28, 30, 29, 33, 34, 41], [27, 54, 51, 32, 53, 39, 18, 8, 56, 35, 46, 40, 38, 42, 44, 47, 45, 49], [48, 37, 50, 55, 60, 52, 61, 62, 57, 58, 63, 66, 67, 68, 70, 65, 64, 77], [78, 71, 76, 74, 73, 75, 72, 79, 85, 82, 80, 83, 81, 86, 84, 87, 88]]
33: [[59, 12, 69, 43, 1, 22, 7, 36, 10, 4, 3, 6, 5, 2, 9, 13, 31, 25], [11, 15, 14, 16, 19, 21, 17, 26, 20, 24, 23, 28, 30, 29, 33, 34, 41], [27, 54, 51, 32, 53, 39, 18, 8, 56, 35, 46, 40, 38, 42, 44, 47, 45, 49], [48, 37, 50, 55, 60, 52, 61, 62, 57, 58, 63, 66, 67, 68, 70, 65, 64, 77], [78, 71, 76, 74, 73, 75, 72, 79, 85, 82, 80, 83, 81, 86, 84, 87, 88]]
34: [[59, 12, 69, 43, 1, 22, 7, 36, 10, 4, 3, 6, 5, 2, 9, 13, 31, 25], [11, 15, 14, 16, 19, 21, 17, 26, 20, 24, 23, 28, 30, 29, 33, 34, 41], [27, 54, 51, 32, 53, 39, 18, 8, 56, 35, 46, 40, 38, 42, 44, 47, 45, 49], [48, 37, 50, 55, 60, 52, 61, 62, 57, 58, 63, 66, 67, 68, 70, 65, 64, 77], [78, 71, 76, 74, 73, 75, 72, 79, 85, 82, 80, 83, 81, 86, 84, 87, 88]]
35: [[59, 12, 69, 43, 1, 22, 7, 36, 10, 4, 3, 6, 5, 2, 9, 13, 31, 25], [11, 15, 14, 16, 19, 21, 17, 26, 20, 24, 23, 28, 30, 29, 33, 34, 41], [27, 54, 51, 32, 53, 39, 18, 8, 56, 35, 46, 40, 38, 42, 44, 47, 45, 49], [48, 37, 50, 55, 60, 52, 61, 62, 57, 58, 63, 66, 67, 68, 70, 65, 64, 77], [78, 71, 76, 74, 73, 75, 72, 79, 85, 82, 80, 83, 81, 86, 84, 87, 88]]
36: [[59, 12, 69, 43, 1, 22, 7, 36, 10, 4, 3, 6, 5, 2, 9, 13, 31, 25], [11, 15, 14, 16, 19, 21, 17, 26, 20, 24, 23, 28, 30, 29, 33, 34, 41], [27, 54, 51, 32, 53, 39, 18, 8, 56, 35, 46, 40, 38, 42, 44, 47, 45, 49], [48, 37, 50, 55, 60, 52, 61, 62, 57, 58, 63, 66, 67, 68, 70, 65, 64, 77], [78, 71, 76, 74, 73, 75, 72, 79, 85, 82, 80, 83, 81, 86, 84, 87, 88]]
37: [[59, 12, 69, 43, 1, 22, 7, 36, 10, 4, 3, 6, 5, 2, 9, 13, 31, 25], [11, 15, 14, 16, 19, 21, 17, 26, 20, 24, 23, 28, 30, 29, 33, 34, 41], [27, 54, 51, 32, 53, 39, 18, 8, 56, 35, 46, 40, 38, 42, 44, 47, 45, 49], [48, 37, 50, 55, 60, 52, 61, 62, 57, 58, 63, 66, 67, 68, 70, 65, 64, 77], [78, 71, 76, 74, 73, 75, 72, 79, 85, 82, 80, 83, 81, 86, 84, 87, 88]]
38: [[59, 12, 69, 43, 1, 22, 7, 36, 10, 4, 3, 6, 5, 2, 9, 13, 31, 25], [11, 15, 14, 16, 19, 21, 17, 26, 20, 24, 23, 28, 30, 29, 33, 34, 41], [27, 54, 51, 32, 53, 39, 18, 8, 56, 35, 46, 40, 38, 42, 44, 47, 45, 49], [48, 37, 50, 55, 60, 52, 61, 62, 57, 58, 63, 66, 67, 68, 70, 65, 64, 77], [78, 71, 76, 74, 73, 75, 72, 79, 85, 82, 80, 83, 81, 86, 84, 87, 88]]
39: [[59, 12, 69, 43, 1, 22, 7, 36, 10, 4, 3, 6, 5, 2, 9, 13, 31, 25], [11, 15, 14, 16, 19, 21, 17, 26, 20, 24, 23, 28, 30, 29, 33, 34, 41], [27, 54, 51, 32, 53, 39, 18, 8, 56, 35, 46, 40, 38, 42, 44, 47, 45, 49], [48, 37, 50, 55, 60, 52, 61, 62, 57, 58, 63, 66, 67, 68, 70, 65, 64, 77], [78, 71, 76, 74, 73, 75, 72, 79, 85, 82, 80, 83, 81, 86, 84, 87, 88]]
40: [[59, 12, 69, 43, 1, 22, 7, 36, 10, 4, 3, 6, 5, 2, 9, 13, 31, 25], [11, 15, 14, 16, 19, 21, 17, 26, 20, 24, 23, 28, 30, 29, 33, 34, 41], [27, 54, 51, 32, 53, 39, 18, 8, 56, 35, 46, 40, 38, 42, 44, 47, 45, 49], [48, 37, 50, 55, 60, 52, 61, 62, 57, 58, 63, 66, 67, 68, 70, 65, 64, 77], [78, 71, 76, 74, 73, 75, 72, 79, 85, 82, 80, 83, 81, 86, 84, 87, 88]]
41: [[59, 12, 69, 43, 1, 22, 7, 36, 10, 4, 3, 6, 5, 2, 9, 13, 31, 25], [11, 15, 14, 16, 19, 21, 17, 26, 20, 24, 23, 28, 30, 29, 33, 34, 41], [27, 54, 51, 32, 53, 39, 18, 8, 56, 35, 46, 40, 38, 42, 44, 47, 45, 49], [48, 37, 50, 55, 60, 52, 61, 62, 57, 58, 63, 66, 67, 68, 70, 65, 64, 77], [78, 71, 76, 74, 73, 75, 72, 79, 85, 82, 80, 83, 81, 86, 84, 87, 88]]
42: [[59, 12, 69, 43, 1, 22, 7, 36, 10, 4, 3, 6, 5, 2, 9, 13, 31, 25], [11, 15, 14, 16, 19, 21, 17, 26, 20, 24, 23, 28, 30, 29, 33, 34, 41], [27, 54, 51, 32, 53, 39, 18, 8, 56, 35, 46, 40, 38, 42, 44, 47, 45, 49], [48, 37, 50, 55, 60, 52, 61, 62, 57, 58, 63, 66, 67, 68, 70, 65, 64, 77], [78, 71, 76, 74, 73, 75, 72, 79, 85, 82, 80, 83, 81, 86, 84, 87, 88]]
43: [[59, 12, 69, 43, 1, 22, 7, 36, 10, 4, 3, 6, 5, 2, 9, 13, 31, 25], [11, 15, 14, 16, 19, 21, 17, 26, 20, 24, 23, 28, 30, 29, 33, 34, 41], [27, 54, 51, 32, 53, 39, 18, 8, 56, 35, 46, 40, 38, 42, 44, 47, 45, 49], [48, 37, 50, 55, 60, 52, 61, 62, 57, 58, 63, 66, 67, 68, 70, 65, 64, 77], [78, 71, 76, 74, 73, 75, 72, 79, 85, 82, 80, 83, 81, 86, 84, 87, 88]]
44: [[59, 12, 69, 43, 1, 22, 7, 36, 10, 4, 3, 6, 5, 2, 9, 13, 31, 25], [11, 15, 14, 16, 19, 21, 17, 26, 20, 24, 23, 28, 30, 29, 33, 34, 41], [27, 54, 51, 32, 53, 39, 18, 8, 56, 35, 46, 40, 38, 42, 44, 47, 45, 49], [48, 37, 50, 55, 60, 52, 61, 62, 57, 58, 63, 66, 67, 68, 70, 65, 64, 77], [78, 71, 76, 74, 73, 75, 72, 79, 85, 82, 80, 83, 81, 86, 84, 87, 88]]
45: [[59, 12, 69, 43, 1, 22, 7, 36, 10, 4, 3, 6, 5, 2, 9, 13, 31, 25], [11, 15, 14, 16, 19, 21, 17, 26, 20, 24, 23, 28, 30, 29, 33, 34, 41], [27, 54, 51, 32, 53, 39, 18, 8, 56, 35, 46, 40, 38, 42, 44, 47, 45, 49], [48, 37, 50, 55, 60, 52, 61, 62, 57, 58, 63, 66, 67, 68, 70, 65, 64, 77], [78, 71, 76, 74, 73, 75, 72, 79, 85, 82, 80, 83, 81, 86, 84, 87, 88]]
46: [[59, 12, 69, 43, 1, 22, 7, 36, 10, 4, 3, 6, 5, 2, 9, 13, 31, 25], [11, 15, 14, 16, 19, 21, 17, 26, 20, 24, 23, 28, 30, 29, 33, 34, 41], [27, 54, 51, 32, 53, 39, 18, 8, 56, 35, 46, 40, 38, 42, 44, 47, 45, 49], [48, 37, 50, 55, 60, 52, 61, 62, 57, 58, 63, 66, 67, 68, 70, 65, 64, 77], [78, 71, 76, 74, 73, 75, 72, 79, 85, 82, 80, 83, 81, 86, 84, 87, 88]]
47: [[59, 12, 69, 43, 1, 22, 7, 36, 10, 4, 3, 6, 5, 2, 9, 13, 31, 25], [11, 15, 14, 16, 19, 21, 17, 26, 20, 24, 23, 28, 30, 29, 33, 34, 41], [27, 54, 51, 32, 53, 39, 18, 8, 56, 35, 46, 40, 38, 42, 44, 47, 45, 49], [48, 37, 50, 55, 60, 52, 61, 62, 57, 58, 63, 66, 67, 68, 70, 65, 64, 77], [78, 71, 76, 74, 73, 75, 72, 79, 85, 82, 80, 83, 81, 86, 84, 87, 88]]
48: [[59, 12, 69, 43, 1, 22, 7, 36, 10, 4, 3, 6, 5, 2, 9, 13, 31, 25], [11, 15, 14, 16, 19, 21, 17, 26, 20, 24, 23, 28, 30, 29, 33, 34, 41], [27, 54, 51, 32, 53, 39, 18, 8, 56, 35, 46, 40, 38, 42, 44, 47, 45, 49], [48, 37, 50, 55, 60, 52, 61, 62, 57, 58, 63, 66, 67, 68, 70, 65, 64, 77], [78, 71, 76, 74, 73, 75, 72, 79, 85, 82, 80, 83, 81, 86, 84, 87, 88]]
49: [[59, 12, 69, 43, 1, 22, 7, 36, 10, 4, 3, 6, 5, 2, 9, 13, 31, 25], [11, 15, 14, 16, 19, 21, 17, 26, 20, 24, 23, 28, 30, 29, 33, 34, 41], [27, 54, 51, 32, 53, 39, 18, 8, 56, 35, 46, 40, 38, 42, 44, 47, 45, 49], [48, 37, 50, 55, 60, 52, 61, 62, 57, 58, 63, 66, 67, 68, 70, 65, 64, 77], [78, 71, 76, 74, 73, 75, 72, 79, 85, 82, 80, 83, 81, 86, 84, 87, 88]]
50: [[59, 12, 69, 43, 1, 22, 7, 36, 10, 4, 3, 6, 5, 2, 9, 13, 31, 25], [11, 15, 14, 16, 19, 21, 17, 26, 20, 24, 23, 28, 30, 29, 33, 34, 41], [27, 54, 51, 32, 53, 39, 18, 8, 56, 35, 46, 40, 38, 42, 44, 47, 45, 49], [48, 37, 50, 55, 60, 52, 61, 62, 57, 58, 63, 66, 67, 68, 70, 65, 64, 77], [78, 71, 76, 74, 73, 75, 72, 79, 85, 82, 80, 83, 81, 86, 84, 87, 88]]
51: [[59, 12, 69, 43, 1, 22, 7, 36, 10, 4, 3, 6, 5, 2, 9, 13, 31, 25], [11, 15, 14, 16, 19, 21, 17, 26, 20, 24, 23, 28, 30, 29, 33, 34, 41], [27, 54, 51, 32, 53, 39, 18, 8, 56, 35, 46, 40, 38, 42, 44, 47, 45, 49], [48, 37, 50, 55, 60, 52, 61, 62, 57, 58, 63, 66, 67, 68, 70, 65, 64, 77], [78, 71, 76, 74, 73, 75, 72, 79, 85, 82, 80, 83, 81, 86, 84, 87, 88]]
52: [[59, 12, 69, 43, 1, 22, 7, 36, 10, 4, 3, 6, 5, 2, 9, 13, 31, 25], [11, 15, 14, 16, 19, 21, 17, 26, 20, 24, 23, 28, 30, 29, 33, 34, 41], [27, 54, 51, 32, 53, 39, 18, 8, 56, 35, 46, 40, 38, 42, 44, 47, 45, 49], [48, 37, 50, 55, 60, 52, 61, 62, 57, 58, 63, 66, 67, 68, 70, 65, 64, 77], [78, 71, 76, 74, 73, 75, 72, 79, 85, 82, 80, 83, 81, 86, 84, 87, 88]]
53: [[59, 12, 69, 43, 1, 22, 7, 36, 10, 4, 3, 6, 5, 2, 9, 13, 31, 25], [11, 15, 14, 16, 19, 21, 17, 26, 20, 24, 23, 28, 30, 29, 33, 34, 41], [27, 54, 51, 32, 53, 39, 18, 8, 56, 35, 46, 40, 38, 42, 44, 47, 45, 49], [48, 37, 50, 55, 60, 52, 61, 62, 57, 58, 63, 66, 67, 68, 70, 65, 64, 77], [78, 71, 76, 74, 73, 75, 72, 79, 85, 82, 80, 83, 81, 86, 84, 87, 88]]
54: [[59, 12, 69, 43, 1, 22, 7, 36, 10, 4, 3, 6, 5, 2, 9, 13, 31, 25], [11, 15, 14, 16, 19, 21, 17, 26, 20, 24, 23, 28, 30, 29, 33, 34, 41], [27, 54, 51, 32, 53, 39, 18, 8, 56, 35, 46, 40, 38, 42, 44, 47, 45, 49], [48, 37, 50, 55, 60, 52, 61, 62, 57, 58, 63, 66, 67, 68, 70, 65, 64, 77], [78, 71, 76, 74, 73, 75, 72, 79, 85, 82, 80, 83, 81, 86, 84, 87, 88]]
55: [[59, 12, 69, 43, 1, 22, 7, 36, 10, 4, 3, 6, 5, 2, 9, 13, 31, 25], [11, 15, 14, 16, 19, 21, 17, 26, 20, 24, 23, 28, 30, 29, 33, 34, 41], [27, 54, 51, 32, 53, 39, 18, 8, 56, 35, 46, 40, 38, 42, 44, 47, 45, 49], [48, 37, 50, 55, 60, 52, 61, 62, 57, 58, 63, 66, 67, 68, 70, 65, 64, 77], [78, 71, 76, 74, 73, 75, 72, 79, 85, 82, 80, 83, 81, 86, 84, 87, 88]]
56: [[59, 12, 69, 43, 1, 22, 7, 36, 10, 4, 3, 6, 5, 2, 9, 13, 31, 25], [11, 15, 14, 16, 19, 21, 17, 26, 20, 24, 23, 28, 30, 29, 33, 34, 41], [27, 54, 51, 32, 53, 39, 18, 8, 56, 35, 46, 40, 38, 42, 44, 47, 45, 49], [48, 37, 50, 55, 60, 52, 61, 62, 57, 58, 63, 66, 67, 68, 70, 65, 64, 77], [78, 71, 76, 74, 73, 75, 72, 79, 85, 82, 80, 83, 81, 86, 84, 87, 88]]
57: [[59, 12, 69, 43, 1, 22, 7, 36, 10, 4, 3, 6, 5, 2, 9, 13, 31, 25], [11, 15, 14, 16, 19, 21, 17, 26, 20, 24, 23, 28, 30, 29, 33, 34, 41], [27, 54, 51, 32, 53, 39, 18, 8, 56, 35, 46, 40, 38, 42, 44, 47, 45, 49], [48, 37, 50, 55, 60, 52, 61, 62, 57, 58, 63, 66, 67, 68, 70, 65, 64, 77], [78, 71, 76, 74, 73, 75, 72, 79, 85, 82, 80, 83, 81, 86, 84, 87, 88]]
58: [[59, 12, 69, 43, 1, 22, 7, 36, 10, 4, 3, 6, 5, 2, 9, 13, 31, 25], [11, 15, 14, 16, 19, 21, 17, 26, 20, 24, 23, 28, 30, 29, 33, 34, 41], [27, 54, 51, 32, 53, 39, 18, 8, 56, 35, 46, 40, 38, 42, 44, 47, 45, 49], [48, 37, 50, 55, 60, 52, 61, 62, 57, 58, 63, 66, 67, 68, 70, 65, 64, 77], [78, 71, 76, 74, 73, 75, 72, 79, 85, 82, 80, 83, 81, 86, 84, 87, 88]]
59: [[59, 12, 69, 43, 1, 22, 7, 36, 10, 4, 3, 6, 5, 2, 9, 13, 31, 25], [11, 15, 14, 16, 19, 21, 17, 26, 20, 24, 23, 28, 30, 29, 33, 34, 41], [27, 54, 51, 32, 53, 39, 18, 8, 56, 35, 46, 40, 38, 42, 44, 47, 45, 49], [48, 37, 50, 55, 60, 52, 61, 62, 57, 58, 63, 66, 67, 68, 70, 65, 64, 77], [78, 71, 76, 74, 73, 75, 72, 79, 85, 82, 80, 83, 81, 86, 84, 87, 88]]
60: [[59, 12, 69, 43, 1, 22, 7, 36, 10, 4, 3, 6, 5, 2, 9, 13, 31, 25], [11, 15, 14, 16, 19, 21, 17, 26, 20, 24, 23, 28, 30, 29, 33, 34, 41], [27, 54, 51, 32, 53, 39, 18, 8, 56, 35, 46, 40, 38, 42, 44, 47, 45, 49], [48, 37, 50, 55, 60, 52, 61, 62, 57, 58, 63, 66, 67, 68, 70, 65, 64, 77], [78, 71, 76, 74, 73, 75, 72, 79, 85, 82, 80, 83, 81, 86, 84, 87, 88]]
61: [[59, 12, 69, 43, 1, 22, 7, 36, 10, 4, 3, 6, 5, 2, 9, 13, 31, 25], [11, 15, 14, 16, 19, 21, 17, 26, 20, 24, 23, 28, 30, 29, 33, 34, 41], [27, 54, 51, 32, 53, 39, 18, 8, 56, 35, 46, 40, 38, 42, 44, 47, 45, 49], [48, 37, 50, 55, 60, 52, 61, 62, 57, 58, 63, 66, 67, 68, 70, 65, 64, 77], [78, 71, 76, 74, 73, 75, 72, 79, 85, 82, 80, 83, 81, 86, 84, 87, 88]]
62: [[59, 12, 69, 43, 1, 22, 7, 36, 10, 4, 3, 6, 5, 2, 9, 13, 31, 25], [11, 15, 14, 16, 19, 21, 17, 26, 20, 24, 23, 28, 30, 29, 33, 34, 41], [27, 54, 51, 32, 53, 39, 18, 8, 56, 35, 46, 40, 38, 42, 44, 47, 45, 49], [48, 37, 50, 55, 60, 52, 61, 62, 57, 58, 63, 66, 67, 68, 70, 65, 64, 77], [78, 71, 76, 74, 73, 75, 72, 79, 85, 82, 80, 83, 81, 86, 84, 87, 88]]
63: [[59, 12, 69, 43, 1, 22, 7, 36, 10, 4, 3, 6, 5, 2, 9, 13, 31, 25], [11, 15, 14, 16, 19, 21, 17, 26, 20, 24, 23, 28, 30, 29, 33, 34, 41], [27, 54, 51, 32, 53, 39, 18, 8, 56, 35, 46, 40, 38, 42, 44, 47, 45, 49], [48, 37, 50, 55, 60, 52, 61, 62, 57, 58, 63, 66, 67, 68, 70, 65, 64, 77], [78, 71, 76, 74, 73, 75, 72, 79, 85, 82, 80, 83, 81, 86, 84, 87, 88]]
64: [[59, 12, 69, 43, 1, 22, 7, 36, 10, 4, 3, 6, 5, 2, 9, 13, 31, 25], [11, 15, 14, 16, 19, 21, 17, 26, 20, 24, 23, 28, 30, 29, 33, 34, 41], [27, 54, 51, 32, 53, 39, 18, 8, 56, 35, 46, 40, 38, 42, 44, 47, 45, 49], [48, 37, 50, 55, 60, 52, 61, 62, 57, 58, 63, 66, 67, 68, 70, 65, 64, 77], [78, 71, 76, 74, 73, 75, 72, 79, 85, 82, 80, 83, 81, 86, 84, 87, 88]]
65: [[59, 12, 69, 43, 1, 22, 7, 36, 10, 4, 3, 6, 5, 2, 9, 13, 31, 25], [11, 15, 14, 16, 19, 21, 17, 26, 20, 24, 23, 28, 30, 29, 33, 34, 41], [27, 54, 51, 32, 53, 39, 18, 8, 56, 35, 46, 40, 38, 42, 44, 47, 45, 49], [48, 37, 50, 55, 60, 52, 61, 62, 57, 58, 63, 66, 67, 68, 70, 65, 64, 77], [78, 71, 76, 74, 73, 75, 72, 79, 85, 82, 80, 83, 81, 86, 84, 87, 88]]
66: [[59, 12, 69, 43, 1, 22, 7, 36, 10, 4, 3, 6, 5, 2, 9, 13, 31, 25], [11, 15, 14, 16, 19, 21, 17, 26, 20, 24, 23, 28, 30, 29, 33, 34, 41], [27, 54, 51, 32, 53, 39, 18, 8, 56, 35, 46, 40, 38, 42, 44, 47, 45, 49], [48, 37, 50, 55, 60, 52, 61, 62, 57, 58, 63, 66, 67, 68, 70, 65, 64, 77], [78, 71, 76, 74, 73, 75, 72, 79, 85, 82, 80, 83, 81, 86, 84, 87, 88]]
67: [[59, 12, 69, 43, 1, 22, 7, 36, 10, 4, 3, 6, 5, 2, 9, 13, 31, 25], [11, 15, 14, 16, 19, 21, 17, 26, 20, 24, 23, 28, 30, 29, 33, 34, 41], [27, 54, 51, 32, 53, 39, 18, 8, 56, 35, 46, 40, 38, 42, 44, 47, 45, 49], [48, 37, 50, 55, 60, 52, 61, 62, 57, 58, 63, 66, 67, 68, 70, 65, 64, 77], [78, 71, 76, 74, 73, 75, 72, 79, 85, 82, 80, 83, 81, 86, 84, 87, 88]]
68: [[59, 12, 69, 43, 1, 22, 7, 36, 10, 4, 3, 6, 5, 2, 9, 13, 31, 25], [11, 15, 14, 16, 19, 21, 17, 26, 20, 24, 23, 28, 30, 29, 33, 34, 41], [27, 54, 51, 32, 53, 39, 18, 8, 56, 35, 46, 40, 38, 42, 44, 47, 45, 49], [48, 37, 50, 55, 60, 52, 61, 62, 57, 58, 63, 66, 67, 68, 70, 65, 64, 77], [78, 71, 76, 74, 73, 75, 72, 79, 85, 82, 80, 83, 81, 86, 84, 87, 88]]
69: [[59, 12, 69, 43, 1, 22, 7, 36, 10, 4, 3, 6, 5, 2, 9, 13, 31, 25], [11, 15, 14, 16, 19, 21, 17, 26, 20, 24, 23, 28, 30, 29, 33, 34, 41], [27, 54, 51, 32, 53, 39, 18, 8, 56, 35, 46, 40, 38, 42, 44, 47, 45, 49], [48, 37, 50, 55, 60, 52, 61, 62, 57, 58, 63, 66, 67, 68, 70, 65, 64, 77], [78, 71, 76, 74, 73, 75, 72, 79, 85, 82, 80, 83, 81, 86, 84, 87, 88]]
70: [[59, 12, 69, 43, 1, 22, 7, 36, 10, 4, 3, 6, 5, 2, 9, 13, 31, 25], [11, 15, 14, 16, 19, 21, 17, 26, 20, 24, 23, 28, 30, 29, 33, 34, 41], [27, 54, 51, 32, 53, 39, 18, 8, 56, 35, 46, 40, 38, 42, 44, 47, 45, 49], [48, 37, 50, 55, 60, 52, 61, 62, 57, 58, 63, 66, 67, 68, 70, 65, 64, 77], [78, 71, 76, 74, 73, 75, 72, 79, 85, 82, 80, 83, 81, 86, 84, 87, 88]]
71: [[59, 12, 69, 43, 1, 22, 7, 36, 10, 4, 3, 6, 5, 2, 9, 13, 31, 25], [11, 15, 14, 16, 19, 21, 17, 26, 20, 24, 23, 28, 30, 29, 33, 34, 41], [27, 54, 51, 32, 53, 39, 18, 8, 56, 35, 46, 40, 38, 42, 44, 47, 45, 49], [48, 37, 50, 55, 60, 52, 61, 62, 57, 58, 63, 66, 67, 68, 70, 65, 64, 77], [78, 71, 76, 74, 73, 75, 72, 79, 85, 82, 80, 83, 81, 86, 84, 87, 88]]
72: [[59, 12, 69, 43, 1, 22, 7, 36, 10, 4, 3, 6, 5, 2, 9, 13, 31, 25], [11, 15, 14, 16, 19, 21, 17, 26, 20, 24, 23, 28, 30, 29, 33, 34, 41], [27, 54, 51, 32, 53, 39, 18, 8, 56, 35, 46, 40, 38, 42, 44, 47, 45, 49], [48, 37, 50, 55, 60, 52, 61, 62, 57, 58, 63, 66, 67, 68, 70, 65, 64, 77], [78, 71, 76, 74, 73, 75, 72, 79, 85, 82, 80, 83, 81, 86, 84, 87, 88]]
73: [[59, 12, 69, 43, 1, 22, 7, 36, 10, 4, 3, 6, 5, 2, 9, 13, 31, 25], [11, 15, 14, 16, 19, 21, 17, 26, 20, 24, 23, 28, 30, 29, 33, 34, 41], [27, 54, 51, 32, 53, 39, 18, 8, 56, 35, 46, 40, 38, 42, 44, 47, 45, 49], [48, 37, 50, 55, 60, 52, 61, 62, 57, 58, 63, 66, 67, 68, 70, 65, 64, 77], [78, 71, 76, 74, 73, 75, 72, 79, 85, 82, 80, 83, 81, 86, 84, 87, 88]]
74: [[59, 12, 69, 43, 1, 22, 7, 36, 10, 4, 3, 6, 5, 2, 9, 13, 31, 25], [11, 15, 14, 16, 19, 21, 17, 26, 20, 24, 23, 28, 30, 29, 33, 34, 41], [27, 54, 51, 32, 53, 39, 18, 8, 56, 35, 46, 40, 38, 42, 44, 47, 45, 49], [48, 37, 50, 55, 60, 52, 61, 62, 57, 58, 63, 66, 67, 68, 70, 65, 64, 77], [78, 71, 76, 74, 73, 75, 72, 79, 85, 82, 80, 83, 81, 86, 84, 87, 88]]
75: [[59, 12, 69, 43, 1, 22, 7, 36, 10, 4, 3, 6, 5, 2, 9, 13, 31, 25], [11, 15, 14, 16, 19, 21, 17, 26, 20, 24, 23, 28, 30, 29, 33, 34, 41], [27, 54, 51, 32, 53, 39, 18, 8, 56, 35, 46, 40, 38, 42, 44, 47, 45, 49], [48, 37, 50, 55, 60, 52, 61, 62, 57, 58, 63, 66, 67, 68, 70, 65, 64, 77], [78, 71, 76, 74, 73, 75, 72, 79, 85, 82, 80, 83, 81, 86, 84, 87, 88]]
76: [[59, 12, 69, 43, 1, 22, 7, 36, 10, 4, 3, 6, 5, 2, 9, 13, 31, 25], [11, 15, 14, 16, 19, 21, 17, 26, 20, 24, 23, 28, 30, 29, 33, 34, 41], [27, 54, 51, 32, 53, 39, 18, 8, 56, 35, 46, 40, 38, 42, 44, 47, 45, 49], [48, 37, 50, 55, 60, 52, 61, 62, 57, 58, 63, 66, 67, 68, 70, 65, 64, 77], [78, 71, 76, 74, 73, 75, 72, 79, 85, 82, 80, 83, 81, 86, 84, 87, 88]]
77: [[59, 12, 69, 43, 1, 22, 7, 36, 10, 4, 3, 6, 5, 2, 9, 13, 31, 25], [11, 15, 14, 16, 19, 21, 17, 26, 20, 24, 23, 28, 30, 29, 33, 34, 41], [27, 54, 51, 32, 53, 39, 18, 8, 56, 35, 46, 40, 38, 42, 44, 47, 45, 49], [48, 37, 50, 55, 60, 52, 61, 62, 57, 58, 63, 66, 67, 68, 70, 65, 64, 77], [78, 71, 76, 74, 73, 75, 72, 79, 85, 82, 80, 83, 81, 86, 84, 87, 88]]
78: [[59, 12, 69, 43, 1, 22, 7, 36, 10, 4, 3, 6, 5, 2, 9, 13, 31, 25], [11, 15, 14, 16, 19, 21, 17, 26, 20, 24, 23, 28, 30, 29, 33, 34, 41], [27, 54, 51, 32, 53, 39, 18, 8, 56, 35, 46, 40, 38, 42, 44, 47, 45, 49], [48, 37, 50, 55, 60, 52, 61, 62, 57, 58, 63, 66, 67, 68, 70, 65, 64, 77], [78, 71, 76, 74, 73, 75, 72, 79, 85, 82, 80, 83, 81, 86, 84, 87, 88]]
79: [[59, 12, 69, 43, 1, 22, 7, 36, 10, 4, 3, 6, 5, 2, 9, 13, 31, 25], [11, 15, 14, 16, 19, 21, 17, 26, 20, 24, 23, 28, 30, 29, 33, 34, 41], [27, 54, 51, 32, 53, 39, 18, 8, 56, 35, 46, 40, 38, 42, 44, 47, 45, 49], [48, 37, 50, 55, 60, 52, 61, 62, 57, 58, 63, 66, 67, 68, 70, 65, 64, 77], [78, 71, 76, 74, 73, 75, 72, 79, 85, 82, 80, 83, 81, 86, 84, 87, 88]]
80: [[59, 12, 69, 43, 1, 22, 7, 36, 10, 4, 3, 6, 5, 2, 9, 13, 31, 25], [11, 15, 14, 16, 19, 21, 17, 26, 20, 24, 23, 28, 30, 29, 33, 34, 41], [27, 54, 51, 32, 53, 39, 18, 8, 56, 35, 46, 40, 38, 42, 44, 47, 45, 49], [48, 37, 50, 55, 60, 52, 61, 62, 57, 58, 63, 66, 67, 68, 70, 65, 64, 77], [78, 71, 76, 74, 73, 75, 72, 79, 85, 82, 80, 83, 81, 86, 84, 87, 88]]
81: [[59, 12, 69, 43, 1, 22, 7, 36, 10, 4, 3, 6, 5, 2, 9, 13, 31, 25], [11, 15, 14, 16, 19, 21, 17, 26, 20, 24, 23, 28, 30, 29, 33, 34, 41], [27, 54, 51, 32, 53, 39, 18, 8, 56, 35, 46, 40, 38, 42, 44, 47, 45, 49], [48, 37, 50, 55, 60, 52, 61, 62, 57, 58, 63, 66, 67, 68, 70, 65, 64, 77], [78, 71, 76, 74, 73, 75, 72, 79, 85, 82, 80, 83, 81, 86, 84, 87, 88]]
82: [[59, 12, 69, 43, 1, 22, 7, 36, 10, 4, 3, 6, 5, 2, 9, 13, 31, 25], [11, 15, 14, 16, 19, 21, 17, 26, 20, 24, 23, 28, 30, 29, 33, 34, 41], [27, 54, 51, 32, 53, 39, 18, 8, 56, 35, 46, 40, 38, 42, 44, 47, 45, 49], [48, 37, 50, 55, 60, 52, 61, 62, 57, 58, 63, 66, 67, 68, 70, 65, 64, 77], [78, 71, 76, 74, 73, 75, 72, 79, 85, 82, 80, 83, 81, 86, 84, 87, 88]]
83: [[59, 12, 69, 43, 1, 22, 7, 36, 10, 4, 3, 6, 5, 2, 9, 13, 31, 25], [11, 15, 14, 16, 19, 21, 17, 26, 20, 24, 23, 28, 30, 29, 33, 34, 41], [27, 54, 51, 32, 53, 39, 18, 8, 56, 35, 46, 40, 38, 42, 44, 47, 45, 49], [48, 37, 50, 55, 60, 52, 61, 62, 57, 58, 63, 66, 67, 68, 70, 65, 64, 77], [78, 71, 76, 74, 73, 75, 72, 79, 85, 82, 80, 83, 81, 86, 84, 87, 88]]
84: [[59, 12, 69, 43, 1, 22, 7, 36, 10, 4, 3, 6, 5, 2, 9, 13, 31, 25], [11, 15, 14, 16, 19, 21, 17, 26, 20, 24, 23, 28, 30, 29, 33, 34, 41], [27, 54, 51, 32, 53, 39, 18, 8, 56, 35, 46, 40, 38, 42, 44, 47, 45, 49], [48, 37, 50, 55, 60, 52, 61, 62, 57, 58, 63, 66, 67, 68, 70, 65, 64, 77], [78, 71, 76, 74, 73, 75, 72, 79, 85, 82, 80, 83, 81, 86, 84, 87, 88]]
85: [[59, 12, 69, 43, 1, 22, 7, 36, 10, 4, 3, 6, 5, 2, 9, 13, 31, 25], [11, 15, 14, 16, 19, 21, 17, 26, 20, 24, 23, 28, 30, 29, 33, 34, 41], [27, 54, 51, 32, 53, 39, 18, 8, 56, 35, 46, 40, 38, 42, 44, 47, 45, 49], [48, 37, 50, 55, 60, 52, 61, 62, 57, 58, 63, 66, 67, 68, 70, 65, 64, 77], [78, 71, 76, 74, 73, 75, 72, 79, 85, 82, 80, 83, 81, 86, 84, 87, 88]]
86: [[59, 12, 69, 43, 1, 22, 7, 36, 10, 4, 3, 6, 5, 2, 9, 13, 31, 25], [11, 15, 14, 16, 19, 21, 17, 26, 20, 24, 23, 28, 30, 29, 33, 34, 41], [27, 54, 51, 32, 53, 39, 18, 8, 56, 35, 46, 40, 38, 42, 44, 47, 45, 49], [48, 37, 50, 55, 60, 52, 61, 62, 57, 58, 63, 66, 67, 68, 70, 65, 64, 77], [78, 71, 76, 74, 73, 75, 72, 79, 85, 82, 80, 83, 81, 86, 84, 87, 88]]
87: [[59, 12, 69, 43, 1, 22, 7, 36, 10, 4, 3, 6, 5, 2, 9, 13, 31, 25], [11, 15, 14, 16, 19, 21, 17, 26, 20, 24, 23, 28, 30, 29, 33, 34, 41], [27, 54, 51, 32, 53, 39, 18, 8, 56, 35, 46, 40, 38, 42, 44, 47, 45, 49], [48, 37, 50, 55, 60, 52, 61, 62, 57, 58, 63, 66, 67, 68, 70, 65, 64, 77], [78, 71, 76, 74, 73, 75, 72, 79, 85, 82, 80, 83, 81, 86, 84, 87, 88]]
88: [[59, 12, 69, 43, 1, 22, 7, 36, 10, 4, 3, 6, 5, 2, 9, 13, 31, 25], [11, 15, 14, 16, 19, 21, 17, 26, 20, 24, 23, 28, 30, 29, 33, 34, 41], [27, 54, 51, 32, 53, 39, 18, 8, 56, 35, 46, 40, 38, 42, 44, 47, 45, 49], [48, 37, 50, 55, 60, 52, 61, 62, 57, 58, 63, 66, 67, 68, 70, 65, 64, 77], [78, 71, 76, 74, 73, 75, 72, 79, 85, 82, 80, 83, 81, 86, 84, 87, 88]]
89: [[59, 12, 69, 43, 1, 22, 7, 36, 10, 4, 3, 6, 5, 2, 9, 13, 31, 25], [11, 15, 14, 16, 19, 21, 17, 26, 20, 24, 23, 28, 30, 29, 33, 34, 41], [27, 54, 51, 32, 53, 39, 18, 8, 56, 35, 46, 40, 38, 42, 44, 47, 45, 49], [48, 37, 50, 55, 60, 52, 61, 62, 57, 58, 63, 66, 67, 68, 70, 65, 64, 77], [78, 71, 76, 74, 73, 75, 72, 79, 85, 82, 80, 83, 81, 86, 84, 87, 88]]
90: [[59, 12, 69, 43, 1, 22, 7, 36, 10, 4, 3, 6, 5, 2, 9, 13, 31, 25], [11, 15, 14, 16, 19, 21, 17, 26, 20, 24, 23, 28, 30, 29, 33, 34, 41], [27, 54, 51, 32, 53, 39, 18, 8, 56, 35, 46, 40, 38, 42, 44, 47, 45, 49], [48, 37, 50, 55, 60, 52, 61, 62, 57, 58, 63, 66, 67, 68, 70, 65, 64, 77], [78, 71, 76, 74, 73, 75, 72, 79, 85, 82, 80, 83, 81, 86, 84, 87, 88]]
91: [[59, 12, 69, 43, 1, 22, 7, 36, 10, 4, 3, 6, 5, 2, 9, 13, 31, 25], [11, 15, 14, 16, 19, 21, 17, 26, 20, 24, 23, 28, 30, 29, 33, 34, 41], [27, 54, 51, 32, 53, 39, 18, 8, 56, 35, 46, 40, 38, 42, 44, 47, 45, 49], [48, 37, 50, 55, 60, 52, 61, 62, 57, 58, 63, 66, 67, 68, 70, 65, 64, 77], [78, 71, 76, 74, 73, 75, 72, 79, 85, 82, 80, 83, 81, 86, 84, 87, 88]]
92: [[59, 12, 69, 43, 1, 22, 7, 36, 10, 4, 3, 6, 5, 2, 9, 13, 31, 25], [11, 15, 14, 16, 19, 21, 17, 26, 20, 24, 23, 28, 30, 29, 33, 34, 41], [27, 54, 51, 32, 53, 39, 18, 8, 56, 35, 46, 40, 38, 42, 44, 47, 45, 49], [48, 37, 50, 55, 60, 52, 61, 62, 57, 58, 63, 66, 67, 68, 70, 65, 64, 77], [78, 71, 76, 74, 73, 75, 72, 79, 85, 82, 80, 83, 81, 86, 84, 87, 88]]
93: [[59, 12, 69, 43, 1, 22, 7, 36, 10, 4, 3, 6, 5, 2, 9, 13, 31, 25], [11, 15, 14, 16, 19, 21, 17, 26, 20, 24, 23, 28, 30, 29, 33, 34, 41], [27, 54, 51, 32, 53, 39, 18, 8, 56, 35, 46, 40, 38, 42, 44, 47, 45, 49], [48, 37, 50, 55, 60, 52, 61, 62, 57, 58, 63, 66, 67, 68, 70, 65, 64, 77], [78, 71, 76, 74, 73, 75, 72, 79, 85, 82, 80, 83, 81, 86, 84, 87, 88]]
94: [[59, 12, 69, 43, 1, 22, 7, 36, 10, 4, 3, 6, 5, 2, 9, 13, 31, 25], [11, 15, 14, 16, 19, 21, 17, 26, 20, 24, 23, 28, 30, 29, 33, 34, 41], [27, 54, 51, 32, 53, 39, 18, 8, 56, 35, 46, 40, 38, 42, 44, 47, 45, 49], [48, 37, 50, 55, 60, 52, 61, 62, 57, 58, 63, 66, 67, 68, 70, 65, 64, 77], [78, 71, 76, 74, 73, 75, 72, 79, 85, 82, 80, 83, 81, 86, 84, 87, 88]]
95: [[59, 12, 69, 43, 1, 22, 7, 36, 10, 4, 3, 6, 5, 2, 9, 13, 31, 25], [11, 15, 14, 16, 19, 21, 17, 26, 20, 24, 23, 28, 30, 29, 33, 34, 41], [27, 54, 51, 32, 53, 39, 18, 8, 56, 35, 46, 40, 38, 42, 44, 47, 45, 49], [48, 37, 50, 55, 60, 52, 61, 62, 57, 58, 63, 66, 67, 68, 70, 65, 64, 77], [78, 71, 76, 74, 73, 75, 72, 79, 85, 82, 80, 83, 81, 86, 84, 87, 88]]
96: [[59, 12, 69, 43, 1, 22, 7, 36, 10, 4, 3, 6, 5, 2, 9, 13, 31, 25], [11, 15, 14, 16, 19, 21, 17, 26, 20, 24, 23, 28, 30, 29, 33, 34, 41], [27, 54, 51, 32, 53, 39, 18, 8, 56, 35, 46, 40, 38, 42, 44, 47, 45, 49], [48, 37, 50, 55, 60, 52, 61, 62, 57, 58, 63, 66, 67, 68, 70, 65, 64, 77], [78, 71, 76, 74, 73, 75, 72, 79, 85, 82, 80, 83, 81, 86, 84, 87, 88]]
97: [[59, 12, 69, 43, 1, 22, 7, 36, 10, 4, 3, 6, 5, 2, 9, 13, 31, 25], [11, 15, 14, 16, 19, 21, 17, 26, 20, 24, 23, 28, 30, 29, 33, 34, 41], [27, 54, 51, 32, 53, 39, 18, 8, 56, 35, 46, 40, 38, 42, 44, 47, 45, 49], [48, 37, 50, 55, 60, 52, 61, 62, 57, 58, 63, 66, 67, 68, 70, 65, 64, 77], [78, 71, 76, 74, 73, 75, 72, 79, 85, 82, 80, 83, 81, 86, 84, 87, 88]]
98: [[59, 12, 69, 43, 1, 22, 7, 36, 10, 4, 3, 6, 5, 2, 9, 13, 31, 25], [11, 15, 14, 16, 19, 21, 17, 26, 20, 24, 23, 28, 30, 29, 33, 34, 41], [27, 54, 51, 32, 53, 39, 18, 8, 56, 35, 46, 40, 38, 42, 44, 47, 45, 49], [48, 37, 50, 55, 60, 52, 61, 62, 57, 58, 63, 66, 67, 68, 70, 65, 64, 77], [78, 71, 76, 74, 73, 75, 72, 79, 85, 82, 80, 83, 81, 86, 84, 87, 88]]
99: [[59, 12, 69, 43, 1, 22, 7, 36, 10, 4, 3, 6, 5, 2, 9, 13, 31, 25], [11, 15, 14, 16, 19, 21, 17, 26, 20, 24, 23, 28, 30, 29, 33, 34, 41], [27, 54, 51, 32, 53, 39, 18, 8, 56, 35, 46, 40, 38, 42, 44, 47, 45, 49], [48, 37, 50, 55, 60, 52, 61, 62, 57, 58, 63, 66, 67, 68, 70, 65, 64, 77], [78, 71, 76, 74, 73, 75, 72, 79, 85, 82, 80, 83, 81, 86, 84, 87, 88]]
100: [[59, 12, 69, 43, 1, 22, 7, 36, 10, 4, 3, 6, 5, 2, 9, 13, 31, 25], [11, 15, 14, 16, 19, 21, 17, 26, 20, 24, 23, 28, 30, 29, 33, 34, 41], [27, 54, 51, 32, 53, 39, 18, 8, 56, 35, 46, 40, 38, 42, 44, 47, 45, 49], [48, 37, 50, 55, 60, 52, 61, 62, 57, 58, 63, 66, 67, 68, 70, 65, 64, 77], [78, 71, 76, 74, 73, 75, 72, 79, 85, 82, 80, 83, 81, 86, 84, 87, 88]]
101: [[59, 12, 69, 43, 1, 22, 7, 36, 10, 4, 3, 6, 5, 2, 9, 13, 31, 25], [11, 15, 14, 16, 19, 21, 17, 26, 20, 24, 23, 28, 30, 29, 33, 34, 41], [27, 54, 51, 32, 53, 39, 18, 8, 56, 35, 46, 40, 38, 42, 44, 47, 45, 49], [48, 37, 50, 55, 60, 52, 61, 62, 57, 58, 63, 66, 67, 68, 70, 65, 64, 77], [78, 71, 76, 74, 73, 75, 72, 79, 85, 82, 80, 83, 81, 86, 84, 87, 88]]
102: [[59, 12, 69, 43, 1, 22, 7, 36, 10, 4, 3, 6, 5, 2, 9, 13, 31, 25], [11, 15, 14, 16, 19, 21, 17, 26, 20, 24, 23, 28, 30, 29, 33, 34, 41], [27, 54, 51, 32, 53, 39, 18, 8, 56, 35, 46, 40, 38, 42, 44, 47, 45, 49], [48, 37, 50, 55, 60, 52, 61, 62, 57, 58, 63, 66, 67, 68, 70, 65, 64, 77], [78, 71, 76, 74, 73, 75, 72, 79, 85, 82, 80, 83, 81, 86, 84, 87, 88]]
103: [[59, 12, 69, 43, 1, 22, 7, 36, 10, 4, 3, 6, 5, 2, 9, 13, 31, 25], [11, 15, 14, 16, 19, 21, 17, 26, 20, 24, 23, 28, 30, 29, 33, 34, 41], [27, 54, 51, 32, 53, 39, 18, 8, 56, 35, 46, 40, 38, 42, 44, 47, 45, 49], [48, 37, 50, 55, 60, 52, 61, 62, 57, 58, 63, 66, 67, 68, 70, 65, 64, 77], [78, 71, 76, 74, 73, 75, 72, 79, 85, 82, 80, 83, 81, 86, 84, 87, 88]]
104: [[59, 12, 69, 43, 1, 22, 7, 36, 10, 4, 3, 6, 5, 2, 9, 13, 31, 25], [11, 15, 14, 16, 19, 21, 17, 26, 20, 24, 23, 28, 30, 29, 33, 34, 41], [27, 54, 51, 32, 53, 39, 18, 8, 56, 35, 46, 40, 38, 42, 44, 47, 45, 49], [48, 37, 50, 55, 60, 52, 61, 62, 57, 58, 63, 66, 67, 68, 70, 65, 64, 77], [78, 71, 76, 74, 73, 75, 72, 79, 85, 82, 80, 83, 81, 86, 84, 87, 88]]
105: [[59, 12, 69, 43, 1, 22, 7, 36, 10, 4, 3, 6, 5, 2, 9, 13, 31, 25], [11, 15, 14, 16, 19, 21, 17, 26, 20, 24, 23, 28, 30, 29, 33, 34, 41], [27, 54, 51, 32, 53, 39, 18, 8, 56, 35, 46, 40, 38, 42, 44, 47, 45, 49], [48, 37, 50, 55, 60, 52, 61, 62, 57, 58, 63, 66, 67, 68, 70, 65, 64, 77], [78, 71, 76, 74, 73, 75, 72, 79, 85, 82, 80, 83, 81, 86, 84, 87, 88]]
106: [[59, 12, 69, 43, 1, 22, 7, 36, 10, 4, 3, 6, 5, 2, 9, 13, 31, 25], [11, 15, 14, 16, 19, 21, 17, 26, 20, 24, 23, 28, 30, 29, 33, 34, 41], [27, 54, 51, 32, 53, 39, 18, 8, 56, 35, 46, 40, 38, 42, 44, 47, 45, 49], [48, 37, 50, 55, 60, 52, 61, 62, 57, 58, 63, 66, 67, 68, 70, 65, 64, 77], [78, 71, 76, 74, 73, 75, 72, 79, 85, 82, 80, 83, 81, 86, 84, 87, 88]]
107: [[59, 12, 69, 43, 1, 22, 7, 36, 10, 4, 3, 6, 5, 2, 9, 13, 31, 25], [11, 15, 14, 16, 19, 21, 17, 26, 20, 24, 23, 28, 30, 29, 33, 34, 41], [27, 54, 51, 32, 53, 39, 18, 8, 56, 35, 46, 40, 38, 42, 44, 47, 45, 49], [48, 37, 50, 55, 60, 52, 61, 62, 57, 58, 63, 66, 67, 68, 70, 65, 64, 77], [78, 71, 76, 74, 73, 75, 72, 79, 85, 82, 80, 83, 81, 86, 84, 87, 88]]
108: [[59, 12, 69, 43, 1, 22, 7, 36, 10, 4, 3, 6, 5, 2, 9, 13, 31, 25], [11, 15, 14, 16, 19, 21, 17, 26, 20, 24, 23, 28, 30, 29, 33, 34, 41], [27, 54, 51, 32, 53, 39, 18, 8, 56, 35, 46, 40, 38, 42, 44, 47, 45, 49], [48, 37, 50, 55, 60, 52, 61, 62, 57, 58, 63, 66, 67, 68, 70, 65, 64, 77], [78, 71, 76, 74, 73, 75, 72, 79, 85, 82, 80, 83, 81, 86, 84, 87, 88]]
109: [[59, 12, 69, 43, 1, 22, 7, 36, 10, 4, 3, 6, 5, 2, 9, 13, 31, 25], [11, 15, 14, 16, 19, 21, 17, 26, 20, 24, 23, 28, 30, 29, 33, 34, 41], [27, 54, 51, 32, 53, 39, 18, 8, 56, 35, 46, 40, 38, 42, 44, 47, 45, 49], [48, 37, 50, 55, 60, 52, 61, 62, 57, 58, 63, 66, 67, 68, 70, 65, 64, 77], [78, 71, 76, 74, 73, 75, 72, 79, 85, 82, 80, 83, 81, 86, 84, 87, 88]]
110: [[59, 12, 69, 43, 1, 22, 7, 36, 10, 4, 3, 6, 5, 2, 9, 13, 31, 25], [11, 15, 14, 16, 19, 21, 17, 26, 20, 24, 23, 28, 30, 29, 33, 34, 41], [27, 54, 51, 32, 53, 39, 18, 8, 56, 35, 46, 40, 38, 42, 44, 47, 45, 49], [48, 37, 50, 55, 60, 52, 61, 62, 57, 58, 63, 66, 67, 68, 70, 65, 64, 77], [78, 71, 76, 74, 73, 75, 72, 79, 85, 82, 80, 83, 81, 86, 84, 87, 88]]
111: [[59, 12, 69, 43, 1, 22, 7, 36, 10, 4, 3, 6, 5, 2, 9, 13, 31, 25], [11, 15, 14, 16, 19, 21, 17, 26, 20, 24, 23, 28, 30, 29, 33, 34, 41], [27, 54, 51, 32, 53, 39, 18, 8, 56, 35, 46, 40, 38, 42, 44, 47, 45, 49], [48, 37, 50, 55, 60, 52, 61, 62, 57, 58, 63, 66, 67, 68, 70, 65, 64, 77], [78, 71, 76, 74, 73, 75, 72, 79, 85, 82, 80, 83, 81, 86, 84, 87, 88]]
112: [[59, 12, 69, 43, 1, 22, 7, 36, 10, 4, 3, 6, 5, 2, 9, 13, 31, 25], [11, 15, 14, 16, 19, 21, 17, 26, 20, 24, 23, 28, 30, 29, 33, 34, 41], [27, 54, 51, 32, 53, 39, 18, 8, 56, 35, 46, 40, 38, 42, 44, 47, 45, 49], [48, 37, 50, 55, 60, 52, 61, 62, 57, 58, 63, 66, 67, 68, 70, 65, 64, 77], [78, 71, 76, 74, 73, 75, 72, 79, 85, 82, 80, 83, 81, 86, 84, 87, 88]]
113: [[59, 12, 69, 43, 1, 22, 7, 36, 10, 4, 3, 6, 5, 2, 9, 13, 31, 25], [11, 15, 14, 16, 19, 21, 17, 26, 20, 24, 23, 28, 30, 29, 33, 34, 41], [27, 54, 51, 32, 53, 39, 18, 8, 56, 35, 46, 40, 38, 42, 44, 47, 45, 49], [48, 37, 50, 55, 60, 52, 61, 62, 57, 58, 63, 66, 67, 68, 70, 65, 64, 77], [78, 71, 76, 74, 73, 75, 72, 79, 85, 82, 80, 83, 81, 86, 84, 87, 88]]
114: [[59, 12, 69, 43, 1, 22, 7, 36, 10, 4, 3, 6, 5, 2, 9, 13, 31, 25], [11, 15, 14, 16, 19, 21, 17, 26, 20, 24, 23, 28, 30, 29, 33, 34, 41], [27, 54, 51, 32, 53, 39, 18, 8, 56, 35, 46, 40, 38, 42, 44, 47, 45, 49], [48, 37, 50, 55, 60, 52, 61, 62, 57, 58, 63, 66, 67, 68, 70, 65, 64, 77], [78, 71, 76, 74, 73, 75, 72, 79, 85, 82, 80, 83, 81, 86, 84, 87, 88]]
115: [[59, 12, 69, 43, 1, 22, 7, 36, 10, 4, 3, 6, 5, 2, 9, 13, 31, 25], [11, 15, 14, 16, 19, 21, 17, 26, 20, 24, 23, 28, 30, 29, 33, 34, 41], [27, 54, 51, 32, 53, 39, 18, 8, 56, 35, 46, 40, 38, 42, 44, 47, 45, 49], [48, 37, 50, 55, 60, 52, 61, 62, 57, 58, 63, 66, 67, 68, 70, 65, 64, 77], [78, 71, 76, 74, 73, 75, 72, 79, 85, 82, 80, 83, 81, 86, 84, 87, 88]]
116: [[59, 12, 69, 43, 1, 22, 7, 36, 10, 4, 3, 6, 5, 2, 9, 13, 31, 25], [11, 15, 14, 16, 19, 21, 17, 26, 20, 24, 23, 28, 30, 29, 33, 34, 41], [27, 54, 51, 32, 53, 39, 18, 8, 56, 35, 46, 40, 38, 42, 44, 47, 45, 49], [48, 37, 50, 55, 60, 52, 61, 62, 57, 58, 63, 66, 67, 68, 70, 65, 64, 77], [78, 71, 76, 74, 73, 75, 72, 79, 85, 82, 80, 83, 81, 86, 84, 87, 88]]
117: [[59, 12, 69, 43, 1, 22, 7, 36, 10, 4, 3, 6, 5, 2, 9, 13, 31, 25], [11, 15, 14, 16, 19, 21, 17, 26, 20, 24, 23, 28, 30, 29, 33, 34, 41], [27, 54, 51, 32, 53, 39, 18, 8, 56, 35, 46, 40, 38, 42, 44, 47, 45, 49], [48, 37, 50, 55, 60, 52, 61, 62, 57, 58, 63, 66, 67, 68, 70, 65, 64, 77], [78, 71, 76, 74, 73, 75, 72, 79, 85, 82, 80, 83, 81, 86, 84, 87, 88]]
118: [[59, 12, 69, 43, 1, 22, 7, 36, 10, 4, 3, 6, 5, 2, 9, 13, 31, 25], [11, 15, 14, 16, 19, 21, 17, 26, 20, 24, 23, 28, 30, 29, 33, 34, 41], [27, 54, 51, 32, 53, 39, 18, 8, 56, 35, 46, 40, 38, 42, 44, 47, 45, 49], [48, 37, 50, 55, 60, 52, 61, 62, 57, 58, 63, 66, 67, 68, 70, 65, 64, 77], [78, 71, 76, 74, 73, 75, 72, 79, 85, 82, 80, 83, 81, 86, 84, 87, 88]]
119: [[59, 12, 69, 43, 1, 22, 7, 36, 10, 4, 3, 6, 5, 2, 9, 13, 31, 25], [11, 15, 14, 16, 19, 21, 17, 26, 20, 24, 23, 28, 30, 29, 33, 34, 41], [27, 54, 51, 32, 53, 39, 18, 8, 56, 35, 46, 40, 38, 42, 44, 47, 45, 49], [48, 37, 50, 55, 60, 52, 61, 62, 57, 58, 63, 66, 67, 68, 70, 65, 64, 77], [78, 71, 76, 74, 73, 75, 72, 79, 85, 82, 80, 83, 81, 86, 84, 87, 88]]
120: [[59, 12, 69, 43, 1, 22, 7, 36, 10, 4, 3, 6, 5, 2, 9, 13, 31, 25], [11, 15, 14, 16, 19, 21, 17, 26, 20, 24, 23, 28, 30, 29, 33, 34, 41], [27, 54, 51, 32, 53, 39, 18, 8, 56, 35, 46, 40, 38, 42, 44, 47, 45, 49], [48, 37, 50, 55, 60, 52, 61, 62, 57, 58, 63, 66, 67, 68, 70, 65, 64, 77], [78, 71, 76, 74, 73, 75, 72, 79, 85, 82, 80, 83, 81, 86, 84, 87, 88]]
121: [[59, 12, 69, 43, 1, 22, 7, 36, 10, 4, 3, 6, 5, 2, 9, 13, 31, 25], [11, 15, 14, 16, 19, 21, 17, 26, 20, 24, 23, 28, 30, 29, 33, 34, 41], [27, 54, 51, 32, 53, 39, 18, 8, 56, 35, 46, 40, 38, 42, 44, 47, 45, 49], [48, 37, 50, 55, 60, 52, 61, 62, 57, 58, 63, 66, 67, 68, 70, 65, 64, 77], [78, 71, 76, 74, 73, 75, 72, 79, 85, 82, 80, 83, 81, 86, 84, 87, 88]]
122: [[59, 12, 69, 43, 1, 22, 7, 36, 10, 4, 3, 6, 5, 2, 9, 13, 31, 25], [11, 15, 14, 16, 19, 21, 17, 26, 20, 24, 23, 28, 30, 29, 33, 34, 41], [27, 54, 51, 32, 53, 39, 18, 8, 56, 35, 46, 40, 38, 42, 44, 47, 45, 49], [48, 37, 50, 55, 60, 52, 61, 62, 57, 58, 63, 66, 67, 68, 70, 65, 64, 77], [78, 71, 76, 74, 73, 75, 72, 79, 85, 82, 80, 83, 81, 86, 84, 87, 88]]
123: [[59, 12, 69, 43, 1, 22, 7, 36, 10, 4, 3, 6, 5, 2, 9, 13, 31, 25], [11, 15, 14, 16, 19, 21, 17, 26, 20, 24, 23, 28, 30, 29, 33, 34, 41], [27, 54, 51, 32, 53, 39, 18, 8, 56, 35, 46, 40, 38, 42, 44, 47, 45, 49], [48, 37, 50, 55, 60, 52, 61, 62, 57, 58, 63, 66, 67, 68, 70, 65, 64, 77], [78, 71, 76, 74, 73, 75, 72, 79, 85, 82, 80, 83, 81, 86, 84, 87, 88]]
124: [[59, 12, 69, 43, 1, 22, 7, 36, 10, 4, 3, 6, 5, 2, 9, 13, 31, 25], [11, 15, 14, 16, 19, 21, 17, 26, 20, 24, 23, 28, 30, 29, 33, 34, 41], [27, 54, 51, 32, 53, 39, 18, 8, 56, 35, 46, 40, 38, 42, 44, 47, 45, 49], [48, 37, 50, 55, 60, 52, 61, 62, 57, 58, 63, 66, 67, 68, 70, 65, 64, 77], [78, 71, 76, 74, 73, 75, 72, 79, 85, 82, 80, 83, 81, 86, 84, 87, 88]]
125: [[59, 12, 69, 43, 1, 22, 7, 36, 10, 4, 3, 6, 5, 2, 9, 13, 31, 25], [11, 15, 14, 16, 19, 21, 17, 26, 20, 24, 23, 28, 30, 29, 33, 34, 41], [27, 54, 51, 32, 53, 39, 18, 8, 56, 35, 46, 40, 38, 42, 44, 47, 45, 49], [48, 37, 50, 55, 60, 52, 61, 62, 57, 58, 63, 66, 67, 68, 70, 65, 64, 77], [78, 71, 76, 74, 73, 75, 72, 79, 85, 82, 80, 83, 81, 86, 84, 87, 88]]
126: [[59, 12, 69, 43, 1, 22, 7, 36, 10, 4, 3, 6, 5, 2, 9, 13, 31, 25], [11, 15, 14, 16, 19, 21, 17, 26, 20, 24, 23, 28, 30, 29, 33, 34, 41], [27, 54, 51, 32, 53, 39, 18, 8, 56, 35, 46, 40, 38, 42, 44, 47, 45, 49], [48, 37, 50, 55, 60, 52, 61, 62, 57, 58, 63, 66, 67, 68, 70, 65, 64, 77], [78, 71, 76, 74, 73, 75, 72, 79, 85, 82, 80, 83, 81, 86, 84, 87, 88]]
127: [[59, 12, 69, 43, 1, 22, 7, 36, 10, 4, 3, 6, 5, 2, 9, 13, 31, 25], [11, 15, 14, 16, 19, 21, 17, 26, 20, 24, 23, 28, 30, 29, 33, 34, 41], [27, 54, 51, 32, 53, 39, 18, 8, 56, 35, 46, 40, 38, 42, 44, 47, 45, 49], [48, 37, 50, 55, 60, 52, 61, 62, 57, 58, 63, 66, 67, 68, 70, 65, 64, 77], [78, 71, 76, 74, 73, 75, 72, 79, 85, 82, 80, 83, 81, 86, 84, 87, 88]]
128: [[59, 12, 69, 43, 1, 22, 7, 36, 10, 4, 3, 6, 5, 2, 9, 13, 31, 25], [11, 15, 14, 16, 19, 21, 17, 26, 20, 24, 23, 28, 30, 29, 33, 34, 41], [27, 54, 51, 32, 53, 39, 18, 8, 56, 35, 46, 40, 38, 42, 44, 47, 45, 49], [48, 37, 50, 55, 60, 52, 61, 62, 57, 58, 63, 66, 67, 68, 70, 65, 64, 77], [78, 71, 76, 74, 73, 75, 72, 79, 85, 82, 80, 83, 81, 86, 84, 87, 88]]
129: [[59, 12, 69, 43, 1, 22, 7, 36, 10, 4, 3, 6, 5, 2, 9, 13, 31, 25], [11, 15, 14, 16, 19, 21, 17, 26, 20, 24, 23, 28, 30, 29, 33, 34, 41], [27, 54, 51, 32, 53, 39, 18, 8, 56, 35, 46, 40, 38, 42, 44, 47, 45, 49], [48, 37, 50, 55, 60, 52, 61, 62, 57, 58, 63, 66, 67, 68, 70, 65, 64, 77], [78, 71, 76, 74, 73, 75, 72, 79, 85, 82, 80, 83, 81, 86, 84, 87, 88]]
130: [[59, 12, 69, 43, 1, 22, 7, 36, 10, 4, 3, 6, 5, 2, 9, 13, 31, 25], [11, 15, 14, 16, 19, 21, 17, 26, 20, 24, 23, 28, 30, 29, 33, 34, 41], [27, 54, 51, 32, 53, 39, 18, 8, 56, 35, 46, 40, 38, 42, 44, 47, 45, 49], [48, 37, 50, 55, 60, 52, 61, 62, 57, 58, 63, 66, 67, 68, 70, 65, 64, 77], [78, 71, 76, 74, 73, 75, 72, 79, 85, 82, 80, 83, 81, 86, 84, 87, 88]]
131: [[59, 12, 69, 43, 1, 22, 7, 36, 10, 4, 3, 6, 5, 2, 9, 13, 31, 25], [11, 15, 14, 16, 19, 21, 17, 26, 20, 24, 23, 28, 30, 29, 33, 34, 41], [27, 54, 51, 32, 53, 39, 18, 8, 56, 35, 46, 40, 38, 42, 44, 47, 45, 49], [48, 37, 50, 55, 60, 52, 61, 62, 57, 58, 63, 66, 67, 68, 70, 65, 64, 77], [78, 71, 76, 74, 73, 75, 72, 79, 85, 82, 80, 83, 81, 86, 84, 87, 88]]
132: [[59, 12, 69, 43, 1, 22, 7, 36, 10, 4, 3, 6, 5, 2, 9, 13, 31, 25], [11, 15, 14, 16, 19, 21, 17, 26, 20, 24, 23, 28, 30, 29, 33, 34, 41], [27, 54, 51, 32, 53, 39, 18, 8, 56, 35, 46, 40, 38, 42, 44, 47, 45, 49], [48, 37, 50, 55, 60, 52, 61, 62, 57, 58, 63, 66, 67, 68, 70, 65, 64, 77], [78, 71, 76, 74, 73, 75, 72, 79, 85, 82, 80, 83, 81, 86, 84, 87, 88]]
133: [[59, 12, 69, 43, 1, 22, 7, 36, 10, 4, 3, 6, 5, 2, 9, 13, 31, 25], [11, 15, 14, 16, 19, 21, 17, 26, 20, 24, 23, 28, 30, 29, 33, 34, 41], [27, 54, 51, 32, 53, 39, 18, 8, 56, 35, 46, 40, 38, 42, 44, 47, 45, 49], [48, 37, 50, 55, 60, 52, 61, 62, 57, 58, 63, 66, 67, 68, 70, 65, 64, 77], [78, 71, 76, 74, 73, 75, 72, 79, 85, 82, 80, 83, 81, 86, 84, 87, 88]]
134: [[59, 12, 69, 43, 1, 22, 7, 36, 10, 4, 3, 6, 5, 2, 9, 13, 31, 25], [11, 15, 14, 16, 19, 21, 17, 26, 20, 24, 23, 28, 30, 29, 33, 34, 41], [27, 54, 51, 32, 53, 39, 18, 8, 56, 35, 46, 40, 38, 42, 44, 47, 45, 49], [48, 37, 50, 55, 60, 52, 61, 62, 57, 58, 63, 66, 67, 68, 70, 65, 64, 77], [78, 71, 76, 74, 73, 75, 72, 79, 85, 82, 80, 83, 81, 86, 84, 87, 88]]
135: [[59, 12, 69, 43, 1, 22, 7, 36, 10, 4, 3, 6, 5, 2, 9, 13, 31, 25], [11, 15, 14, 16, 19, 21, 17, 26, 20, 24, 23, 28, 30, 29, 33, 34, 41], [27, 54, 51, 32, 53, 39, 18, 8, 56, 35, 46, 40, 38, 42, 44, 47, 45, 49], [48, 37, 50, 55, 60, 52, 61, 62, 57, 58, 63, 66, 67, 68, 70, 65, 64, 77], [78, 71, 76, 74, 73, 75, 72, 79, 85, 82, 80, 83, 81, 86, 84, 87, 88]]
136: [[59, 12, 69, 43, 1, 22, 7, 36, 10, 4, 3, 6, 5, 2, 9, 13, 31, 25], [11, 15, 14, 16, 19, 21, 17, 26, 20, 24, 23, 28, 30, 29, 33, 34, 41], [27, 54, 51, 32, 53, 39, 18, 8, 56, 35, 46, 40, 38, 42, 44, 47, 45, 49], [48, 37, 50, 55, 60, 52, 61, 62, 57, 58, 63, 66, 67, 68, 70, 65, 64, 77], [78, 71, 76, 74, 73, 75, 72, 79, 85, 82, 80, 83, 81, 86, 84, 87, 88]]
137: [[59, 12, 69, 43, 1, 22, 7, 36, 10, 4, 3, 6, 5, 2, 9, 13, 31, 25], [11, 15, 14, 16, 19, 21, 17, 26, 20, 24, 23, 28, 30, 29, 33, 34, 41], [27, 54, 51, 32, 53, 39, 18, 8, 56, 35, 46, 40, 38, 42, 44, 47, 45, 49], [48, 37, 50, 55, 60, 52, 61, 62, 57, 58, 63, 66, 67, 68, 70, 65, 64, 77], [78, 71, 76, 74, 73, 75, 72, 79, 85, 82, 80, 83, 81, 86, 84, 87, 88]]
138: [[59, 12, 69, 43, 1, 22, 7, 36, 10, 4, 3, 6, 5, 2, 9, 13, 31, 25], [11, 15, 14, 16, 19, 21, 17, 26, 20, 24, 23, 28, 30, 29, 33, 34, 41], [27, 54, 51, 32, 53, 39, 18, 8, 56, 35, 46, 40, 38, 42, 44, 47, 45, 49], [48, 37, 50, 55, 60, 52, 61, 62, 57, 58, 63, 66, 67, 68, 70, 65, 64, 77], [78, 71, 76, 74, 73, 75, 72, 79, 85, 82, 80, 83, 81, 86, 84, 87, 88]]
139: [[59, 12, 69, 43, 1, 22, 7, 36, 10, 4, 3, 6, 5, 2, 9, 13, 31, 25], [11, 15, 14, 16, 19, 21, 17, 26, 20, 24, 23, 28, 30, 29, 33, 34, 41], [27, 54, 51, 32, 53, 39, 18, 8, 56, 35, 46, 40, 38, 42, 44, 47, 45, 49], [48, 37, 50, 55, 60, 52, 61, 62, 57, 58, 63, 66, 67, 68, 70, 65, 64, 77], [78, 71, 76, 74, 73, 75, 72, 79, 85, 82, 80, 83, 81, 86, 84, 87, 88]]
140: [[59, 12, 69, 43, 1, 22, 7, 36, 10, 4, 3, 6, 5, 2, 9, 13, 31, 25], [11, 15, 14, 16, 19, 21, 17, 26, 20, 24, 23, 28, 30, 29, 33, 34, 41], [27, 54, 51, 32, 53, 39, 18, 8, 56, 35, 46, 40, 38, 42, 44, 47, 45, 49], [48, 37, 50, 55, 60, 52, 61, 62, 57, 58, 63, 66, 67, 68, 70, 65, 64, 77], [78, 71, 76, 74, 73, 75, 72, 79, 85, 82, 80, 83, 81, 86, 84, 87, 88]]
141: [[59, 12, 69, 43, 1, 22, 7, 36, 10, 4, 3, 6, 5, 2, 9, 13, 31, 25], [11, 15, 14, 16, 19, 21, 17, 26, 20, 24, 23, 28, 30, 29, 33, 34, 41], [27, 54, 51, 32, 53, 39, 18, 8, 56, 35, 46, 40, 38, 42, 44, 47, 45, 49], [48, 37, 50, 55, 60, 52, 61, 62, 57, 58, 63, 66, 67, 68, 70, 65, 64, 77], [78, 71, 76, 74, 73, 75, 72, 79, 85, 82, 80, 83, 81, 86, 84, 87, 88]]
142: [[59, 12, 69, 43, 1, 22, 7, 36, 10, 4, 3, 6, 5, 2, 9, 13, 31, 25], [11, 15, 14, 16, 19, 21, 17, 26, 20, 24, 23, 28, 30, 29, 33, 34, 41], [27, 54, 51, 32, 53, 39, 18, 8, 56, 35, 46, 40, 38, 42, 44, 47, 45, 49], [48, 37, 50, 55, 60, 52, 61, 62, 57, 58, 63, 66, 67, 68, 70, 65, 64, 77], [78, 71, 76, 74, 73, 75, 72, 79, 85, 82, 80, 83, 81, 86, 84, 87, 88]]
143: [[59, 12, 69, 43, 1, 22, 7, 36, 10, 4, 3, 6, 5, 2, 9, 13, 31, 25], [11, 15, 14, 16, 19, 21, 17, 26, 20, 24, 23, 28, 30, 29, 33, 34, 41], [27, 54, 51, 32, 53, 39, 18, 8, 56, 35, 46, 40, 38, 42, 44, 47, 45, 49], [48, 37, 50, 55, 60, 52, 61, 62, 57, 58, 63, 66, 67, 68, 70, 65, 64, 77], [78, 71, 76, 74, 73, 75, 72, 79, 85, 82, 80, 83, 81, 86, 84, 87, 88]]
144: [[59, 12, 69, 43, 1, 22, 7, 36, 10, 4, 3, 6, 5, 2, 9, 13, 31, 25], [11, 15, 14, 16, 19, 21, 17, 26, 20, 24, 23, 28, 30, 29, 33, 34, 41], [27, 54, 51, 32, 53, 39, 18, 8, 56, 35, 46, 40, 38, 42, 44, 47, 45, 49], [48, 37, 50, 55, 60, 52, 61, 62, 57, 58, 63, 66, 67, 68, 70, 65, 64, 77], [78, 71, 76, 74, 73, 75, 72, 79, 85, 82, 80, 83, 81, 86, 84, 87, 88]]
145: [[59, 12, 69, 43, 1, 22, 7, 36, 10, 4, 3, 6, 5, 2, 9, 13, 31, 25], [11, 15, 14, 16, 19, 21, 17, 26, 20, 24, 23, 28, 30, 29, 33, 34, 41], [27, 54, 51, 32, 53, 39, 18, 8, 56, 35, 46, 40, 38, 42, 44, 47, 45, 49], [48, 37, 50, 55, 60, 52, 61, 62, 57, 58, 63, 66, 67, 68, 70, 65, 64, 77], [78, 71, 76, 74, 73, 75, 72, 79, 85, 82, 80, 83, 81, 86, 84, 87, 88]]
146: [[59, 12, 69, 43, 1, 22, 7, 36, 10, 4, 3, 6, 5, 2, 9, 13, 31, 25], [11, 15, 14, 16, 19, 21, 17, 26, 20, 24, 23, 28, 30, 29, 33, 34, 41], [27, 54, 51, 32, 53, 39, 18, 8, 56, 35, 46, 40, 38, 42, 44, 47, 45, 49], [48, 37, 50, 55, 60, 52, 61, 62, 57, 58, 63, 66, 67, 68, 70, 65, 64, 77], [78, 71, 76, 74, 73, 75, 72, 79, 85, 82, 80, 83, 81, 86, 84, 87, 88]]
147: [[59, 12, 69, 43, 1, 22, 7, 36, 10, 4, 3, 6, 5, 2, 9, 13, 31, 25], [11, 15, 14, 16, 19, 21, 17, 26, 20, 24, 23, 28, 30, 29, 33, 34, 41], [27, 54, 51, 32, 53, 39, 18, 8, 56, 35, 46, 40, 38, 42, 44, 47, 45, 49], [48, 37, 50, 55, 60, 52, 61, 62, 57, 58, 63, 66, 67, 68, 70, 65, 64, 77], [78, 71, 76, 74, 73, 75, 72, 79, 85, 82, 80, 83, 81, 86, 84, 87, 88]]
148: [[59, 12, 69, 43, 1, 22, 7, 36, 10, 4, 3, 6, 5, 2, 9, 13, 31, 25], [11, 15, 14, 16, 19, 21, 17, 26, 20, 24, 23, 28, 30, 29, 33, 34, 41], [27, 54, 51, 32, 53, 39, 18, 8, 56, 35, 46, 40, 38, 42, 44, 47, 45, 49], [48, 37, 50, 55, 60, 52, 61, 62, 57, 58, 63, 66, 67, 68, 70, 65, 64, 77], [78, 71, 76, 74, 73, 75, 72, 79, 85, 82, 80, 83, 81, 86, 84, 87, 88]]
149: [[59, 12, 69, 43, 1, 22, 7, 36, 10, 4, 3, 6, 5, 2, 9, 13, 31, 25], [11, 15, 14, 16, 19, 21, 17, 26, 20, 24, 23, 28, 30, 29, 33, 34, 41], [27, 54, 51, 32, 53, 39, 18, 8, 56, 35, 46, 40, 38, 42, 44, 47, 45, 49], [48, 37, 50, 55, 60, 52, 61, 62, 57, 58, 63, 66, 67, 68, 70, 65, 64, 77], [78, 71, 76, 74, 73, 75, 72, 79, 85, 82, 80, 83, 81, 86, 84, 87, 88]]
150: [[59, 12, 69, 43, 1, 22, 7, 36, 10, 4, 3, 6, 5, 2, 9, 13, 31, 25], [11, 15, 14, 16, 19, 21, 17, 26, 20, 24, 23, 28, 30, 29, 33, 34, 41], [27, 54, 51, 32, 53, 39, 18, 8, 56, 35, 46, 40, 38, 42, 44, 47, 45, 49], [48, 37, 50, 55, 60, 52, 61, 62, 57, 58, 63, 66, 67, 68, 70, 65, 64, 77], [78, 71, 76, 74, 73, 75, 72, 79, 85, 82, 80, 83, 81, 86, 84, 87, 88]]
151: [[59, 12, 69, 43, 1, 22, 7, 36, 10, 4, 3, 6, 5, 2, 9, 13, 31, 25], [11, 15, 14, 16, 19, 21, 17, 26, 20, 24, 23, 28, 30, 29, 33, 34, 41], [27, 54, 51, 32, 53, 39, 18, 8, 56, 35, 46, 40, 38, 42, 44, 47, 45, 49], [48, 37, 50, 55, 60, 52, 61, 62, 57, 58, 63, 66, 67, 68, 70, 65, 64, 77], [78, 71, 76, 74, 73, 75, 72, 79, 85, 82, 80, 83, 81, 86, 84, 87, 88]]
152: [[59, 12, 69, 43, 1, 22, 7, 36, 10, 4, 3, 6, 5, 2, 9, 13, 31, 25], [11, 15, 14, 16, 19, 21, 17, 26, 20, 24, 23, 28, 30, 29, 33, 34, 41], [27, 54, 51, 32, 53, 39, 18, 8, 56, 35, 46, 40, 38, 42, 44, 47, 45, 49], [48, 37, 50, 55, 60, 52, 61, 62, 57, 58, 63, 66, 67, 68, 70, 65, 64, 77], [78, 71, 76, 74, 73, 75, 72, 79, 85, 82, 80, 83, 81, 86, 84, 87, 88]]
153: [[59, 12, 69, 43, 1, 22, 7, 36, 10, 4, 3, 6, 5, 2, 9, 13, 31, 25], [11, 15, 14, 16, 19, 21, 17, 26, 20, 24, 23, 28, 30, 29, 33, 34, 41], [27, 54, 51, 32, 53, 39, 18, 8, 56, 35, 46, 40, 38, 42, 44, 47, 45, 49], [48, 37, 50, 55, 60, 52, 61, 62, 57, 58, 63, 66, 67, 68, 70, 65, 64, 77], [78, 71, 76, 74, 73, 75, 72, 79, 85, 82, 80, 83, 81, 86, 84, 87, 88]]
154: [[59, 12, 69, 43, 1, 22, 7, 36, 10, 4, 3, 6, 5, 2, 9, 13, 31, 25], [11, 15, 14, 16, 19, 21, 17, 26, 20, 24, 23, 28, 30, 29, 33, 34, 41], [27, 54, 51, 32, 53, 39, 18, 8, 56, 35, 46, 40, 38, 42, 44, 47, 45, 49], [48, 37, 50, 55, 60, 52, 61, 62, 57, 58, 63, 66, 67, 68, 70, 65, 64, 77], [78, 71, 76, 74, 73, 75, 72, 79, 85, 82, 80, 83, 81, 86, 84, 87, 88]]
155: [[59, 12, 69, 43, 1, 22, 7, 36, 10, 4, 3, 6, 5, 2, 9, 13, 31, 25], [11, 15, 14, 16, 19, 21, 17, 26, 20, 24, 23, 28, 30, 29, 33, 34, 41], [27, 54, 51, 32, 53, 39, 18, 8, 56, 35, 46, 40, 38, 42, 44, 47, 45, 49], [48, 37, 50, 55, 60, 52, 61, 62, 57, 58, 63, 66, 67, 68, 70, 65, 64, 77], [78, 71, 76, 74, 73, 75, 72, 79, 85, 82, 80, 83, 81, 86, 84, 87, 88]]
156: [[59, 12, 69, 43, 1, 22, 7, 36, 10, 4, 3, 6, 5, 2, 9, 13, 31, 25], [11, 15, 14, 16, 19, 21, 17, 26, 20, 24, 23, 28, 30, 29, 33, 34, 41], [27, 54, 51, 32, 53, 39, 18, 8, 56, 35, 46, 40, 38, 42, 44, 47, 45, 49], [48, 37, 50, 55, 60, 52, 61, 62, 57, 58, 63, 66, 67, 68, 70, 65, 64, 77], [78, 71, 76, 74, 73, 75, 72, 79, 85, 82, 80, 83, 81, 86, 84, 87, 88]]
157: [[59, 12, 69, 43, 1, 22, 7, 36, 10, 4, 3, 6, 5, 2, 9, 13, 31, 25], [11, 15, 14, 16, 19, 21, 17, 26, 20, 24, 23, 28, 30, 29, 33, 34, 41], [27, 54, 51, 32, 53, 39, 18, 8, 56, 35, 46, 40, 38, 42, 44, 47, 45, 49], [48, 37, 50, 55, 60, 52, 61, 62, 57, 58, 63, 66, 67, 68, 70, 65, 64, 77], [78, 71, 76, 74, 73, 75, 72, 79, 85, 82, 80, 83, 81, 86, 84, 87, 88]]
158: [[59, 12, 69, 43, 1, 22, 7, 36, 10, 4, 3, 6, 5, 2, 9, 13, 31, 25], [11, 15, 14, 16, 19, 21, 17, 26, 20, 24, 23, 28, 30, 29, 33, 34, 41], [27, 54, 51, 32, 53, 39, 18, 8, 56, 35, 46, 40, 38, 42, 44, 47, 45, 49], [48, 37, 50, 55, 60, 52, 61, 62, 57, 58, 63, 66, 67, 68, 70, 65, 64, 77], [78, 71, 76, 74, 73, 75, 72, 79, 85, 82, 80, 83, 81, 86, 84, 87, 88]]
159: [[59, 12, 69, 43, 1, 22, 7, 36, 10, 4, 3, 6, 5, 2, 9, 13, 31, 25], [11, 15, 14, 16, 19, 21, 17, 26, 20, 24, 23, 28, 30, 29, 33, 34, 41], [27, 54, 51, 32, 53, 39, 18, 8, 56, 35, 46, 40, 38, 42, 44, 47, 45, 49], [48, 37, 50, 55, 60, 52, 61, 62, 57, 58, 63, 66, 67, 68, 70, 65, 64, 77], [78, 71, 76, 74, 73, 75, 72, 79, 85, 82, 80, 83, 81, 86, 84, 87, 88]]
160: [[59, 12, 69, 43, 1, 22, 7, 36, 10, 4, 3, 6, 5, 2, 9, 13, 31, 25], [11, 15, 14, 16, 19, 21, 17, 26, 20, 24, 23, 28, 30, 29, 33, 34, 41], [27, 54, 51, 32, 53, 39, 18, 8, 56, 35, 46, 40, 38, 42, 44, 47, 45, 49], [48, 37, 50, 55, 60, 52, 61, 62, 57, 58, 63, 66, 67, 68, 70, 65, 64, 77], [78, 71, 76, 74, 73, 75, 72, 79, 85, 82, 80, 83, 81, 86, 84, 87, 88]]
161: [[59, 12, 69, 43, 1, 22, 7, 36, 10, 4, 3, 6, 5, 2, 9, 13, 31, 25], [11, 15, 14, 16, 19, 21, 17, 26, 20, 24, 23, 28, 30, 29, 33, 34, 41], [27, 54, 51, 32, 53, 39, 18, 8, 56, 35, 46, 40, 38, 42, 44, 47, 45, 49], [48, 37, 50, 55, 60, 52, 61, 62, 57, 58, 63, 66, 67, 68, 70, 65, 64, 77], [78, 71, 76, 74, 73, 75, 72, 79, 85, 82, 80, 83, 81, 86, 84, 87, 88]]
162: [[59, 12, 69, 43, 1, 22, 7, 36, 10, 4, 3, 6, 5, 2, 9, 13, 31, 25], [11, 15, 14, 16, 19, 21, 17, 26, 20, 24, 23, 28, 30, 29, 33, 34, 41], [27, 54, 51, 32, 53, 39, 18, 8, 56, 35, 46, 40, 38, 42, 44, 47, 45, 49], [48, 37, 50, 55, 60, 52, 61, 62, 57, 58, 63, 66, 67, 68, 70, 65, 64, 77], [78, 71, 76, 74, 73, 75, 72, 79, 85, 82, 80, 83, 81, 86, 84, 87, 88]]
163: [[59, 12, 69, 43, 1, 22, 7, 36, 10, 4, 3, 6, 5, 2, 9, 13, 31, 25], [11, 15, 14, 16, 19, 21, 17, 26, 20, 24, 23, 28, 30, 29, 33, 34, 41], [27, 54, 51, 32, 53, 39, 18, 8, 56, 35, 46, 40, 38, 42, 44, 47, 45, 49], [48, 37, 50, 55, 60, 52, 61, 62, 57, 58, 63, 66, 67, 68, 70, 65, 64, 77], [78, 71, 76, 74, 73, 75, 72, 79, 85, 82, 80, 83, 81, 86, 84, 87, 88]]
164: [[59, 12, 69, 43, 1, 22, 7, 36, 10, 4, 3, 6, 5, 2, 9, 13, 31, 25], [11, 15, 14, 16, 19, 21, 17, 26, 20, 24, 23, 28, 30, 29, 33, 34, 41], [27, 54, 51, 32, 53, 39, 18, 8, 56, 35, 46, 40, 38, 42, 44, 47, 45, 49], [48, 37, 50, 55, 60, 52, 61, 62, 57, 58, 63, 66, 67, 68, 70, 65, 64, 77], [78, 71, 76, 74, 73, 75, 72, 79, 85, 82, 80, 83, 81, 86, 84, 87, 88]]
165: [[59, 12, 69, 43, 1, 22, 7, 36, 10, 4, 3, 6, 5, 2, 9, 13, 31, 25], [11, 15, 14, 16, 19, 21, 17, 26, 20, 24, 23, 28, 30, 29, 33, 34, 41], [27, 54, 51, 32, 53, 39, 18, 8, 56, 35, 46, 40, 38, 42, 44, 47, 45, 49], [48, 37, 50, 55, 60, 52, 61, 62, 57, 58, 63, 66, 67, 68, 70, 65, 64, 77], [78, 71, 76, 74, 73, 75, 72, 79, 85, 82, 80, 83, 81, 86, 84, 87, 88]]
166: [[59, 12, 69, 43, 1, 22, 7, 36, 10, 4, 3, 6, 5, 2, 9, 13, 31, 25], [11, 15, 14, 16, 19, 21, 17, 26, 20, 24, 23, 28, 30, 29, 33, 34, 41], [27, 54, 51, 32, 53, 39, 18, 8, 56, 35, 46, 40, 38, 42, 44, 47, 45, 49], [48, 37, 50, 55, 60, 52, 61, 62, 57, 58, 63, 66, 67, 68, 70, 65, 64, 77], [78, 71, 76, 74, 73, 75, 72, 79, 85, 82, 80, 83, 81, 86, 84, 87, 88]]
167: [[59, 12, 69, 43, 1, 22, 7, 36, 10, 4, 3, 6, 5, 2, 9, 13, 31, 25], [11, 15, 14, 16, 19, 21, 17, 26, 20, 24, 23, 28, 30, 29, 33, 34, 41], [27, 54, 51, 32, 53, 39, 18, 8, 56, 35, 46, 40, 38, 42, 44, 47, 45, 49], [48, 37, 50, 55, 60, 52, 61, 62, 57, 58, 63, 66, 67, 68, 70, 65, 64, 77], [78, 71, 76, 74, 73, 75, 72, 79, 85, 82, 80, 83, 81, 86, 84, 87, 88]]
168: [[59, 12, 69, 43, 1, 22, 7, 36, 10, 4, 3, 6, 5, 2, 9, 13, 31, 25], [11, 15, 14, 16, 19, 21, 17, 26, 20, 24, 23, 28, 30, 29, 33, 34, 41], [27, 54, 51, 32, 53, 39, 18, 8, 56, 35, 46, 40, 38, 42, 44, 47, 45, 49], [48, 37, 50, 55, 60, 52, 61, 62, 57, 58, 63, 66, 67, 68, 70, 65, 64, 77], [78, 71, 76, 74, 73, 75, 72, 79, 85, 82, 80, 83, 81, 86, 84, 87, 88]]
169: [[59, 12, 69, 43, 1, 22, 7, 36, 10, 4, 3, 6, 5, 2, 9, 13, 31, 25], [11, 15, 14, 16, 19, 21, 17, 26, 20, 24, 23, 28, 30, 29, 33, 34, 41], [27, 54, 51, 32, 53, 39, 18, 8, 56, 35, 46, 40, 38, 42, 44, 47, 45, 49], [48, 37, 50, 55, 60, 52, 61, 62, 57, 58, 63, 66, 67, 68, 70, 65, 64, 77], [78, 71, 76, 74, 73, 75, 72, 79, 85, 82, 80, 83, 81, 86, 84, 87, 88]]
170: [[59, 12, 69, 43, 1, 22, 7, 36, 10, 4, 3, 6, 5, 2, 9, 13, 31, 25], [11, 15, 14, 16, 19, 21, 17, 26, 20, 24, 23, 28, 30, 29, 33, 34, 41], [27, 54, 51, 32, 53, 39, 18, 8, 56, 35, 46, 40, 38, 42, 44, 47, 45, 49], [48, 37, 50, 55, 60, 52, 61, 62, 57, 58, 63, 66, 67, 68, 70, 65, 64, 77], [78, 71, 76, 74, 73, 75, 72, 79, 85, 82, 80, 83, 81, 86, 84, 87, 88]]
171: [[59, 12, 69, 43, 1, 22, 7, 36, 10, 4, 3, 6, 5, 2, 9, 13, 31, 25], [11, 15, 14, 16, 19, 21, 17, 26, 20, 24, 23, 28, 30, 29, 33, 34, 41], [27, 54, 51, 32, 53, 39, 18, 8, 56, 35, 46, 40, 38, 42, 44, 47, 45, 49], [48, 37, 50, 55, 60, 52, 61, 62, 57, 58, 63, 66, 67, 68, 70, 65, 64, 77], [78, 71, 76, 74, 73, 75, 72, 79, 85, 82, 80, 83, 81, 86, 84, 87, 88]]
172: [[59, 12, 69, 43, 1, 22, 7, 36, 10, 4, 3, 6, 5, 2, 9, 13, 31, 25], [11, 15, 14, 16, 19, 21, 17, 26, 20, 24, 23, 28, 30, 29, 33, 34, 41], [27, 54, 51, 32, 53, 39, 18, 8, 56, 35, 46, 40, 38, 42, 44, 47, 45, 49], [48, 37, 50, 55, 60, 52, 61, 62, 57, 58, 63, 66, 67, 68, 70, 65, 64, 77], [78, 71, 76, 74, 73, 75, 72, 79, 85, 82, 80, 83, 81, 86, 84, 87, 88]]
173: [[59, 12, 69, 43, 1, 22, 7, 36, 10, 4, 3, 6, 5, 2, 9, 13, 31, 25], [11, 15, 14, 16, 19, 21, 17, 26, 20, 24, 23, 28, 30, 29, 33, 34, 41], [27, 54, 51, 32, 53, 39, 18, 8, 56, 35, 46, 40, 38, 42, 44, 47, 45, 49], [48, 37, 50, 55, 60, 52, 61, 62, 57, 58, 63, 66, 67, 68, 70, 65, 64, 77], [78, 71, 76, 74, 73, 75, 72, 79, 85, 82, 80, 83, 81, 86, 84, 87, 88]]
174: [[59, 12, 69, 43, 1, 22, 7, 36, 10, 4, 3, 6, 5, 2, 9, 13, 31, 25], [11, 15, 14, 16, 19, 21, 17, 26, 20, 24, 23, 28, 30, 29, 33, 34, 41], [27, 54, 51, 32, 53, 39, 18, 8, 56, 35, 46, 40, 38, 42, 44, 47, 45, 49], [48, 37, 50, 55, 60, 52, 61, 62, 57, 58, 63, 66, 67, 68, 70, 65, 64], [77, 78, 71, 76, 74, 73, 75, 72, 79, 85, 82, 80, 83, 81, 86, 84, 87, 88]]
175: [[59, 12, 69, 43, 1, 22, 7, 36, 10, 4, 3, 6, 5, 2, 9, 13, 31, 25], [11, 15, 14, 16, 19, 21, 17, 26, 20, 24, 23, 28, 30, 29, 33, 34, 41], [27, 54, 51, 32, 53, 39, 18, 8, 56, 35, 46, 40, 38, 42, 44, 47, 45], [49, 48, 37, 50, 55, 60, 52, 61, 62, 57, 58, 63, 66, 67, 68, 70, 65, 64], [77, 78, 71, 76, 74, 73, 75, 72, 79, 85, 82, 80, 83, 81, 86, 84, 87, 88]]
