0: [[25, 9, 55, 2, 80, 66, 72, 48, 28], [54, 39, 69, 58, 8, 53, 76, 10], [11, 5, 6, 70, 1, 57, 63], [20, 30, 68, 65, 31], [16, 24, 44, 4, 23], [19, 59, 21], [83, 34, 37, 84, 26, 14], [52, 32, 77, 61, 33, 74], [43, 17, 7, 35, 36, 67, 51, 13], [42, 46, 47, 40, 71, 75], [29, 49, 50], [64, 60, 62, 12, 22], [86, 38], [78, 27, 45, 81, 79, 18, 56, 73], [82, 41, 85, 87, 88, 3, 15]]
1: [[22, 33, 51, 2, 65, 66, 73, 16], [12, 23], [39, 5, 31, 8, 52], [72, 10, 1], [6, 18, 4, 3, 57, 63], [20, 25, 85, 9, 15, 11, 24, 14], [7, 17, 21, 59, 27, 28], [36, 32, 84, 35, 30, 43], [38, 41, 55], [37, 44, 45, 49, 46], [42, 48, 47, 53, 61], [50, 54, 56, 40, 19, 67, 29], [58, 34, 60, 64, 62, 68, 69, 70], [78, 76, 74, 13, 75, 77, 86, 79, 80], [82, 26, 81, 83, 87, 71, 88]]
2: [[22, 36, 3, 70, 1, 2, 5, 8, 12, 4, 9, 14, 7, 24, 13, 6, 15], [18, 21, 20, 51, 17, 11, 27, 16, 23, 19, 29, 30, 25, 31, 26, 28, 59, 50, 45, 37], [63, 35, 33, 34, 38, 40, 42, 56, 41, 46, 39, 32, 47, 43, 10, 44], [52, 48, 49, 53, 58, 54, 55, 60, 61, 57, 62, 68, 64, 79, 65, 66, 71], [74, 72, 75, 69, 82, 73, 76, 78, 87, 80, 67, 77, 86, 84, 83, 81, 85, 88]]
3: [[22, 36, 3, 70, 1, 2, 5, 8, 12, 4, 9, 14, 7, 24, 13, 6, 15], [18, 21, 20, 51, 17, 11, 27, 16, 23, 19, 29, 30, 25, 31, 26, 28, 59, 50, 45, 37], [63, 35, 33, 34, 38, 40, 42, 56, 41, 46, 39, 32, 47, 43, 10, 44], [52, 48, 49, 53, 58, 54, 55, 60, 61, 57, 62, 68, 64, 79, 65, 66, 71], [74, 72, 75, 69, 82, 73, 76, 78, 87, 80, 67, 77, 86, 84, 83, 81, 85, 88]]
4: [[22, 36, 3, 70, 1, 2, 5, 4, 12, 7, 10, 9, 6, 8, 15, 13, 14], [17, 31, 16, 20, 19, 18, 21, 23, 29, 28, 26, 25, 24, 56, 27, 32, 30], [34, 37, 50, 38, 46, 55, 35, 40, 11, 45, 42, 33, 43, 47, 54, 44, 49, 39, 62], [41, 51, 48, 58, 60, 57, 52, 53, 59, 61, 63, 69, 65, 67, 68, 64, 66], [72, 71, 73, 75, 76, 74, 78, 77, 79, 83, 80, 84, 82, 85, 81, 86, 87, 88]]
5: [[22, 36, 3, 70, 1, 2, 69, 4, 5, 11, 7, 10, 12, 8, 6, 13, 9, 25], [31, 18, 23, 24, 20, 49, 19, 15, 28, 27, 26, 29, 57, 14, 16, 40, 53, 17], [21, 30, 32, 46, 60, 37, 50, 33, 41, 35, 34, 38, 42, 47, 39, 44, 59], [43, 45, 62, 54, 51, 61, 48, 52, 58, 55, 56, 63, 67, 68, 84, 64, 87], [77, 65, 72, 71, 74, 73, 76, 66, 79, 75, 83, 80, 86, 78, 81, 85, 88, 82]]
6: [[22, 36, 3, 70, 1, 2, 69, 4, 5, 11, 7, 10, 12, 8, 6, 13, 9, 25], [31, 18, 23, 24, 20, 49, 19, 15, 28, 27, 26, 29, 57, 14, 16, 40, 53, 17], [21, 30, 32, 46, 60, 37, 50, 33, 41, 35, 34, 38, 42, 47, 39, 44, 59], [43, 45, 62, 54, 51, 61, 48, 52, 58, 55, 56, 63, 67, 68, 84, 64, 87], [77, 65, 72, 71, 74, 73, 76, 66, 79, 75, 83, 80, 86, 78, 81, 85, 88, 82]]
7: [[22, 36, 3, 70, 1, 2, 68, 9, 5, 6, 7, 12, 8, 26, 4, 13, 14, 11, 53, 54, 20], [16, 31, 49, 29, 19, 15, 18, 17, 21, 62, 23, 24, 59, 43, 33, 28], [39, 34, 30, 27, 35, 32, 46, 25, 41, 42, 40, 44, 37, 45, 58, 10], [38, 50, 56, 55, 48, 63, 47, 51, 52, 57, 61, 60, 64, 65, 66, 74, 71], [67, 69, 72, 77, 79, 75, 82, 73, 76, 78, 80, 81, 83, 85, 84, 86, 87, 88]]
8: [[22, 36, 3, 70, 1, 2, 68, 9, 5, 7, 4, 11, 14, 24, 30, 6, 8, 12], [29, 50, 15, 17, 21, 28, 20, 18, 19, 23, 27, 56, 31, 13], [57, 38, 59, 51, 54, 33, 34, 43, 25, 26, 32, 47, 45, 16, 35, 37, 39, 40, 46, 42, 10], [41, 48, 63, 55, 44, 52, 49, 53, 58, 60, 61, 62, 67, 66, 65, 69, 76], [77, 72, 75, 74, 71, 73, 82, 78, 87, 64, 79, 81, 83, 84, 80, 86, 85, 88]]
9: [[22, 36, 3, 70, 1, 2, 5, 12, 4, 8, 11, 10, 23, 13, 9, 7, 14, 15], [27, 50, 6, 16, 17, 21, 18, 20, 25, 26, 31, 33, 37, 62, 58, 28], [45, 63, 38, 24, 32, 43, 29, 30, 47, 19, 40, 39, 42, 35, 44, 34, 46, 49], [52, 41, 53, 59, 48, 51, 60, 55, 54, 56, 61, 57, 66, 64, 67, 76, 65], [71, 72, 69, 77, 78, 68, 75, 74, 73, 79, 80, 86, 82, 81, 85, 84, 83, 87, 88]]
10: [[22, 36, 3, 70, 1, 2, 5, 6, 4, 7, 9, 14, 11, 8, 12, 13, 15], [10, 21, 28, 19, 17, 20, 27, 16, 23, 18, 31, 26, 25, 59, 24, 29], [35, 30, 45, 37, 43, 41, 33, 42, 38, 40, 34, 56, 39, 44, 47, 32, 51, 54, 46, 55], [50, 48, 49, 53, 58, 52, 61, 60, 63, 57, 62, 64, 66, 73, 67, 71, 76], [74, 72, 75, 65, 82, 68, 78, 69, 77, 80, 81, 83, 79, 84, 87, 85, 86, 88]]
11: [[22, 36, 3, 70, 1, 2, 5, 12, 4, 14, 7, 8, 6, 13, 9, 27, 10], [15, 25, 19, 11, 23, 17, 26, 18, 24, 21, 16, 30, 31, 28, 29, 47, 60, 20], [59, 55, 32, 56, 54, 35, 51, 34, 33, 58, 37, 39, 38, 44, 41, 40, 42, 62], [52, 43, 45, 46, 48, 49, 50, 53, 57, 61, 63, 74, 66, 65, 67, 64, 76], [68, 69, 72, 73, 79, 71, 75, 77, 78, 80, 82, 83, 85, 81, 86, 84, 87, 88]]
12: [[22, 36, 3, 70, 1, 2, 68, 12, 4, 10, 11, 7, 6, 31, 8, 9, 13], [15, 29, 20, 14, 5, 59, 21, 19, 25, 18, 50, 17, 53, 16, 58], [23, 56, 61, 24, 26, 27, 40, 28, 33, 47, 63, 30, 32, 34, 38, 35, 37, 42, 45], [39, 46, 41, 48, 51, 62, 43, 52, 54, 44, 49, 55, 57, 60, 64, 67, 77, 65, 66], [69, 71, 78, 73, 72, 75, 76, 79, 74, 82, 81, 83, 84, 85, 80, 86, 87, 88]]
13: [[22, 36, 3, 70, 1, 2, 5, 12, 4, 13, 10, 6, 15, 29, 8, 7, 14, 11], [23, 50, 18, 9, 16, 19, 17, 20, 21, 24, 25, 27, 26, 62, 30, 28], [45, 59, 38, 33, 32, 42, 31, 39, 34, 35, 49, 57, 40, 41, 56, 44, 46, 43], [61, 37, 52, 47, 48, 51, 60, 58, 54, 55, 53, 63, 81, 64, 67, 65, 68], [71, 76, 72, 73, 78, 66, 74, 77, 69, 84, 75, 87, 80, 79, 86, 82, 85, 83, 88]]
14: [[22, 36, 3, 70, 1, 2, 68, 5, 4, 13, 7, 6, 12, 25, 18, 10, 8, 11], [15, 50, 23, 9, 30, 16, 14, 17, 19, 21, 24, 20, 62, 28, 51, 43, 45], [56, 26, 35, 37, 61, 54, 63, 27, 29, 32, 44, 33, 31, 46, 34, 38, 42, 39, 40], [41, 53, 48, 52, 49, 58, 59, 60, 55, 47, 57, 65, 64, 67, 66, 69], [76, 72, 75, 78, 74, 71, 73, 77, 79, 82, 81, 80, 83, 86, 87, 84, 85, 88]]
15: [[22, 36, 3, 70, 1, 2, 69, 4, 6, 5, 7, 9, 27, 14, 8, 15, 12, 13], [51, 16, 11, 17, 23, 18, 20, 25, 30, 28, 21, 24, 60, 59, 29, 63, 19], [37, 42, 56, 26, 41, 31, 35, 43, 38, 53, 33, 39, 40, 34, 45, 58, 10], [32, 46, 55, 44, 54, 47, 52, 50, 62, 75, 48, 57, 49, 64, 67, 65, 66, 71], [61, 74, 76, 68, 73, 77, 84, 79, 72, 78, 82, 80, 87, 81, 86, 83, 85, 88]]
16: [[22, 36, 3, 70, 1, 2, 5, 12, 4, 6, 7, 10, 8, 13, 15, 9, 14, 11], [17, 48, 23, 26, 50, 18, 16, 24, 19, 21, 20, 53, 29, 52, 30, 43, 62], [25, 39, 27, 42, 51, 32, 38, 28, 31, 33, 34, 45, 44, 35, 37, 40, 47], [41, 46, 49, 54, 55, 58, 60, 59, 63, 57, 61, 69, 64, 66, 56, 68, 72, 65], [78, 79, 67, 74, 76, 73, 75, 77, 81, 85, 84, 71, 82, 80, 83, 86, 87, 88]]
17: [[22, 36, 3, 70, 1, 2, 5, 6, 4, 15, 9, 12, 10, 29, 13, 17, 11, 7], [26, 52, 16, 25, 19, 24, 21, 20, 31, 27, 18, 23, 14, 58, 46, 56], [28, 30, 8, 59, 35, 38, 33, 54, 34, 40, 41, 37, 51, 39, 45, 47, 44], [53, 48, 55, 32, 61, 50, 42, 43, 49, 57, 60, 62, 63, 65, 64, 76, 71, 66, 67], [74, 72, 68, 73, 69, 75, 77, 79, 80, 78, 82, 85, 81, 87, 84, 83, 86, 88]]
18: [[22, 36, 3, 70, 1, 2, 5, 6, 4, 15, 9, 12, 10, 29, 13, 17, 11, 7], [26, 52, 16, 25, 19, 24, 21, 20, 31, 27, 18, 23, 14, 58, 46, 56], [28, 30, 8, 59, 35, 38, 33, 54, 34, 40, 41, 37, 51, 39, 45, 47, 44], [53, 48, 55, 32, 61, 50, 42, 43, 49, 57, 60, 62, 63, 65, 64, 76, 71, 66, 67], [74, 72, 68, 73, 69, 75, 77, 79, 80, 78, 82, 85, 81, 87, 84, 83, 86, 88]]
19: [[22, 36, 3, 70, 1, 2, 5, 12, 4, 6, 11, 7, 8, 24, 9, 13, 10], [25, 30, 14, 18, 15, 17, 54, 31, 16, 28, 21, 20, 23, 27, 29, 46, 55, 33, 34, 35], [32, 57, 26, 59, 19, 42, 38, 41, 44, 39, 40, 37, 45, 47, 43, 49], [48, 50, 58, 52, 53, 56, 51, 61, 62, 63, 66, 60, 64, 67, 65, 73, 68], [69, 77, 78, 71, 72, 75, 74, 76, 84, 80, 83, 81, 82, 79, 86, 85, 87, 88]]
20: [[22, 36, 3, 70, 1, 2, 68, 4, 12, 11, 5, 6, 7, 25, 9, 8, 10, 14], [26, 51, 16, 27, 17, 23, 13, 15, 18, 19, 20, 21, 56, 57, 43, 28, 24], [62, 29, 33, 40, 38, 30, 35, 31, 37, 44, 32, 53, 34, 46, 45, 39, 42], [52, 48, 41, 61, 55, 47, 49, 50, 60, 54, 58, 59, 63, 72, 86, 65, 64, 66], [67, 78, 71, 69, 75, 74, 76, 77, 73, 79, 83, 82, 80, 81, 85, 84, 87, 88]]
21: [[22, 36, 3, 70, 1, 2, 5, 9, 4, 15, 8, 6, 10, 7, 20, 11, 12], [27, 13, 26, 18, 14, 29, 16, 24, 17, 23, 21, 19, 25, 28, 63, 30, 31], [54, 56, 42, 50, 55, 35, 39, 38, 37, 34, 41, 44, 40, 33, 46, 32], [48, 43, 47, 45, 49, 53, 51, 58, 62, 52, 57, 59, 61, 60, 65, 67, 66, 64, 68], [72, 79, 69, 77, 71, 73, 74, 75, 76, 83, 80, 86, 78, 82, 84, 81, 87, 85, 88]]
22: [[22, 36, 3, 70, 1, 2, 5, 4, 8, 15, 12, 6, 7, 10, 28, 9, 13], [11, 16, 30, 27, 24, 21, 14, 25, 17, 29, 20, 23, 18, 26, 19, 47, 41, 45, 31, 32], [34, 39, 42, 38, 43, 35, 50, 40, 44, 33, 56, 49, 55, 37, 46, 52, 51], [63, 48, 58, 57, 54, 53, 60, 61, 59, 62, 66, 65, 67, 64, 68, 72], [73, 69, 71, 78, 75, 74, 79, 76, 77, 82, 80, 84, 83, 85, 87, 81, 86, 88]]
23: [[22, 36, 3, 70, 1, 2, 5, 12, 8, 7, 4, 10, 6, 9, 14, 24, 13], [11, 17, 52, 15, 21, 18, 31, 25, 16, 26, 23, 20, 53, 28, 54, 30], [19, 40, 27, 35, 38, 34, 39, 46, 42, 43, 45, 58, 29, 33, 50, 32, 51, 41, 37, 44], [47, 57, 48, 68, 49, 55, 56, 61, 59, 62, 63, 65, 69, 60, 64, 67, 72], [66, 71, 73, 76, 78, 75, 82, 74, 84, 77, 79, 81, 83, 85, 86, 80, 87, 88]]
24: [[22, 36, 3, 70, 1, 2, 68, 4, 13, 6, 11, 8, 5, 25, 7, 27, 12], [9, 14, 16, 20, 28, 15, 21, 18, 17, 19, 23, 52, 26, 24, 29, 30, 53, 63, 10], [33, 55, 38, 31, 32, 35, 34, 41, 44, 37, 46, 39, 45, 42, 40], [43, 47, 48, 56, 50, 62, 59, 49, 51, 58, 54, 57, 61, 66, 60, 65, 72, 67, 73], [71, 69, 64, 76, 74, 77, 75, 79, 82, 78, 80, 84, 81, 88, 87, 83, 85, 86]]
25: [[26, 33, 66, 80, 2, 8, 57], [38, 3, 1, 58, 24, 21, 73, 13, 23], [15, 25, 6, 14, 17, 28, 54], [5, 7, 9, 45, 30], [16, 18, 19, 20], [27, 42, 61], [51, 29, 41, 52, 34], [37, 32, 77, 53, 35, 40], [39, 36, 46, 49, 59, 11, 50, 44, 10], [60, 47, 55, 56, 62, 63, 12, 22], [31, 65, 67], [64, 68, 43, 4, 85], [71, 70], [78, 69, 72, 84, 74, 75, 48, 76], [82, 79, 83, 81, 86, 87, 88]]
26: [[22, 36, 3, 70, 1, 2, 68, 12, 4, 13, 7, 9, 5, 6, 8, 10, 14], [26, 11, 27, 17, 20, 18, 15, 16, 19, 29, 21, 23, 60, 28, 24, 52, 25, 45], [35, 30, 58, 31, 53, 32, 33, 37, 39, 34, 40, 41, 38, 44, 42, 47, 46], [48, 43, 51, 57, 49, 50, 61, 63, 55, 56, 54, 62, 75, 65, 71, 66, 81, 59], [77, 67, 78, 64, 72, 73, 69, 76, 86, 74, 85, 79, 87, 80, 83, 84, 88, 82]]
27: [[22, 36, 3, 70, 1, 2, 5, 8, 13, 6, 4, 9, 7, 10, 15, 12, 14], [25, 26, 19, 28, 16, 18, 20, 23, 29, 17, 21, 27, 24, 31, 60, 32, 30, 34, 39], [50, 47, 42, 35, 33, 40, 11, 46, 38, 37, 56, 41, 54, 44, 43, 45, 48], [51, 55, 52, 63, 57, 58, 53, 49, 59, 61, 62, 77, 64, 67, 66, 65, 76], [68, 71, 73, 79, 69, 74, 72, 75, 78, 86, 81, 84, 82, 80, 83, 87, 85, 88]]
28: [[22, 36, 3, 70, 1, 66, 4, 10, 7, 2, 8, 14, 24, 11, 12, 9], [5, 13, 25, 19, 69, 23, 15, 16, 17, 21, 26, 18, 28, 27, 56, 29], [20, 50, 59, 43, 42, 62, 6, 34, 41, 57, 30, 55, 31, 35, 33, 39, 40, 37, 47, 38, 44], [52, 63, 32, 51, 61, 45, 46, 48, 49, 53, 60, 83, 65, 54, 58, 67, 64], [75, 78, 68, 72, 74, 71, 80, 73, 77, 79, 76, 81, 82, 84, 85, 86, 87, 88]]
29: [[22, 36, 3, 69, 1, 2, 5, 4, 12, 6, 47, 8, 7, 9, 21, 11, 17], [10, 29, 43, 26, 14, 13, 15, 16, 28, 20, 18, 56, 24, 23, 55, 19, 61], [46, 27, 30, 39, 32, 25, 40, 34, 51, 35, 37, 38, 31, 50, 42, 33, 54, 44, 41, 45], [57, 48, 53, 49, 62, 52, 59, 58, 60, 63, 66, 64, 67, 65, 68, 72], [70, 71, 74, 79, 73, 75, 78, 77, 76, 83, 84, 80, 81, 82, 86, 85, 87, 88]]
30: [[22, 36, 3, 70, 1, 2, 4, 12, 14, 9, 7, 5, 13, 24, 8, 15, 10, 19], [6, 45, 11, 16, 30, 29, 18, 48, 20, 23, 31, 25, 28, 17, 26, 61, 53], [21, 54, 27, 59, 34, 43, 47, 44, 32, 33, 41, 40, 35, 39, 38, 42], [46, 49, 50, 51, 52, 58, 55, 56, 63, 37, 57, 60, 62, 65, 67, 66, 84, 64], [69, 71, 73, 74, 77, 68, 82, 72, 75, 76, 78, 79, 81, 80, 87, 83, 86, 85, 88]]
31: [[22, 36, 3, 69, 1, 2, 68, 5, 6, 4, 13, 12, 7, 9, 10, 8, 14], [11, 52, 15, 19, 16, 17, 29, 20, 48, 25, 49, 54, 18, 24, 21, 27, 23, 51, 28], [63, 34, 46, 42, 26, 30, 60, 37, 33, 41, 31, 32, 45, 39, 35, 58], [43, 38, 47, 40, 44, 53, 50, 55, 61, 59, 56, 62, 65, 64, 66, 67, 72], [71, 57, 75, 76, 70, 79, 81, 77, 73, 78, 74, 82, 83, 80, 87, 84, 86, 85, 88]]
32: [[22, 36, 3, 70, 1, 2, 5, 10, 7, 6, 8, 14, 24, 11, 12, 13, 4, 9, 56, 27, 20], [23, 15, 21, 18, 41, 17, 49, 16, 19, 60, 25, 26, 55, 59, 29, 34], [54, 38, 42, 30, 63, 44, 62, 28, 33, 35, 31, 32, 37, 47, 50, 39], [40, 43, 48, 51, 57, 45, 46, 52, 53, 58, 61, 81, 65, 64, 88, 67, 66], [68, 69, 72, 76, 74, 79, 80, 73, 85, 77, 71, 75, 82, 84, 78, 86, 87, 83]]
33: [[22, 36, 3, 70, 1, 2, 65, 5, 4, 7, 8, 11, 14, 24, 15, 6, 9], [18, 13, 50, 19, 17, 10, 12, 20, 29, 28, 16, 21, 23, 27, 58, 31, 57, 39, 59], [35, 30, 33, 32, 34, 42, 25, 52, 40, 37, 26, 46, 38, 45, 41], [43, 47, 49, 51, 53, 55, 44, 60, 56, 54, 63, 48, 61, 62, 67, 66, 64, 68, 76], [71, 72, 75, 74, 69, 73, 78, 77, 86, 80, 79, 81, 83, 84, 85, 88, 87, 82]]
34: [[22, 36, 3, 70, 1, 2, 5, 12, 4, 7, 11, 9, 10, 6, 26, 8, 13], [15, 21, 27, 16, 18, 14, 20, 28, 29, 17, 19, 31, 25, 30, 23, 48, 24, 61, 33, 32, 34], [57, 37, 56, 42, 35, 54, 39, 43, 40, 38, 52, 41, 46, 44, 47], [50, 45, 49, 51, 63, 53, 55, 58, 62, 59, 60, 75, 65, 68, 71, 67, 64], [66, 74, 79, 72, 69, 76, 73, 78, 80, 81, 77, 82, 83, 84, 85, 86, 87, 88]]
35: [[22, 36, 3, 70, 1, 2, 5, 12, 4, 14, 8, 13, 6, 24, 7, 10, 9, 16, 29], [15, 26, 17, 18, 19, 25, 27, 31, 23, 11, 50, 21, 53, 20, 46, 28, 51, 61, 30], [32, 35, 41, 33, 59, 37, 38, 44, 39, 47, 57, 42, 45, 48, 40], [43, 54, 34, 58, 52, 49, 55, 63, 56, 62, 60, 65, 69, 67, 64, 66, 68], [71, 74, 79, 73, 72, 75, 78, 76, 77, 86, 81, 80, 85, 84, 87, 82, 83, 88]]
36: [[22, 36, 3, 70, 1, 66, 5, 4, 12, 15, 2, 6, 14, 8, 28, 9, 11, 10], [30, 18, 25, 13, 16, 26, 17, 20, 23, 31, 21, 19, 24, 29, 41, 27, 52, 59], [39, 7, 32, 35, 60, 33, 37, 34, 53, 43, 38, 40, 47, 45, 49, 44], [51, 46, 42, 50, 55, 54, 56, 57, 58, 48, 61, 62, 63, 64, 65, 71, 67, 76], [68, 72, 79, 69, 73, 75, 74, 77, 86, 80, 78, 81, 84, 82, 83, 85, 87, 88]]
37: [[22, 36, 3, 70, 1, 2, 5, 12, 10, 7, 4, 14, 6, 13, 11, 19, 24, 15], [28, 25, 9, 17, 27, 26, 18, 8, 16, 29, 23, 30, 21, 32, 31, 60, 20, 59], [37, 34, 56, 54, 33, 35, 43, 41, 58, 47, 39, 38, 44, 45, 40, 48, 46], [52, 42, 55, 57, 49, 51, 50, 53, 62, 63, 61, 66, 64, 68, 83, 67, 76], [69, 71, 73, 77, 75, 79, 74, 78, 65, 72, 86, 80, 85, 81, 82, 84, 87, 88]]
38: [[22, 36, 3, 70, 64, 68, 4, 1, 12, 7, 9, 10, 2, 5, 8, 19, 29], [14, 6, 11, 20, 28, 15, 16, 13, 17, 24, 23, 52, 30, 60, 57, 18, 37], [21, 58, 56, 34, 62, 25, 40, 26, 54, 41, 61, 27, 46, 31, 39, 32, 48], [55, 33, 49, 35, 43, 38, 42, 44, 51, 45, 47, 63, 50, 65, 74, 53, 59, 71, 66], [67, 69, 75, 72, 73, 76, 79, 78, 77, 88, 80, 84, 83, 85, 81, 87, 82, 86]]
39: [[22, 36, 3, 70, 1, 2, 68, 4, 12, 6, 7, 5, 10, 13, 9, 8, 14], [15, 11, 17, 18, 25, 21, 28, 20, 16, 26, 19, 27, 52, 24, 31, 29, 23, 37, 30], [53, 32, 39, 34, 54, 38, 42, 43, 47, 45, 48, 35, 33, 63, 44, 40], [49, 41, 46, 62, 56, 55, 50, 51, 58, 59, 60, 57, 73, 61, 65, 71, 74, 64], [69, 66, 78, 72, 79, 67, 76, 75, 77, 84, 81, 83, 87, 80, 82, 86, 85, 88]]
40: [[22, 36, 3, 70, 1, 2, 68, 4, 12, 6, 7, 5, 10, 13, 9, 8, 14], [15, 11, 17, 18, 25, 21, 28, 20, 16, 26, 19, 27, 52, 24, 31, 29, 23, 37, 30], [53, 32, 39, 34, 54, 38, 42, 43, 47, 45, 48, 35, 33, 63, 44, 40], [49, 41, 46, 62, 56, 55, 50, 51, 58, 59, 60, 57, 73, 61, 65, 71, 74, 64], [69, 66, 78, 72, 79, 67, 76, 75, 77, 84, 81, 83, 87, 80, 82, 86, 85, 88]]
41: [[22, 36, 3, 70, 65, 2, 5, 7, 12, 4, 6, 14, 8, 25, 19, 9, 1], [30, 11, 10, 28, 31, 13, 18, 23, 16, 24, 15, 26, 51, 29, 53, 17, 45], [62, 20, 34, 54, 48, 47, 60, 33, 35, 38, 21, 27, 32, 37, 42, 43], [40, 39, 61, 41, 44, 46, 49, 59, 56, 50, 52, 55, 57, 58, 76, 63, 64, 82, 66], [68, 69, 75, 73, 78, 77, 67, 71, 74, 79, 72, 81, 80, 86, 85, 83, 88, 87, 84]]
42: [[22, 36, 3, 70, 1, 66, 5, 8, 4, 13, 12, 2, 6, 14, 7, 10, 11], [9, 26, 29, 49, 16, 15, 18, 31, 17, 19, 25, 23, 20, 21, 24, 27, 41, 28], [45, 56, 38, 30, 35, 46, 33, 32, 40, 34, 37, 44, 39, 42, 51, 43, 52], [47, 54, 53, 48, 63, 57, 50, 55, 58, 61, 62, 59, 65, 60, 67, 71, 64, 74], [75, 68, 69, 72, 73, 76, 79, 78, 77, 82, 80, 83, 81, 85, 84, 87, 86, 88]]
43: [[22, 36, 3, 70, 1, 2, 4, 14, 6, 5, 10, 7, 13, 8, 11, 12, 15, 9, 30], [17, 16, 23, 18, 24, 20, 48, 19, 51, 27, 21, 53, 25, 26, 40, 47], [33, 29, 35, 59, 42, 43, 31, 28, 32, 34, 41, 37, 44, 60, 39, 46, 54], [45, 38, 61, 49, 52, 50, 63, 55, 58, 57, 56, 62, 65, 80, 74, 66, 64], [68, 69, 77, 72, 79, 67, 73, 71, 78, 76, 82, 83, 75, 81, 85, 84, 87, 86, 88]]
44: [[22, 36, 3, 70, 65, 2, 1, 8, 12, 7, 4, 13, 6, 15, 5, 10, 9], [11, 27, 48, 31, 20, 16, 28, 29, 19, 32, 25, 17, 53, 18, 56, 23], [26, 55, 35, 41, 59, 14, 24, 42, 21, 30, 44, 58, 33, 49, 38, 39, 47, 37, 40, 34], [54, 43, 45, 46, 50, 51, 52, 61, 57, 60, 62, 73, 63, 66, 68, 64, 79], [69, 67, 72, 77, 75, 74, 76, 78, 85, 80, 71, 81, 83, 82, 88, 84, 87, 86]]
45: [[22, 36, 3, 70, 65, 2, 5, 6, 12, 15, 4, 10, 9, 25, 11, 14, 8, 24], [29, 17, 16, 20, 13, 1, 21, 23, 7, 31, 26, 18, 19, 28, 42, 27, 55], [61, 30, 40, 34, 32, 38, 33, 52, 41, 37, 45, 49, 39, 50, 44, 48, 47, 46], [60, 43, 35, 51, 54, 56, 53, 59, 58, 57, 62, 85, 64, 81, 69, 67, 63], [66, 77, 73, 74, 72, 78, 79, 76, 75, 68, 82, 83, 71, 80, 86, 84, 87, 88]]
46: [[22, 36, 3, 70, 65, 2, 1, 12, 6, 5, 4, 8, 14, 27, 7, 31, 9], [25, 10, 16, 59, 17, 19, 23, 13, 15, 30, 28, 18, 24, 60, 58, 29, 63, 20, 37, 42], [34, 21, 41, 26, 35, 11, 46, 52, 33, 39, 32, 38, 44, 47, 56, 49], [40, 53, 48, 50, 45, 55, 51, 57, 62, 54, 61, 43, 64, 67, 68, 66, 71], [73, 77, 72, 69, 76, 78, 82, 86, 74, 79, 75, 84, 85, 83, 80, 87, 81, 88]]
47: [[22, 36, 3, 70, 1, 2, 69, 4, 5, 6, 7, 10, 14, 9, 8, 12, 11, 13], [26, 18, 55, 24, 16, 59, 15, 28, 30, 25, 19, 17, 29, 20, 21, 41, 61, 51], [54, 23, 27, 40, 52, 35, 50, 37, 44, 34, 31, 32, 42, 47, 33, 46, 58], [57, 38, 39, 43, 45, 53, 48, 60, 56, 49, 62, 63, 66, 64, 80, 67, 71], [73, 77, 72, 65, 74, 75, 76, 68, 78, 79, 83, 82, 86, 84, 81, 85, 87, 88]]
48: [[22, 36, 3, 70, 1, 2, 5, 9, 4, 7, 8, 15, 14, 6, 12, 27], [25, 28, 20, 54, 10, 23, 16, 51, 11, 24, 19, 13, 29, 17, 18, 21], [31, 26, 48, 57, 30, 42, 32, 45, 37, 38, 40, 46, 34, 35, 43, 39, 44, 59], [47, 41, 49, 33, 50, 63, 55, 60, 56, 52, 53, 62, 58, 61, 73, 65, 66, 64, 69, 76], [68, 75, 67, 71, 72, 78, 83, 74, 81, 87, 77, 79, 82, 84, 85, 80, 88, 86]]
49: [[22, 36, 3, 70, 1, 2, 68, 12, 4, 14, 5, 9, 23, 6, 13, 7, 8, 10], [17, 48, 18, 15, 27, 24, 25, 16, 19, 54, 11, 20, 21, 31, 41, 26, 57, 63], [29, 32, 28, 34, 56, 35, 38, 30, 40, 37, 39, 42, 43, 44, 33, 47], [62, 46, 45, 51, 49, 50, 52, 53, 58, 55, 59, 61, 60, 64, 65, 69, 67, 66], [71, 72, 78, 75, 74, 73, 76, 77, 79, 81, 84, 82, 86, 80, 83, 85, 87, 88]]
50: [[22, 36, 3, 70, 1, 66, 4, 12, 2, 14, 5, 8, 10, 15, 6, 27, 11, 7], [25, 18, 67, 23, 21, 9, 13, 24, 17, 16, 30, 31, 28, 19, 55, 20, 26], [54, 51, 44, 29, 35, 33, 37, 38, 32, 62, 40, 39, 34, 41, 45, 43, 42], [46, 52, 47, 49, 58, 50, 59, 53, 60, 48, 61, 56, 57, 63, 85, 65, 64, 68], [69, 79, 72, 77, 71, 74, 73, 78, 76, 84, 80, 83, 86, 75, 82, 87, 81, 88]]
51: [[22, 36, 3, 70, 1, 2, 5, 9, 4, 15, 6, 7, 11, 27, 12, 26, 28, 8, 10, 29], [14, 17, 20, 23, 24, 13, 30, 21, 18, 19, 31, 32, 59, 25, 44, 46, 33], [34, 35, 37, 53, 16, 38, 55, 47, 42, 39, 40, 41, 60, 43, 45, 51, 50], [48, 49, 52, 62, 56, 54, 57, 58, 63, 61, 73, 65, 67, 68, 66, 64], [69, 71, 72, 77, 75, 74, 76, 78, 83, 80, 84, 86, 82, 81, 87, 79, 85, 88]]
52: [[22, 36, 3, 70, 1, 2, 68, 12, 4, 7, 13, 9, 8, 5, 14, 10, 6, 28, 15], [24, 11, 29, 26, 17, 31, 18, 20, 19, 23, 21, 25, 16, 63, 27, 41, 60, 30, 54], [35, 42, 43, 34, 39, 46, 33, 47, 40, 38, 50, 32, 45, 61, 37], [44, 55, 48, 52, 49, 53, 51, 59, 57, 58, 56, 62, 65, 73, 64, 66, 67], [71, 75, 74, 72, 69, 76, 79, 78, 77, 80, 81, 83, 85, 84, 87, 82, 86, 88]]
53: [[22, 36, 3, 70, 1, 2, 69, 4, 5, 11, 7, 9, 8, 10, 18, 13, 12], [15, 29, 50, 20, 27, 16, 19, 23, 6, 28, 30, 26, 24, 59, 38], [17, 60, 55, 21, 45, 14, 48, 25, 44, 33, 51, 35, 32, 31, 34, 37, 43, 39, 42], [40, 41, 46, 53, 47, 54, 49, 61, 52, 56, 58, 57, 63, 62, 64, 71, 68, 66, 87], [77, 65, 74, 67, 72, 75, 76, 73, 79, 83, 82, 80, 85, 88, 78, 84, 81, 86]]
54: [[22, 36, 3, 70, 65, 2, 1, 5, 4, 7, 6, 8, 11, 12, 9, 25], [10, 28, 17, 26, 27, 13, 16, 19, 14, 15, 30, 21, 20, 59, 23, 31], [18, 43, 50, 60, 55, 24, 35, 39, 29, 32, 38, 34, 42, 40, 41, 44, 46, 49], [47, 48, 45, 37, 33, 54, 51, 61, 56, 52, 53, 62, 57, 63, 73, 58, 66, 64, 69, 76], [68, 67, 77, 74, 75, 78, 72, 79, 80, 81, 71, 83, 86, 84, 85, 87, 82, 88]]
55: [[22, 36, 3, 70, 64, 2, 5, 4, 12, 7, 9, 11, 1, 6, 8, 27, 14, 31], [30, 13, 17, 20, 25, 19, 24, 10, 23, 15, 29, 58, 16, 18, 21, 33, 26], [62, 60, 34, 28, 47, 42, 40, 39, 37, 41, 32, 43, 38, 44, 35, 54, 45, 55, 52], [48, 57, 50, 46, 59, 49, 61, 51, 53, 56, 63, 67, 77, 65, 66, 68], [79, 69, 71, 74, 76, 72, 75, 73, 78, 80, 81, 84, 82, 86, 87, 83, 85, 88]]
56: [[22, 36, 3, 70, 1, 2, 5, 12, 7, 11, 6, 10, 4, 25, 8, 13, 9, 14], [15, 20, 31, 16, 18, 61, 19, 17, 41, 27, 49, 29, 24, 30, 21, 42, 53, 23], [26, 38, 34, 39, 60, 28, 54, 44, 33, 35, 32, 37, 40, 46, 47, 48, 59], [43, 45, 62, 50, 51, 52, 56, 57, 58, 55, 63, 76, 67, 68, 84, 64, 71], [69, 65, 72, 78, 79, 73, 66, 74, 85, 77, 75, 81, 83, 80, 86, 87, 88, 82]]
57: [[22, 36, 3, 70, 1, 66, 4, 5, 12, 7, 2, 10, 13, 14, 8, 6, 9, 25, 16], [24, 11, 18, 59, 17, 19, 21, 27, 20, 30, 23, 26, 32, 29, 49, 52], [58, 28, 41, 15, 51, 40, 48, 35, 42, 31, 33, 47, 39, 43, 34, 37, 60, 38], [44, 45, 46, 56, 50, 53, 55, 54, 61, 63, 62, 57, 84, 69, 64, 65, 71], [74, 68, 79, 73, 72, 67, 76, 75, 77, 81, 78, 86, 82, 85, 80, 87, 83, 88]]
58: [[22, 36, 3, 70, 1, 68, 4, 10, 12, 8, 6, 7, 15, 25, 9, 2, 17, 5, 11], [24, 27, 21, 16, 18, 13, 19, 28, 23, 35, 52, 60, 57, 20, 45, 29, 58], [26, 34, 31, 30, 41, 33, 55, 14, 59, 37, 38, 32, 39, 44, 40, 50, 42], [56, 53, 43, 54, 46, 47, 48, 49, 62, 63, 51, 64, 75, 61, 65, 71, 66], [67, 69, 72, 74, 73, 79, 76, 78, 77, 88, 80, 81, 83, 85, 84, 86, 82, 87]]
59: [[22, 36, 3, 70, 1, 2, 68, 8, 12, 11, 5, 4, 7, 28, 25, 9, 10, 14], [27, 51, 16, 13, 48, 19, 24, 21, 15, 17, 18, 20, 23, 56, 58, 26, 31, 63], [29, 37, 40, 33, 30, 35, 47, 6, 42, 32, 45, 34, 46, 57, 39, 38], [41, 44, 43, 61, 55, 49, 50, 53, 52, 54, 60, 59, 62, 64, 81, 65, 67, 76], [66, 78, 71, 69, 79, 74, 72, 73, 75, 77, 83, 82, 80, 84, 85, 86, 87, 88]]
60: [[22, 36, 3, 70, 1, 2, 5, 8, 12, 6, 13, 4, 10, 25, 9, 18], [14, 15, 17, 54, 7, 16, 19, 20, 21, 26, 27, 23, 52, 24, 28, 29, 30], [60, 49, 61, 38, 31, 50, 55, 42, 43, 32, 34, 47, 41, 33, 39, 35, 37], [46, 40, 48, 53, 57, 56, 51, 44, 45, 59, 58, 62, 63, 65, 11, 64, 71, 82, 66, 68], [67, 69, 79, 72, 74, 73, 83, 75, 76, 78, 77, 81, 86, 85, 80, 88, 87, 84]]
61: [[22, 36, 3, 70, 1, 66, 5, 2, 4, 11, 14, 6, 7, 9, 16, 13, 10, 8, 26], [12, 25, 15, 48, 23, 18, 17, 20, 27, 21, 19, 52, 60, 43, 24, 53], [59, 54, 56, 45, 49, 29, 28, 30, 33, 39, 41, 35, 37, 46, 31, 32, 34, 44], [42, 47, 51, 55, 38, 40, 50, 57, 58, 62, 63, 61, 64, 67, 76, 65, 71], [68, 73, 79, 72, 69, 75, 74, 78, 77, 82, 80, 87, 81, 85, 84, 83, 86, 88]]
62: [[22, 36, 3, 70, 17, 2, 4, 12, 24, 55, 7, 78, 58, 9, 37, 88, 10], [11, 5, 20, 6, 1, 19, 63, 13, 14, 80, 87, 15, 48, 16, 46, 18, 23, 25, 59, 21], [26, 34, 27, 29, 42, 31, 60, 35, 38, 33, 41, 32, 43, 45, 47, 49], [39, 83, 51, 50, 52, 53, 44, 40, 54, 30, 57, 61, 62, 56, 64, 65, 8], [86, 66, 67, 76, 68, 69, 72, 75, 73, 28, 74, 77, 79, 85, 81, 82, 71, 84]]
63: [[22, 36, 3, 70, 1, 2, 5, 4, 14, 11, 8, 10, 12, 6, 13, 16, 19], [24, 15, 18, 21, 20, 23, 17, 31, 7, 25, 27, 26, 28, 57, 29, 30, 56], [55, 9, 49, 33, 40, 47, 35, 45, 38, 46, 42, 37, 32, 34, 41, 43, 39, 44], [58, 50, 51, 52, 53, 48, 61, 54, 59, 60, 63, 62, 67, 65, 66, 84, 64, 68], [77, 71, 72, 69, 74, 73, 76, 78, 79, 75, 82, 81, 86, 85, 80, 83, 88, 87]]
64: [[22, 36, 3, 70, 1, 2, 68, 4, 7, 9, 24, 5, 6, 15, 8, 12, 13], [11, 48, 16, 25, 26, 17, 21, 28, 31, 27, 18, 19, 14, 58, 46, 60], [20, 23, 29, 35, 57, 30, 59, 32, 34, 39, 33, 42, 43, 38, 37, 45, 41, 10], [61, 40, 55, 44, 47, 49, 50, 51, 52, 53, 54, 63, 56, 62, 65, 72, 71, 66, 67], [64, 74, 76, 73, 69, 79, 75, 77, 82, 78, 84, 85, 81, 87, 80, 83, 86, 88]]
65: [[22, 36, 3, 70, 1, 2, 5, 4, 12, 15, 9, 6, 7, 10, 13, 26, 14], [8, 30, 50, 27, 16, 21, 18, 23, 20, 17, 31, 48, 11, 24, 28, 49, 25], [47, 41, 19, 62, 60, 29, 34, 37, 40, 42, 38, 32, 33, 43, 44, 39, 35, 45, 53, 51], [54, 46, 52, 55, 63, 57, 58, 56, 59, 61, 66, 64, 67, 65, 68, 78], [71, 73, 76, 72, 69, 74, 75, 77, 79, 80, 84, 81, 82, 85, 83, 86, 87, 88]]
66: [[22, 36, 3, 70, 1, 2, 65, 5, 4, 7, 8, 28, 6, 30, 9, 26, 11, 12, 13], [50, 21, 17, 15, 20, 24, 18, 29, 16, 19, 23, 25, 58, 27, 62, 41, 35], [63, 14, 43, 32, 46, 33, 52, 31, 34, 57, 38, 37, 45, 44, 10], [39, 55, 49, 51, 53, 40, 60, 42, 56, 54, 47, 48, 61, 59, 67, 64, 66, 68, 76], [69, 72, 75, 74, 77, 73, 78, 79, 71, 82, 80, 81, 83, 84, 85, 86, 87, 88]]
67: [[22, 36, 3, 70, 1, 2, 69, 5, 6, 11, 4, 9, 12, 10, 7, 13, 8, 14], [27, 50, 21, 17, 15, 25, 19, 18, 28, 30, 26, 16, 24, 58, 29, 60, 63], [20, 23, 42, 31, 32, 39, 33, 62, 43, 38, 35, 40, 37, 34, 45, 47, 41], [48, 46, 53, 44, 52, 49, 61, 51, 56, 54, 55, 57, 59, 68, 66, 64, 73, 67], [79, 65, 74, 71, 72, 75, 76, 81, 77, 83, 84, 80, 87, 88, 78, 82, 85, 86]]
68: [[22, 36, 3, 70, 1, 2, 68, 4, 7, 6, 13, 9, 8, 12, 14, 15, 5, 29, 11], [56, 17, 27, 19, 21, 18, 20, 16, 55, 23, 24, 28, 49, 25, 47, 45, 44, 26, 52], [30, 31, 33, 32, 35, 46, 34, 38, 39, 37, 40, 41, 48, 43, 42], [50, 54, 58, 51, 57, 61, 53, 59, 60, 62, 10, 63, 73, 64, 66, 69, 72], [65, 79, 74, 77, 67, 76, 78, 71, 75, 84, 85, 86, 81, 87, 83, 80, 82, 88]]
69: [[22, 36, 3, 70, 1, 2, 68, 4, 9, 7, 6, 5, 14, 24, 15, 8], [11, 12, 17, 58, 18, 21, 19, 10, 20, 13, 28, 16, 25, 23, 27, 62, 30], [26, 39, 59, 35, 29, 33, 49, 34, 40, 31, 32, 42, 37, 38, 46, 41, 47], [43, 61, 44, 45, 51, 48, 55, 50, 60, 52, 53, 57, 54, 56, 63, 64, 67, 69, 66, 73], [77, 72, 75, 74, 65, 76, 78, 79, 87, 81, 71, 80, 83, 84, 82, 85, 86, 88]]
70: [[22, 36, 3, 70, 1, 2, 4, 12, 6, 5, 7, 9, 14, 8, 10, 11, 13], [17, 29, 16, 24, 25, 18, 21, 20, 15, 27, 19, 23, 31, 28, 35, 26, 43, 58], [44, 38, 42, 49, 30, 50, 37, 40, 34, 39, 45, 33, 46, 32, 47, 48], [55, 41, 52, 51, 56, 54, 57, 61, 60, 59, 62, 53, 63, 68, 67, 69, 71, 72], [64, 66, 79, 74, 65, 76, 81, 73, 78, 77, 75, 85, 86, 80, 83, 87, 88, 84, 82]]
71: [[22, 36, 3, 70, 1, 2, 5, 10, 13, 6, 7, 4, 9, 30, 8, 12, 11, 14], [24, 17, 27, 18, 15, 48, 19, 16, 23, 28, 26, 20, 21, 54, 43, 25, 44], [57, 53, 29, 33, 46, 35, 39, 42, 31, 52, 51, 37, 32, 40, 41, 34, 47, 38], [45, 49, 50, 55, 61, 56, 58, 59, 60, 62, 63, 67, 66, 72, 64, 69, 68], [71, 73, 79, 75, 77, 74, 76, 80, 78, 65, 85, 82, 83, 81, 86, 84, 87, 88]]
72: [[22, 36, 3, 70, 1, 2, 68, 4, 12, 5, 7, 6, 10, 9, 14, 8, 13, 15], [11, 20, 18, 30, 23, 24, 25, 16, 27, 17, 19, 55, 26, 28, 41, 21, 51, 29], [60, 31, 34, 32, 50, 38, 35, 59, 47, 45, 48, 37, 33, 46, 39, 40, 49], [42, 43, 62, 57, 44, 54, 52, 53, 56, 58, 61, 81, 63, 65, 69, 75, 64], [77, 66, 74, 71, 79, 67, 72, 76, 85, 84, 73, 80, 78, 82, 83, 86, 87, 88]]
73: [[22, 36, 3, 70, 65, 2, 1, 4, 6, 13, 5, 7, 8, 9, 11, 12, 10], [24, 30, 14, 58, 21, 19, 17, 15, 18, 23, 27, 26, 20, 25, 28, 63, 29], [59, 60, 48, 54, 16, 31, 45, 35, 39, 32, 33, 43, 42, 34, 40, 38, 41, 53], [37, 44, 55, 49, 52, 51, 46, 47, 50, 57, 61, 56, 62, 64, 75, 80, 73, 71], [69, 68, 74, 72, 66, 67, 79, 77, 76, 82, 78, 81, 84, 85, 86, 83, 87, 88]]
74: [[22, 36, 3, 70, 65, 2, 1, 4, 6, 13, 5, 7, 8, 9, 11, 12, 10], [24, 30, 14, 58, 21, 19, 17, 15, 18, 23, 27, 26, 20, 25, 28, 63, 29], [59, 60, 48, 54, 16, 31, 45, 35, 39, 32, 33, 43, 42, 34, 40, 38, 41, 53], [37, 44, 55, 49, 52, 51, 46, 47, 50, 57, 61, 56, 62, 64, 75, 80, 73, 71], [69, 68, 74, 72, 66, 67, 79, 77, 76, 82, 78, 81, 84, 85, 86, 83, 87, 88]]
75: [[22, 36, 3, 70, 65, 2, 1, 4, 6, 13, 5, 7, 10, 8, 11, 12, 9, 25], [26, 14, 50, 19, 17, 21, 20, 15, 23, 59, 18, 16, 28, 61, 30, 24, 63], [44, 51, 34, 27, 31, 29, 33, 35, 52, 32, 42, 43, 37, 38, 46, 40, 41], [45, 48, 47, 57, 62, 49, 53, 39, 54, 56, 55, 58, 60, 72, 67, 83, 68, 69], [64, 78, 74, 71, 66, 79, 76, 77, 73, 82, 85, 84, 80, 87, 86, 75, 81, 88]]
76: [[22, 36, 3, 70, 1, 66, 64, 14, 6, 8, 13, 2, 4, 12, 25, 10, 5], [15, 9, 43, 11, 18, 17, 16, 21, 19, 20, 26, 30, 23, 27, 59, 29, 31, 48], [24, 28, 56, 32, 55, 35, 33, 41, 37, 7, 40, 45, 38, 39, 34, 42, 46, 44, 53], [47, 49, 50, 62, 51, 52, 54, 58, 57, 60, 61, 63, 65, 67, 68, 71], [79, 69, 78, 73, 72, 75, 77, 74, 76, 80, 83, 81, 82, 85, 84, 87, 86, 88]]
77: [[22, 36, 3, 70, 1, 2, 69, 4, 5, 15, 6, 14, 7, 13, 8, 9, 10], [11, 18, 55, 29, 19, 16, 26, 23, 12, 21, 25, 17, 27, 52, 28, 46, 58, 20], [59, 50, 40, 43, 62, 24, 33, 30, 41, 31, 45, 32, 34, 35, 37, 49, 39, 54], [38, 47, 42, 63, 44, 48, 57, 53, 56, 60, 61, 64, 66, 77, 71, 51, 68], [67, 65, 74, 73, 72, 75, 76, 78, 79, 84, 80, 83, 82, 81, 86, 85, 87, 88]]
78: [[22, 36, 3, 70, 1, 2, 68, 9, 4, 7, 5, 10, 11, 6, 8, 12, 14, 30], [28, 19, 18, 13, 15, 16, 17, 23, 24, 20, 21, 26, 27, 57, 62, 47], [52, 25, 31, 35, 63, 29, 39, 32, 54, 34, 38, 40, 37, 43, 33, 51], [44, 42, 46, 49, 45, 48, 41, 56, 58, 50, 55, 59, 53, 61, 60, 65, 66, 64, 69, 67], [73, 71, 75, 74, 77, 76, 72, 79, 83, 80, 87, 81, 78, 84, 82, 86, 85, 88]]
79: [[22, 36, 3, 70, 1, 2, 5, 12, 4, 6, 7, 8, 10, 28, 9], [27, 11, 23, 17, 34, 14, 30, 15, 13, 18, 31, 21, 16, 24, 19, 20, 25], [47, 60, 37, 43, 55, 45, 56, 38, 26, 49, 29, 32, 33, 35, 39, 42, 46], [40, 53, 41, 61, 48, 44, 51, 52, 50, 54, 57, 59, 58, 62, 78, 74, 65, 87, 66, 64, 68], [63, 69, 73, 71, 77, 67, 72, 75, 76, 80, 82, 79, 84, 81, 83, 85, 86, 88]]
80: [[22, 36, 3, 70, 1, 2, 69, 4, 5, 7, 6, 15, 8, 9, 21, 13, 12, 10, 11, 62], [16, 19, 48, 31, 18, 17, 23, 25, 20, 26, 59, 28, 61, 30, 24, 27], [51, 29, 35, 33, 47, 34, 14, 43, 32, 44, 39, 46, 41, 50, 49, 55], [38, 42, 40, 45, 52, 37, 56, 60, 53, 54, 57, 58, 65, 63, 75, 67, 66, 76], [68, 64, 74, 71, 72, 73, 78, 77, 79, 80, 84, 83, 82, 81, 87, 85, 86, 88]]
81: [[22, 36, 3, 70, 1, 2, 68, 9, 4, 13, 6, 10, 14, 25, 16, 11, 8, 15], [31, 18, 5, 20, 12, 17, 7, 19, 21, 23, 28, 24, 62, 60, 63, 35, 41], [26, 27, 43, 29, 61, 50, 47, 33, 30, 48, 44, 37, 32, 46, 34, 38, 42, 39, 49], [58, 45, 40, 51, 54, 56, 57, 55, 52, 53, 81, 65, 59, 64, 66, 69], [76, 75, 73, 74, 67, 71, 72, 79, 78, 82, 77, 80, 83, 84, 87, 86, 85, 88]]
82: [[22, 36, 3, 70, 1, 2, 69, 4, 5, 15, 7, 9, 8, 24, 18, 13, 12, 11, 14], [54, 20, 25, 19, 17, 21, 6, 16, 28, 26, 23, 30, 27, 33, 62, 39], [29, 31, 10, 38, 32, 42, 37, 43, 35, 49, 41, 44, 45, 47, 34, 50, 40], [46, 51, 53, 55, 48, 57, 61, 52, 58, 56, 60, 63, 59, 64, 71, 68, 65], [66, 77, 67, 74, 73, 72, 75, 85, 78, 79, 82, 81, 80, 83, 88, 76, 84, 86, 87]]
83: [[22, 36, 3, 70, 1, 2, 5, 8, 12, 7, 9, 15, 4, 26, 20, 30, 10], [11, 13, 50, 14, 17, 48, 23, 24, 19, 27, 25, 16, 21, 31, 18, 28, 57, 29, 47], [42, 55, 33, 35, 6, 39, 38, 34, 32, 45, 46, 37, 41, 40, 51, 43, 54, 44], [52, 53, 49, 56, 58, 59, 60, 63, 61, 62, 68, 64, 79, 65, 66, 71], [72, 73, 75, 76, 77, 69, 74, 78, 82, 80, 67, 87, 86, 84, 81, 83, 85, 88]]
84: [[22, 36, 3, 70, 1, 2, 4, 12, 5, 13, 10, 11, 6, 21, 8, 30, 7], [9, 17, 38, 27, 19, 15, 16, 20, 25, 31, 26, 18, 24, 59, 28, 23, 54, 29], [33, 46, 32, 34, 14, 39, 53, 37, 35, 43, 45, 47, 50, 41, 42, 44, 51, 40], [63, 49, 48, 52, 57, 62, 60, 55, 56, 58, 61, 69, 65, 66, 67, 64, 68], [79, 76, 71, 72, 73, 77, 85, 74, 75, 78, 81, 80, 87, 82, 84, 83, 86, 88]]
85: [[22, 36, 3, 70, 1, 66, 4, 10, 5, 12, 6, 11, 9, 2, 8, 14, 7], [13, 24, 27, 19, 23, 31, 17, 16, 21, 26, 18, 28, 30, 57, 29, 20, 47, 25, 42], [46, 32, 15, 34, 41, 35, 38, 39, 61, 33, 40, 45, 50, 37, 43, 54, 51], [52, 55, 48, 53, 56, 59, 44, 49, 60, 63, 62, 65, 67, 68, 58, 69, 64], [73, 79, 76, 72, 74, 71, 83, 75, 77, 78, 84, 81, 82, 85, 80, 86, 87, 88]]
86: [[22, 36, 3, 70, 1, 2, 5, 8, 6, 7, 4, 15, 9, 11, 12], [14, 23, 17, 18, 20, 16, 21, 24, 27, 26, 30, 31, 57, 32, 25, 29, 13], [60, 59, 52, 37, 33, 28, 48, 34, 39, 42, 38, 55, 41, 19, 47, 40, 35, 10], [45, 53, 43, 44, 56, 58, 54, 46, 61, 49, 50, 51, 62, 63, 65, 64, 66, 68, 72, 76], [69, 67, 79, 71, 77, 88, 73, 74, 75, 78, 86, 85, 83, 81, 80, 84, 82, 87]]
87: [[22, 36, 3, 70, 1, 66, 4, 12, 6, 2, 5, 9, 10, 13, 8, 15, 7, 14], [16, 54, 11, 17, 21, 18, 25, 19, 31, 24, 23, 20, 27, 61, 26, 28, 53], [56, 59, 42, 29, 40, 45, 30, 37, 34, 38, 32, 39, 35, 41, 57, 44, 43], [46, 33, 47, 50, 51, 49, 58, 52, 60, 48, 55, 62, 63, 65, 64, 68, 71, 72], [69, 75, 76, 67, 74, 73, 88, 78, 77, 87, 84, 83, 82, 79, 85, 86, 80, 81]]
88: [[22, 36, 3, 70, 1, 2, 5, 12, 6, 7, 4, 10, 9, 8, 11, 15, 13], [14, 25, 20, 21, 19, 18, 55, 23, 16, 17, 31, 27, 24, 57, 28, 26, 62], [60, 40, 47, 54, 59, 38, 34, 29, 30, 41, 33, 32, 35, 46, 37, 39], [45, 42, 43, 52, 44, 56, 51, 63, 48, 49, 50, 61, 53, 58, 65, 64, 73, 85, 66], [68, 67, 72, 77, 76, 69, 74, 71, 79, 75, 88, 87, 82, 78, 80, 81, 84, 86, 83]]
89: [[22, 36, 3, 70, 1, 66, 4, 14, 6, 8, 15, 7, 2, 10, 24, 9, 11, 13], [12, 18, 87, 23, 16, 26, 21, 17, 30, 25, 31, 19, 20, 61, 59, 27, 53, 58], [50, 60, 47, 34, 5, 32, 28, 48, 41, 43, 35, 37, 40, 39, 29, 33], [63, 44, 55, 51, 38, 54, 42, 45, 56, 46, 52, 49, 57, 62, 73, 68, 67, 69], [71, 77, 64, 74, 76, 65, 72, 78, 75, 85, 80, 83, 82, 81, 79, 84, 86, 88]]
90: [[22, 36, 3, 70, 1, 2, 5, 12, 4, 14, 7, 8, 6, 31, 16, 13, 9, 11], [24, 21, 15, 17, 25, 19, 18, 20, 23, 28, 26, 30, 32, 38, 41, 29, 40], [27, 55, 34, 48, 46, 51, 39, 42, 35, 60, 33, 37, 43, 44, 45, 47, 10, 62], [49, 56, 61, 50, 58, 52, 54, 53, 57, 59, 63, 67, 66, 73, 64, 65, 68], [69, 71, 72, 74, 75, 76, 79, 77, 78, 80, 81, 86, 83, 82, 87, 84, 85, 88]]
91: [[22, 36, 3, 70, 1, 2, 68, 9, 5, 6, 4, 14, 8, 29, 15, 7, 10], [11, 24, 19, 31, 13, 16, 12, 23, 17, 18, 20, 21, 26, 28, 60, 30, 56, 25], [27, 34, 47, 35, 33, 41, 40, 39, 38, 43, 44, 48, 32, 46, 50, 37, 51, 45], [53, 42, 52, 55, 54, 58, 57, 49, 59, 61, 62, 73, 64, 63, 66, 67, 76], [65, 71, 75, 78, 77, 74, 72, 79, 83, 84, 81, 85, 86, 88, 80, 87, 69, 82]]
92: [[22, 36, 3, 70, 1, 2, 68, 12, 4, 7, 13, 8, 11, 5, 14, 6, 9, 30, 10], [28, 19, 15, 24, 20, 26, 25, 16, 51, 21, 17, 18, 61, 23, 39, 45, 50, 35, 27], [29, 49, 47, 34, 31, 54, 32, 41, 40, 38, 33, 37, 44, 42, 43], [48, 46, 56, 62, 53, 55, 52, 57, 58, 63, 59, 60, 73, 64, 65, 72, 69], [71, 75, 74, 66, 67, 76, 78, 77, 79, 88, 84, 85, 81, 87, 83, 80, 82, 86]]
93: [[22, 36, 3, 70, 1, 2, 12, 9, 4, 14, 5, 7, 23, 6, 11, 26, 8], [10, 15, 50, 27, 16, 17, 48, 19, 20, 29, 13, 25, 21, 18, 58, 55, 28, 60, 33], [54, 52, 24, 30, 35, 57, 32, 31, 40, 46, 42, 41, 34, 38, 37, 45, 53], [43, 39, 44, 47, 59, 56, 51, 49, 62, 63, 61, 76, 65, 64, 67, 69, 68], [66, 71, 74, 73, 87, 72, 75, 77, 79, 80, 78, 81, 82, 86, 84, 85, 83, 88]]
94: [[22, 36, 3, 70, 1, 2, 5, 12, 4, 8, 11, 13, 6, 24, 7], [14, 10, 18, 9, 15, 26, 23, 28, 17, 16, 25, 30, 19, 27, 48, 55, 53], [20, 46, 21, 49, 29, 34, 32, 31, 41, 37, 62, 33, 42, 44, 39, 45, 57, 47, 61], [35, 40, 43, 50, 38, 58, 51, 60, 52, 63, 59, 54, 75, 56, 65, 67, 64, 66, 69], [71, 68, 74, 77, 72, 73, 78, 76, 79, 82, 81, 80, 85, 84, 86, 87, 83, 88]]
95: [[22, 36, 3, 70, 1, 2, 5, 6, 8, 10, 7, 4, 9, 12, 13, 11], [20, 25, 15, 18, 19, 27, 21, 14, 17, 16, 24, 28, 26, 23, 56, 29, 31, 37, 58], [33, 30, 43, 42, 46, 32, 47, 35, 34, 39, 40, 41, 48, 53, 38, 57, 60], [44, 55, 50, 45, 51, 49, 54, 52, 59, 61, 63, 62, 64, 66, 81, 68, 77], [65, 73, 67, 69, 74, 72, 78, 76, 71, 75, 82, 84, 87, 79, 80, 83, 85, 86, 88]]
96: [[22, 36, 3, 70, 1, 66, 2, 5, 12, 4, 15, 6, 7, 9, 10, 27], [26, 8, 30, 43, 11, 14, 19, 17, 21, 20, 29, 13, 25, 16, 18, 60, 23], [57, 45, 48, 24, 62, 55, 28, 34, 31, 37, 33, 54, 46, 47, 50, 41, 32], [39, 35, 40, 38, 42, 44, 49, 51, 59, 52, 53, 58, 56, 61, 64, 63, 68, 69, 76, 65], [72, 79, 74, 75, 67, 73, 71, 77, 80, 82, 78, 85, 81, 84, 86, 83, 87, 88]]
97: [[22, 33, 3, 70, 65, 2, 4, 5, 12, 1, 11, 7, 14, 9, 8, 6, 10, 27, 13], [19, 18, 25, 53, 20, 21, 16, 24, 23, 17, 26, 28, 61, 29, 58, 30, 52], [31, 34, 39, 32, 46, 44, 43, 15, 60, 35, 36, 41, 37, 55, 38, 40], [48, 42, 51, 63, 45, 47, 49, 59, 50, 56, 54, 57, 72, 62, 64, 69, 66, 68], [73, 67, 78, 76, 71, 75, 77, 79, 74, 81, 83, 84, 87, 80, 82, 86, 85, 88]]
98: [[22, 36, 3, 70, 1, 2, 69, 4, 5, 11, 7, 9, 8, 25, 6, 15, 14, 12, 10], [48, 58, 27, 16, 23, 28, 20, 13, 21, 26, 24, 51, 38, 17, 18], [53, 61, 41, 19, 54, 29, 44, 33, 31, 35, 40, 30, 39, 37, 47, 32, 42], [34, 43, 45, 46, 49, 50, 55, 52, 59, 57, 60, 62, 56, 63, 64, 68, 66, 71, 87], [77, 65, 74, 67, 72, 78, 73, 75, 83, 85, 82, 76, 81, 80, 79, 86, 84, 88]]
99: [[22, 36, 3, 70, 1, 2, 5, 14, 6, 4, 7, 8, 10, 9, 25, 15, 11, 12], [13, 17, 16, 31, 21, 24, 23, 27, 29, 19, 18, 20, 26, 63, 28, 56, 52, 59], [30, 34, 38, 32, 43, 33, 45, 35, 46, 48, 39, 51, 47, 41, 40, 42, 57], [50, 54, 53, 44, 49, 55, 58, 37, 60, 62, 61, 66, 64, 67, 71, 69, 73], [68, 65, 72, 76, 74, 79, 75, 77, 78, 81, 82, 83, 80, 85, 84, 86, 87, 88]]
100: [[22, 36, 3, 70, 1, 64, 5, 8, 12, 6, 14, 13, 2, 4, 11, 27, 20, 9, 7], [18, 31, 10, 17, 15, 19, 28, 25, 16, 21, 23, 24, 63, 35, 60, 26, 29], [30, 59, 34, 38, 57, 33, 32, 37, 39, 58, 42, 45, 44, 40, 61], [41, 53, 43, 51, 46, 54, 47, 56, 52, 48, 49, 50, 62, 73, 55, 65, 66, 68], [76, 67, 69, 74, 75, 71, 72, 79, 77, 78, 80, 84, 81, 82, 85, 86, 87, 83, 88]]
101: [[22, 36, 3, 70, 1, 2, 5, 4, 12, 14, 6, 11, 7, 9, 10, 27, 8, 17, 15, 33], [18, 24, 19, 20, 21, 25, 45, 13, 57, 26, 16, 52, 23, 29, 54, 35, 49], [30, 38, 55, 40, 31, 32, 39, 62, 28, 34, 50, 41, 42, 37, 43, 44], [46, 47, 48, 53, 51, 61, 56, 59, 58, 60, 63, 73, 65, 66, 64, 67, 69], [68, 71, 74, 72, 76, 75, 77, 79, 86, 81, 78, 80, 83, 85, 84, 82, 87, 88]]
102: [[22, 36, 3, 70, 1, 2, 69, 7, 4, 6, 5, 14, 8, 29, 10, 9], [12, 11, 26, 31, 13, 17, 23, 24, 19, 16, 28, 25, 35, 59, 38, 21, 37], [41, 30, 20, 34, 54, 51, 63, 40, 33, 18, 42, 39, 27, 32, 46, 43, 47], [57, 49, 45, 50, 44, 62, 52, 55, 48, 56, 53, 58, 61, 60, 72, 15, 64, 82, 65], [68, 71, 73, 74, 66, 76, 75, 67, 78, 77, 79, 85, 81, 80, 83, 87, 86, 88, 84]]
103: [[22, 36, 3, 70, 1, 2, 69, 6, 5, 14, 4, 7, 11, 17, 9, 10, 18], [12, 13, 20, 15, 29, 16, 8, 28, 21, 24, 19, 23, 25, 26, 62, 27, 31], [52, 35, 30, 32, 42, 34, 41, 33, 55, 37, 38, 57, 39, 40, 43, 45, 44, 50], [46, 54, 53, 48, 51, 49, 47, 56, 58, 59, 61, 63, 60, 86, 65, 64, 77, 67], [74, 71, 66, 78, 73, 79, 72, 68, 85, 75, 80, 76, 82, 81, 84, 83, 87, 88]]
104: [[25, 36, 3, 70, 17, 2, 68, 4, 5], [61, 39, 77, 43, 9, 53, 76, 10], [11, 13, 6, 20, 12, 14, 31], [15, 24, 16, 81, 27], [60, 18, 19, 50, 22], [1, 59, 28], [82, 21, 37, 23, 30, 38], [40, 34, 44, 41, 32, 42], [45, 48, 47, 49, 33, 51, 54, 55], [46, 62, 56, 52, 71, 57], [29, 58, 72], [35, 63, 86, 8, 64], [65, 66], [67, 69, 79, 73, 74, 75, 78, 80], [83, 84, 85, 87, 88, 7, 26]]
105: [[22, 36, 3, 70, 1, 66, 4, 8, 7, 2, 11, 6, 25, 24, 12, 9, 15], [5, 21, 10, 65, 19, 30, 13, 17, 14, 26, 18, 29, 28, 56, 31, 16, 50, 43, 35, 46, 42], [20, 34, 57, 23, 27, 55, 39, 40, 33, 45, 41, 37, 44, 38, 47, 52], [63, 32, 51, 60, 61, 48, 49, 53, 54, 58, 75, 59, 62, 71, 64, 69], [73, 77, 68, 72, 78, 67, 82, 74, 76, 79, 84, 81, 83, 85, 80, 86, 87, 88]]
106: [[22, 36, 3, 70, 1, 2, 5, 11, 4, 6, 8, 10, 7, 12, 28, 25, 15, 24, 9, 13], [83, 30, 17, 14, 18, 19, 21, 23, 16, 54, 26, 27, 31, 20, 48, 55], [29, 46, 33, 39, 43, 32, 63, 34, 38, 40, 35, 37, 45, 44, 47, 42], [41, 50, 49, 52, 56, 51, 61, 53, 57, 58, 59, 60, 62, 64, 66, 72, 65, 69], [68, 67, 73, 76, 75, 78, 74, 79, 84, 80, 71, 77, 86, 81, 82, 87, 85, 88]]
107: [[22, 36, 3, 70, 1, 2, 69, 4, 5, 15, 8, 6, 12, 11, 7, 9, 10, 27], [14, 23, 29, 17, 20, 26, 18, 24, 19, 25, 31, 21, 58, 60, 13, 56, 28, 57], [30, 38, 33, 53, 32, 35, 16, 46, 50, 47, 44, 34, 39, 42, 61, 41, 37], [40, 43, 45, 55, 48, 54, 51, 52, 63, 59, 62, 65, 67, 66, 71, 49, 72], [68, 64, 76, 75, 77, 74, 73, 78, 83, 84, 79, 82, 80, 87, 81, 85, 86, 88]]
108: [[22, 36, 3, 70, 1, 2, 68, 10, 12, 8, 6, 7, 13, 25, 9, 4, 5, 15, 11], [24, 27, 21, 19, 23, 16, 17, 20, 28, 35, 53, 31, 33, 26, 41], [29, 30, 34, 50, 42, 47, 43, 37, 39, 14, 44, 45, 38, 32, 46, 40, 49], [58, 51, 60, 48, 52, 54, 55, 63, 56, 57, 59, 62, 18, 61, 67, 64, 65, 66, 69], [71, 77, 72, 78, 73, 79, 74, 75, 76, 80, 81, 84, 82, 86, 87, 85, 83, 88]]
109: [[22, 36, 3, 70, 1, 6, 4, 5, 12, 8, 9, 7, 15, 25, 2, 10, 16], [13, 11, 48, 19, 21, 30, 18, 24, 17, 20, 23, 56, 27, 62, 29, 28, 41, 61], [31, 26, 34, 53, 32, 52, 55, 51, 14, 35, 45, 33, 37, 38, 46, 39, 50, 40, 42], [44, 43, 47, 49, 54, 57, 58, 59, 60, 63, 68, 67, 69, 65, 66, 71], [74, 64, 75, 78, 73, 79, 72, 77, 76, 88, 80, 81, 83, 85, 84, 86, 82, 87]]
110: [[22, 36, 3, 70, 1, 2, 69, 4, 11, 10, 6, 14, 5, 12, 8, 25, 15, 7, 28, 23, 13], [17, 26, 24, 19, 9, 21, 16, 18, 31, 48, 30, 20, 60, 27, 59, 58, 39], [57, 29, 40, 33, 32, 43, 34, 41, 37, 42, 47, 44, 53, 45, 38], [46, 56, 49, 51, 54, 52, 50, 55, 62, 63, 65, 64, 66, 61, 86, 35, 76], [71, 67, 68, 73, 72, 75, 74, 78, 81, 77, 79, 82, 80, 83, 84, 85, 87, 88]]
111: [[22, 36, 3, 70, 1, 2, 5, 7, 4, 10, 13, 12, 6, 29, 9, 25, 11, 15, 24], [53, 8, 14, 17, 16, 23, 20, 31, 19, 18, 21, 30, 59, 27, 40, 28, 26], [57, 42, 35, 39, 34, 37, 33, 38, 41, 44, 46, 47, 45, 43, 48, 51], [60, 55, 32, 52, 50, 54, 56, 49, 61, 58, 63, 62, 65, 64, 76, 69, 66, 67], [68, 72, 77, 73, 71, 75, 79, 78, 74, 80, 82, 85, 83, 81, 84, 87, 86, 88]]
112: [[22, 36, 3, 70, 1, 2, 5, 4, 8, 15, 12, 6, 7, 10, 28, 9, 13, 11], [30, 20, 51, 24, 21, 14, 25, 16, 29, 17, 23, 18, 19, 26, 31, 45, 35], [37, 27, 38, 42, 47, 46, 43, 32, 34, 40, 44, 33, 48, 53, 39, 41, 60, 61], [55, 50, 56, 59, 49, 52, 54, 58, 57, 63, 62, 65, 64, 67, 71, 68, 72], [73, 66, 69, 74, 75, 76, 79, 78, 77, 82, 80, 87, 86, 84, 83, 81, 85, 88]]
113: [[22, 36, 3, 70, 1, 64, 68, 9, 4, 13, 7, 6, 12, 25, 5, 2, 8, 10, 11], [26, 31, 14, 16, 17, 15, 19, 27, 21, 18, 52, 60, 56, 20, 47, 23, 58], [24, 35, 28, 30, 43, 41, 33, 29, 34, 38, 37, 39, 45, 32, 44, 42, 46], [40, 49, 53, 48, 50, 51, 54, 57, 55, 63, 59, 61, 73, 62, 67, 71, 65], [69, 77, 72, 74, 66, 75, 76, 78, 79, 82, 81, 80, 83, 86, 87, 84, 85, 88]]
114: [[22, 36, 3, 70, 1, 2, 69, 4, 6, 7, 5, 12, 11, 8, 10, 15, 14, 9], [16, 18, 27, 17, 19, 26, 20, 25, 21, 28, 23, 24, 62, 31, 44, 58, 29], [57, 34, 30, 32, 59, 41, 33, 38, 43, 61, 35, 39, 40, 42, 45, 53, 13], [37, 46, 47, 50, 54, 51, 52, 49, 63, 75, 48, 55, 81, 64, 71, 65, 56, 60], [66, 72, 78, 67, 73, 77, 76, 79, 68, 84, 74, 82, 80, 83, 86, 85, 87, 88]]
115: [[22, 36, 3, 70, 1, 2, 68, 5, 4, 13, 6, 10, 11, 12, 15, 7], [8, 24, 27, 18, 19, 9, 20, 21, 29, 14, 16, 17, 23, 61, 28, 30, 31], [60, 39, 26, 25, 63, 32, 57, 34, 42, 41, 37, 33, 35, 38, 40, 44, 43], [59, 46, 45, 49, 48, 47, 55, 50, 51, 53, 52, 54, 56, 58, 62, 82, 64, 66, 65, 75], [76, 67, 71, 72, 69, 73, 77, 78, 79, 84, 83, 81, 74, 86, 85, 88, 80, 87]]
116: [[22, 36, 3, 70, 1, 2, 68, 12, 4, 11, 10, 5, 6, 23, 8, 7, 13, 9, 21], [20, 26, 14, 58, 19, 27, 16, 17, 48, 15, 18, 56, 62, 24, 25, 57], [59, 50, 37, 29, 28, 34, 39, 30, 47, 49, 31, 32, 41, 33, 44, 35, 43, 61], [38, 53, 40, 55, 42, 52, 54, 45, 46, 51, 60, 63, 64, 67, 65, 66, 71], [69, 72, 74, 75, 73, 76, 77, 78, 79, 80, 81, 84, 85, 86, 82, 83, 87, 88]]
117: [[22, 36, 3, 70, 1, 2, 5, 12, 7, 6, 15, 4, 10, 8, 9, 13, 14, 16, 11], [17, 24, 27, 18, 53, 20, 26, 21, 19, 23, 25, 28, 29, 30, 31, 44, 60, 35, 34], [39, 40, 42, 32, 43, 45, 49, 51, 47, 38, 37, 41, 33, 55, 46], [56, 59, 48, 50, 57, 61, 52, 63, 62, 54, 58, 68, 69, 65, 71, 67, 64], [66, 75, 72, 73, 77, 79, 76, 74, 78, 80, 85, 86, 81, 82, 83, 87, 84, 88]]
118: [[22, 36, 3, 70, 65, 2, 1, 5, 4, 7, 9, 11, 14, 6, 8], [12, 10, 17, 13, 50, 28, 15, 48, 16, 20, 21, 19, 26, 29, 23, 24, 63, 31, 25], [39, 43, 40, 30, 34, 53, 18, 42, 27, 52, 32, 38, 41, 45, 35, 37, 33], [44, 46, 49, 51, 47, 54, 55, 62, 58, 60, 56, 57, 59, 61, 67, 66, 64, 68, 77], [79, 69, 73, 74, 71, 72, 75, 76, 86, 80, 78, 81, 83, 84, 85, 88, 87, 82]]
119: [[22, 36, 3, 70, 1, 2, 68, 4, 7, 9, 6, 5, 11, 8, 12, 13], [14, 17, 15, 20, 19, 16, 21, 18, 25, 29, 26, 23, 56, 44, 24, 58, 30, 41], [43, 54, 32, 31, 39, 48, 33, 45, 28, 35, 40, 42, 38, 27, 34, 47, 46, 37, 10], [49, 59, 50, 55, 51, 61, 52, 53, 62, 60, 57, 75, 73, 63, 66, 88, 78], [65, 67, 69, 64, 72, 74, 76, 77, 80, 79, 81, 71, 83, 82, 85, 86, 84, 87]]
120: [[22, 36, 3, 70, 1, 2, 65, 5, 4, 7, 8, 11, 12, 10, 15, 14, 9], [18, 6, 48, 23, 13, 17, 28, 19, 25, 24, 16, 29, 20, 59, 58, 31, 41, 37], [50, 33, 62, 39, 32, 43, 21, 26, 27, 40, 35, 30, 47, 38, 45, 60, 46], [42, 34, 56, 53, 44, 54, 49, 51, 52, 55, 57, 61, 63, 67, 66, 64, 68, 77], [71, 72, 75, 69, 74, 73, 78, 76, 87, 79, 80, 81, 86, 84, 85, 88, 83, 82]]
121: [[22, 36, 3, 70, 65, 2, 4, 12, 1, 8, 11, 13, 6, 24, 7, 5, 10, 14, 9], [15, 26, 16, 25, 21, 17, 18, 30, 19, 27, 56, 59, 53, 20, 46, 23, 49], [28, 29, 44, 31, 42, 38, 32, 33, 41, 35, 63, 37, 43, 47, 61], [51, 40, 45, 34, 39, 50, 52, 60, 48, 55, 57, 54, 58, 62, 64, 66, 68, 67, 69], [78, 76, 74, 71, 73, 72, 75, 77, 79, 82, 81, 80, 85, 84, 86, 87, 88, 83]]
122: [[22, 36, 3, 70, 1, 66, 4, 12, 5, 6, 15, 7, 2, 8, 28, 11, 13, 9], [26, 10, 86, 18, 16, 30, 21, 14, 19, 17, 20, 23, 52, 63, 57, 27, 53, 24], [51, 29, 45, 34, 31, 33, 54, 49, 41, 32, 43, 38, 42, 35, 25, 40], [47, 44, 55, 39, 46, 48, 58, 37, 56, 59, 60, 61, 62, 50, 65, 64, 67, 69], [79, 71, 68, 72, 73, 74, 76, 77, 75, 81, 80, 82, 87, 78, 83, 84, 85, 88]]
123: [[22, 36, 3, 70, 1, 2, 12, 6, 4, 13, 9, 14, 5, 29, 7, 17, 10], [23, 26, 56, 8, 31, 27, 11, 16, 15, 18, 19, 20, 21, 24, 62, 46, 49, 53], [38, 28, 61, 41, 30, 37, 32, 35, 25, 33, 34, 51, 42, 39, 47, 60, 40, 44, 48], [50, 57, 58, 43, 45, 52, 54, 55, 59, 63, 64, 68, 65, 87, 66, 67], [74, 72, 69, 79, 77, 75, 73, 76, 80, 78, 82, 71, 81, 85, 84, 83, 86, 88]]
124: [[22, 36, 3, 70, 1, 2, 5, 12, 4, 7, 8, 11, 10, 6, 14, 25, 15, 24, 9], [60, 18, 13, 17, 16, 26, 19, 55, 21, 23, 58, 20, 29, 27, 31], [40, 59, 28, 46, 30, 34, 41, 38, 47, 35, 37, 39, 33, 42, 44, 49, 43], [45, 53, 32, 61, 50, 51, 54, 48, 52, 57, 56, 63, 62, 66, 76, 64, 68, 67, 69], [65, 75, 74, 77, 78, 79, 86, 73, 80, 82, 71, 83, 81, 84, 85, 87, 72, 88]]
125: [[22, 36, 3, 70, 1, 2, 5, 4, 6, 13, 11, 7, 25, 24, 14, 8, 10], [9, 12, 15, 17, 19, 21, 30, 18, 41, 23, 27, 31, 52, 16, 28, 26, 39], [37, 20, 29, 33, 34, 42, 47, 38, 44, 56, 40, 32, 35, 43, 49, 45, 50, 54], [51, 62, 55, 48, 58, 57, 53, 61, 60, 59, 63, 66, 46, 67, 65, 84, 64, 71], [78, 68, 72, 69, 74, 73, 83, 75, 82, 77, 76, 81, 79, 85, 88, 87, 86, 80]]
126: [[22, 36, 3, 70, 1, 66, 2, 4, 12, 7, 6, 14, 5, 8, 10, 9, 13, 15], [18, 50, 26, 11, 16, 62, 30, 17, 25, 23, 24, 19, 20, 21, 57, 27, 61, 58], [39, 29, 60, 34, 28, 38, 31, 32, 47, 33, 35, 44, 42, 45, 49, 37], [63, 40, 55, 51, 41, 54, 52, 59, 56, 43, 48, 53, 65, 64, 46, 68, 67, 71], [69, 73, 79, 72, 74, 75, 76, 77, 78, 80, 84, 87, 82, 81, 86, 85, 83, 88]]
127: [[22, 36, 3, 70, 1, 2, 69, 4, 5, 11, 7, 6, 13, 9, 14, 12, 8], [10, 31, 48, 18, 17, 21, 50, 19, 28, 29, 27, 24, 15, 25, 45, 16], [42, 53, 51, 20, 46, 34, 38, 54, 33, 57, 23, 26, 30, 32, 44, 40, 62], [37, 35, 39, 43, 41, 59, 47, 56, 52, 49, 58, 60, 55, 61, 63, 67, 68, 65, 64, 74], [76, 71, 72, 78, 77, 73, 81, 66, 75, 79, 83, 80, 85, 86, 88, 84, 87, 82]]
128: [[22, 36, 3, 70, 65, 2, 1, 12, 6, 5, 13, 9, 10, 15, 4, 11, 8], [26, 25, 51, 27, 17, 16, 7, 23, 14, 18, 19, 28, 30, 20, 31, 24, 35, 48], [21, 42, 43, 39, 29, 46, 37, 32, 34, 49, 41, 44, 38, 33, 47, 50], [40, 53, 52, 55, 60, 54, 45, 57, 62, 58, 63, 56, 59, 61, 66, 71, 80, 67], [69, 68, 79, 74, 72, 73, 64, 75, 76, 77, 78, 84, 81, 82, 87, 85, 83, 86, 88]]
129: [[22, 36, 3, 70, 1, 2, 5, 12, 4, 9, 11, 6, 19, 7, 8, 15, 14, 17], [10, 21, 13, 26, 16, 25, 23, 18, 29, 20, 24, 31, 57, 28, 44, 30], [27, 43, 56, 48, 32, 51, 33, 37, 42, 38, 41, 45, 39, 40, 46, 34, 35, 54, 52], [58, 47, 55, 49, 62, 53, 59, 63, 61, 50, 60, 65, 64, 75, 66, 67, 69], [68, 72, 71, 73, 77, 76, 74, 79, 78, 83, 80, 86, 81, 82, 85, 84, 87, 88]]
130: [[22, 36, 3, 70, 65, 2, 1, 8, 6, 13, 4, 10, 12, 25, 5, 28, 24], [9, 14, 18, 11, 17, 27, 7, 15, 20, 61, 16, 31, 21, 19, 23, 26], [56, 63, 29, 37, 46, 32, 59, 45, 41, 43, 42, 35, 30, 44, 33, 47, 34], [39, 52, 38, 40, 49, 48, 58, 53, 55, 50, 51, 60, 54, 57, 62, 64, 68, 66, 72, 71], [73, 69, 74, 67, 77, 75, 76, 78, 79, 81, 82, 85, 80, 83, 86, 87, 84, 88]]
131: [[22, 36, 3, 70, 1, 66, 4, 12, 5, 7, 6, 10, 8, 15, 2, 13, 24, 9], [21, 18, 16, 14, 48, 19, 23, 30, 27, 17, 28, 20, 25, 62, 26, 58], [63, 40, 29, 11, 51, 31, 37, 32, 34, 33, 42, 39, 35, 49, 41, 59], [45, 38, 43, 46, 47, 60, 44, 61, 56, 50, 55, 52, 53, 57, 54, 64, 67, 80, 73, 69], [65, 76, 68, 71, 79, 72, 74, 78, 75, 77, 84, 83, 86, 87, 81, 85, 88, 82]]
132: [[22, 36, 3, 70, 1, 66, 4, 10, 7, 2, 8, 14, 28, 9, 5, 6], [13, 12, 16, 17, 82, 23, 15, 18, 19, 30, 25, 26, 24, 27, 60, 20], [21, 48, 63, 43, 29, 31, 50, 34, 32, 33, 40, 51, 11, 39, 35, 37, 41, 45, 52, 42, 62], [46, 61, 47, 49, 38, 44, 58, 56, 54, 53, 55, 81, 57, 67, 65, 75, 68], [79, 59, 64, 69, 71, 74, 76, 73, 77, 78, 72, 83, 80, 84, 85, 86, 87, 88]]
133: [[22, 36, 3, 70, 1, 2, 5, 6, 12, 4, 8, 14, 10, 26, 24, 28, 9], [11, 13, 18, 50, 19, 17, 7, 49, 30, 21, 15, 27, 16, 20, 51, 23, 25, 47], [61, 53, 34, 29, 31, 38, 35, 39, 32, 41, 42, 33, 40, 43, 37, 44, 46], [45, 48, 63, 52, 56, 57, 62, 54, 59, 55, 60, 58, 66, 65, 67, 64, 69, 68], [72, 71, 74, 78, 73, 75, 77, 79, 76, 85, 80, 82, 81, 87, 86, 83, 84, 88]]
134: [[22, 36, 3, 70, 1, 2, 68, 5, 4, 7, 8, 14, 6, 29, 15, 9, 10], [11, 12, 16, 23, 18, 19, 13, 20, 17, 24, 28, 21, 26, 60, 27, 38, 56, 25], [30, 34, 31, 39, 53, 41, 40, 32, 37, 43, 42, 35, 33, 46, 50, 49, 51, 63], [57, 58, 48, 44, 45, 59, 47, 52, 54, 61, 55, 65, 62, 64, 67, 66, 69], [73, 71, 75, 74, 77, 72, 76, 79, 83, 81, 80, 85, 86, 78, 84, 87, 88, 82]]
135: [[22, 36, 3, 70, 1, 2, 5, 12, 7, 13, 4, 6, 8, 29, 9, 11, 10, 27], [14, 40, 25, 26, 17, 15, 18, 30, 16, 19, 20, 23, 31, 32, 63, 56, 21, 43], [35, 37, 34, 62, 33, 39, 41, 57, 54, 47, 42, 38, 44, 46, 53, 52, 45], [50, 58, 48, 59, 51, 55, 49, 60, 61, 65, 28, 75, 66, 79, 67, 83, 68], [71, 24, 72, 73, 69, 74, 64, 76, 77, 84, 78, 82, 80, 81, 86, 85, 87, 88]]
136: [[22, 36, 3, 70, 1, 2, 5, 8, 4, 13, 6, 15, 10, 9, 14, 7, 11], [12, 28, 62, 18, 16, 17, 19, 29, 24, 23, 20, 21, 54, 26, 25, 31, 30, 48], [51, 27, 56, 53, 32, 46, 38, 33, 34, 35, 40, 41, 45, 37, 47, 39, 43], [42, 44, 60, 50, 49, 52, 59, 55, 57, 58, 63, 65, 61, 64, 67, 66, 74, 72], [69, 68, 77, 71, 76, 75, 88, 79, 81, 82, 84, 87, 83, 73, 86, 78, 80, 85]]
137: [[22, 36, 3, 70, 1, 2, 5, 12, 4, 6, 14, 7, 8, 24, 10, 28], [11, 9, 57, 37, 13, 26, 23, 25, 16, 50, 56, 49, 15, 19, 20, 17, 18, 31, 62], [21, 27, 46, 59, 34, 29, 30, 60, 32, 39, 42, 35, 33, 45, 43, 38, 40], [41, 44, 47, 48, 51, 61, 52, 55, 58, 53, 54, 63, 77, 64, 66, 67, 74], [71, 65, 75, 76, 69, 78, 72, 79, 73, 68, 80, 83, 81, 82, 87, 84, 86, 85, 88]]
138: [[22, 36, 3, 70, 1, 2, 5, 6, 4, 13, 14, 12, 7, 26, 16, 28, 8], [11, 29, 21, 34, 17, 20, 23, 49, 9, 10, 15, 19, 18, 24, 62, 25, 27, 30], [37, 59, 38, 40, 46, 31, 35, 39, 43, 45, 42, 33, 32, 47, 44, 41, 60, 48], [55, 50, 56, 51, 52, 53, 54, 57, 58, 63, 61, 65, 64, 67, 68, 69, 66], [72, 71, 73, 74, 75, 76, 77, 79, 78, 80, 84, 87, 81, 85, 82, 83, 86, 88]]
139: [[22, 36, 3, 70, 65, 2, 5, 4, 13, 1, 6, 14, 8, 9, 25, 10, 11], [30, 15, 12, 28, 31, 16, 18, 23, 24, 17, 29, 26, 19, 61, 60, 20, 21], [52, 59, 34, 7, 32, 47, 27, 33, 35, 39, 37, 41, 43, 44, 38, 40, 45, 46], [53, 49, 42, 51, 54, 58, 55, 56, 48, 50, 57, 62, 77, 63, 68, 71, 72, 76], [74, 66, 73, 78, 69, 67, 81, 75, 79, 64, 83, 80, 86, 85, 82, 84, 87, 88]]
140: [[22, 36, 3, 70, 1, 66, 68, 6, 4, 11, 5, 7, 2, 8, 24, 9, 14, 13], [12, 26, 19, 15, 16, 10, 17, 18, 28, 31, 25, 21, 20, 29, 27, 23, 61, 59], [54, 40, 47, 34, 30, 32, 33, 41, 42, 39, 35, 38, 43, 45, 46, 49, 60, 44], [48, 51, 50, 53, 37, 57, 56, 55, 52, 58, 62, 76, 73, 63, 67, 69], [64, 77, 72, 74, 65, 71, 79, 78, 81, 85, 80, 83, 82, 84, 75, 87, 86, 88]]
141: [[22, 36, 3, 70, 1, 2, 5, 12, 4, 6, 11, 7, 10, 13, 8, 9], [14, 15, 60, 16, 19, 27, 21, 20, 28, 17, 25, 48, 18, 24, 29, 26, 30, 45, 42], [49, 54, 59, 33, 40, 31, 23, 58, 32, 35, 34, 38, 43, 44, 39, 37, 41], [47, 46, 50, 56, 55, 52, 51, 53, 62, 57, 61, 63, 68, 64, 66, 67, 72], [69, 71, 79, 76, 65, 73, 77, 75, 74, 78, 88, 80, 81, 83, 87, 85, 86, 84, 82]]
142: [[22, 36, 3, 70, 1, 2, 5, 4, 6, 7, 8, 9, 14, 27, 11, 12, 13], [10, 16, 19, 18, 17, 21, 23, 25, 20, 28, 56, 24, 29, 30, 45, 31, 55], [15, 37, 33, 57, 26, 38, 34, 58, 35, 42, 40, 39, 32, 43, 41, 46, 44, 48], [51, 47, 52, 53, 60, 50, 49, 54, 59, 61, 63, 62, 67, 64, 66, 68, 71, 65], [76, 72, 69, 79, 78, 74, 75, 73, 83, 80, 82, 86, 77, 85, 81, 84, 87, 88]]
143: [[22, 36, 3, 69, 1, 2, 12, 6, 4, 7, 38, 5, 15, 13, 20, 11, 9], [8, 28, 48, 59, 17, 14, 26, 18, 21, 29, 19, 31, 16, 27, 24, 23, 25, 10], [35, 30, 52, 32, 46, 57, 37, 41, 34, 33, 39, 63, 56, 45, 43, 55, 42], [44, 40, 49, 47, 53, 50, 51, 54, 61, 58, 60, 62, 67, 65, 64, 66, 68, 77], [70, 72, 71, 75, 73, 74, 79, 76, 78, 82, 81, 86, 80, 84, 83, 85, 87, 88]]
144: [[22, 36, 3, 70, 65, 2, 4, 8, 12, 7, 6, 10, 5, 26, 14, 1, 9, 24, 21], [11, 55, 17, 19, 18, 31, 13, 15, 23, 27, 49, 16, 60, 28, 20, 39], [53, 25, 29, 32, 30, 38, 51, 33, 35, 41, 40, 34, 50, 45, 47, 37, 44], [52, 42, 43, 48, 54, 56, 58, 59, 57, 63, 62, 61, 46, 64, 66, 81, 68], [69, 75, 67, 76, 71, 78, 72, 82, 74, 79, 73, 77, 80, 83, 85, 84, 86, 87, 88]]
145: [[22, 36, 3, 70, 1, 2, 68, 9, 6, 4, 5, 8, 11, 7, 27, 12, 10, 13], [17, 50, 30, 16, 35, 19, 14, 21, 26, 24, 18, 23, 29, 15, 63, 33, 39], [20, 28, 47, 42, 25, 32, 46, 31, 57, 48, 34, 37, 38, 40, 45, 41, 44, 43, 49], [51, 52, 55, 53, 58, 54, 59, 61, 56, 60, 65, 74, 62, 64, 67, 72], [76, 69, 79, 73, 75, 71, 78, 77, 80, 66, 85, 83, 82, 84, 81, 87, 86, 88]]
146: [[22, 36, 3, 70, 1, 2, 5, 13, 4, 10, 6, 7, 12, 25, 8, 15, 11], [14, 17, 49, 27, 24, 18, 29, 21, 16, 20, 19, 26, 28, 23, 58, 31, 34], [61, 52, 50, 30, 33, 48, 46, 39, 38, 42, 35, 41, 9, 47, 43, 37, 44, 57], [32, 45, 51, 40, 60, 54, 53, 59, 55, 63, 62, 56, 66, 69, 64, 86, 65, 67], [71, 76, 74, 77, 73, 84, 72, 75, 78, 79, 68, 83, 80, 82, 81, 85, 87, 88]]
147: [[22, 36, 3, 70, 1, 2, 5, 6, 4, 15, 9, 12, 10, 13, 8, 11, 14, 21, 27], [28, 16, 17, 19, 20, 24, 7, 18, 51, 23, 25, 26, 49, 30, 43, 61, 60, 29, 58], [31, 47, 33, 54, 34, 32, 41, 37, 38, 39, 40, 42, 44, 35, 45], [48, 50, 46, 52, 59, 53, 55, 56, 57, 62, 63, 65, 72, 69, 71, 67, 64], [74, 73, 66, 68, 75, 76, 77, 78, 79, 88, 83, 86, 81, 87, 82, 80, 84, 85]]
148: [[22, 36, 3, 70, 1, 2, 5, 6, 4, 15, 14, 10, 8, 11, 7, 30, 20, 9, 21], [50, 18, 19, 12, 13, 25, 17, 16, 27, 28, 57, 58, 23, 26, 49, 59, 47], [42, 35, 29, 43, 24, 38, 55, 34, 60, 41, 45, 33, 31, 32, 54, 46, 37, 39], [52, 40, 44, 51, 53, 48, 56, 63, 61, 62, 64, 65, 66, 67, 76, 71], [69, 68, 75, 72, 73, 77, 74, 78, 84, 80, 79, 81, 82, 86, 85, 87, 83, 88]]
149: [[22, 36, 3, 70, 1, 2, 5, 9, 4, 15, 6, 12, 10, 8, 28, 11, 25], [13, 14, 18, 7, 23, 26, 48, 16, 17, 21, 20, 30, 29, 27, 31, 62, 24], [52, 58, 38, 19, 34, 47, 41, 33, 49, 43, 44, 39, 32, 35, 37, 40], [42, 45, 46, 50, 55, 53, 51, 54, 60, 56, 59, 57, 61, 63, 73, 66, 74, 64, 65], [76, 79, 69, 67, 71, 68, 75, 72, 77, 82, 85, 88, 83, 78, 80, 86, 87, 81, 84]]
150: [[22, 36, 3, 70, 1, 66, 4, 13, 12, 9, 5, 6, 2, 14, 24, 15, 8], [7, 10, 50, 81, 21, 18, 29, 20, 19, 16, 23, 26, 17, 56, 63, 25], [11, 61, 27, 58, 39, 41, 34, 47, 33, 31, 28, 42, 30, 38, 32, 35, 37, 43, 40], [44, 46, 51, 45, 54, 53, 48, 49, 52, 57, 59, 55, 67, 60, 62, 68, 65], [73, 64, 69, 76, 71, 79, 74, 72, 75, 77, 78, 82, 80, 83, 85, 86, 87, 84, 88]]
151: [[22, 36, 3, 70, 1, 2, 68, 4, 14, 7, 5, 6, 15, 13, 9, 11, 12, 17], [8, 10, 55, 18, 24, 20, 26, 21, 19, 28, 27, 16, 29, 25, 30, 60], [57, 31, 23, 33, 32, 34, 63, 37, 58, 35, 46, 38, 62, 40, 41, 42, 43, 45], [56, 50, 39, 44, 54, 52, 47, 49, 53, 48, 51, 59, 69, 65, 66, 64, 76], [61, 79, 73, 74, 71, 67, 72, 77, 75, 84, 78, 82, 80, 83, 85, 87, 86, 81, 88]]
152: [[22, 36, 3, 70, 1, 2, 5, 12, 4, 14, 7, 6, 10, 29, 17], [9, 8, 11, 18, 23, 15, 21, 25, 19, 16, 20, 27, 28, 30, 24, 57, 13, 31], [32, 56, 26, 55, 35, 48, 42, 33, 34, 44, 47, 40, 37, 39, 38, 41], [43, 45, 46, 62, 49, 51, 61, 50, 58, 52, 53, 54, 60, 59, 63, 65, 69, 67, 66, 71, 68], [73, 77, 72, 74, 75, 76, 79, 64, 78, 80, 83, 86, 81, 82, 87, 85, 84, 88]]
153: [[22, 36, 3, 70, 1, 2, 69, 4, 6, 13, 5, 11, 25, 12, 7, 8, 9, 10], [62, 16, 15, 17, 23, 14, 29, 19, 45, 20, 24, 21, 18, 53, 26, 27, 51], [59, 28, 60, 30, 47, 46, 57, 31, 34, 55, 33, 35, 41, 37, 39, 58, 38], [32, 40, 42, 44, 54, 43, 52, 50, 48, 63, 56, 65, 49, 64, 66, 67, 68, 71], [61, 72, 78, 74, 73, 77, 84, 75, 76, 79, 82, 81, 83, 80, 86, 85, 87, 88]]
154: [[22, 36, 3, 70, 1, 2, 69, 4, 12, 7, 5, 11, 14, 8, 10, 24], [6, 9, 31, 50, 13, 16, 21, 18, 29, 15, 28, 17, 26, 19, 53, 44, 20], [23, 55, 49, 25, 30, 32, 46, 42, 38, 27, 33, 40, 39, 34, 35, 41, 47, 37, 45, 43], [54, 51, 48, 52, 56, 61, 58, 60, 59, 63, 57, 62, 65, 66, 68, 64, 87], [75, 67, 72, 71, 74, 73, 76, 77, 78, 79, 81, 80, 86, 82, 83, 84, 85, 88]]
155: [[22, 36, 3, 70, 1, 2, 5, 12, 4, 6, 9, 7, 8, 26, 10, 11, 15, 13], [48, 14, 18, 19, 28, 29, 20, 56, 25, 16, 21, 49, 30, 17, 23, 61], [24, 31, 62, 38, 46, 42, 27, 34, 60, 32, 33, 40, 39, 45, 35, 37, 41, 47, 43], [51, 52, 50, 59, 53, 54, 55, 44, 57, 58, 63, 67, 64, 66, 65, 72, 69], [71, 73, 76, 77, 78, 79, 75, 74, 68, 80, 84, 83, 82, 81, 86, 87, 85, 88]]
156: [[22, 36, 3, 69, 1, 2, 12, 9, 6, 4, 44, 7, 5, 31, 29, 8], [10, 11, 24, 60, 28, 15, 17, 59, 13, 18, 14, 19, 25, 21, 16, 20, 23, 42], [45, 47, 26, 27, 30, 38, 32, 33, 35, 43, 37, 46, 61, 39, 34, 58, 41, 51], [54, 40, 48, 56, 49, 53, 50, 52, 55, 63, 62, 57, 66, 67, 65, 64, 71, 68], [73, 75, 72, 76, 78, 79, 70, 74, 77, 88, 87, 81, 80, 85, 82, 83, 86, 84]]
157: [[22, 36, 3, 70, 1, 2, 69, 4, 6, 7, 5, 11, 13, 24, 8, 9, 10, 18, 29, 50], [17, 21, 16, 12, 19, 20, 23, 28, 30, 31, 25, 62, 27, 57, 14, 42, 15, 32], [34, 61, 35, 26, 38, 54, 33, 37, 39, 46, 40, 45, 41, 44, 47, 48], [43, 52, 55, 53, 60, 56, 58, 63, 49, 59, 65, 82, 51, 64, 66, 76], [67, 72, 75, 74, 68, 73, 77, 71, 78, 80, 83, 85, 79, 86, 81, 84, 87, 88]]
158: [[22, 36, 3, 70, 1, 2, 5, 9, 4, 7, 6, 8, 27, 10, 11, 12, 14], [13, 31, 17, 25, 21, 19, 50, 26, 16, 46, 15, 29, 18, 20, 23], [51, 63, 40, 24, 30, 39, 28, 61, 37, 33, 54, 38, 34, 42, 43, 32, 41, 45, 47], [48, 55, 53, 35, 49, 44, 56, 57, 52, 58, 59, 60, 62, 65, 64, 72, 71, 67, 69], [68, 73, 66, 74, 77, 76, 78, 79, 75, 80, 87, 81, 83, 84, 82, 86, 85, 88]]
159: [[22, 36, 3, 70, 1, 2, 69, 4, 5, 13, 6, 11, 24, 15, 8, 7, 9], [10, 59, 17, 12, 14, 16, 18, 19, 20, 30, 28, 29, 27, 56, 21, 23, 61, 25], [39, 42, 40, 50, 45, 31, 35, 26, 38, 52, 33, 34, 44, 37, 43, 58, 47, 32], [46, 54, 48, 55, 49, 51, 53, 57, 60, 62, 63, 41, 66, 73, 71, 64, 78], [65, 67, 72, 74, 68, 75, 80, 79, 82, 76, 77, 84, 87, 81, 86, 83, 85, 88]]
160: [[22, 36, 3, 69, 1, 2, 12, 9, 4, 14, 38, 6, 10, 13, 15, 11, 7], [8, 19, 31, 18, 21, 17, 56, 16, 20, 28, 23, 57, 24, 26, 27, 35, 5], [60, 43, 29, 52, 59, 25, 32, 61, 51, 42, 33, 34, 30, 39, 37, 40], [41, 45, 49, 44, 46, 47, 50, 53, 54, 58, 48, 55, 62, 63, 66, 64, 67, 70, 71], [65, 79, 68, 74, 72, 84, 73, 77, 75, 78, 81, 83, 82, 80, 85, 76, 86, 87, 88]]
161: [[22, 36, 3, 70, 1, 2, 5, 6, 4, 7, 8, 10, 12, 14, 11, 26, 15], [17, 9, 51, 21, 20, 28, 16, 30, 18, 19, 25, 23, 31, 24, 29, 38, 57, 45, 56, 58], [53, 39, 55, 41, 42, 27, 13, 40, 37, 35, 54, 46, 47, 32, 34, 43, 44], [33, 52, 50, 48, 49, 59, 60, 61, 62, 63, 64, 66, 65, 67, 71, 76], [69, 68, 79, 72, 75, 74, 73, 77, 78, 80, 81, 83, 82, 86, 85, 84, 87, 88]]
162: [[25, 12, 7, 70, 16, 66, 4, 34, 28, 46, 1, 2, 3, 8, 18, 13], [14, 11, 17, 38, 23, 9, 24, 26, 21, 22, 6, 5, 29, 19, 20, 61, 40, 27], [51, 59, 55, 30, 42, 39, 31, 32, 35, 52, 33, 77, 41, 36, 10, 43, 37, 47], [48, 44, 67, 49, 15, 50, 54, 45, 58, 57, 56, 60, 53, 80, 64, 62, 63, 68], [71, 86, 65, 74, 69, 72, 84, 79, 73, 75, 76, 83, 78, 85, 87, 81, 82, 88]]
163: [[22, 36, 3, 70, 1, 2, 68, 12, 4, 7, 5, 10, 11, 24, 8, 14, 17, 30], [9, 19, 6, 13, 18, 16, 26, 20, 21, 61, 23, 27, 25, 57, 29, 15, 62], [59, 63, 35, 31, 33, 49, 39, 28, 37, 34, 44, 32, 42, 45, 55, 41, 38, 46], [48, 40, 43, 51, 53, 47, 54, 56, 50, 52, 60, 58, 77, 64, 66, 67, 69], [65, 79, 71, 75, 73, 72, 76, 74, 78, 82, 85, 80, 83, 84, 81, 86, 87, 88]]
164: [[22, 36, 3, 70, 1, 2, 68, 10, 5, 7, 6, 9, 11, 28, 8], [12, 4, 29, 18, 26, 13, 31, 14, 16, 17, 15, 19, 55, 21, 20, 23, 49, 27], [46, 61, 40, 51, 37, 33, 42, 24, 35, 25, 30, 32, 34, 39, 38, 41], [44, 45, 43, 47, 56, 48, 60, 63, 53, 57, 50, 54, 52, 58, 59, 62, 73, 64, 66, 67, 65], [71, 72, 74, 75, 69, 78, 76, 84, 79, 77, 87, 82, 81, 80, 83, 85, 86, 88]]
165: [[22, 36, 3, 70, 1, 2, 5, 8, 4, 14, 6, 7, 12, 9, 11, 15, 10, 19], [16, 50, 18, 21, 17, 23, 13, 24, 25, 26, 20, 27, 49, 57, 29, 60, 30], [28, 63, 33, 40, 62, 31, 32, 34, 41, 37, 42, 53, 47, 44, 45, 35, 46], [48, 43, 51, 55, 56, 39, 58, 52, 61, 54, 65, 59, 38, 74, 67, 69, 64, 66], [68, 75, 71, 78, 73, 72, 76, 77, 79, 81, 80, 83, 82, 85, 86, 84, 87, 88]]
166: [[21, 12, 35, 6, 1, 66, 69, 2, 20, 23, 7, 76, 27, 8, 55, 14, 4, 11], [5, 19, 9, 10, 59, 15, 22, 17, 68, 81, 29, 18, 16, 28, 24, 31, 51], [25, 26, 67, 34, 53, 84, 38, 33, 54, 32, 46, 41, 40, 75, 37, 42, 44, 45], [36, 47, 49, 13, 43, 48, 50, 52, 71, 56, 60, 57, 58, 72, 61, 86, 62], [63, 88, 39, 64, 65, 70, 73, 79, 74, 77, 78, 80, 83, 85, 87, 82, 3, 30]]
167: [[22, 36, 3, 70, 1, 2, 5, 4, 13, 6, 7, 8, 14, 24, 10, 11, 9, 25, 29], [18, 19, 17, 28, 37, 23, 12, 21, 15, 16, 31, 40, 26, 27, 56], [30, 41, 35, 42, 44, 38, 32, 43, 48, 51, 49, 39, 50, 54, 34, 45, 33, 46, 47], [57, 52, 63, 53, 58, 60, 61, 62, 55, 84, 59, 20, 67, 86, 66, 64, 68], [77, 65, 75, 79, 69, 73, 76, 71, 78, 72, 74, 81, 82, 80, 85, 83, 87, 88]]
168: [[22, 36, 3, 70, 1, 2, 69, 4, 5, 7, 6, 13, 9, 8, 14, 15, 10], [28, 11, 20, 16, 31, 25, 48, 12, 19, 21, 29, 18, 24, 23, 27, 26], [39, 30, 46, 17, 35, 58, 32, 38, 34, 40, 42, 49, 45, 44, 37, 47, 41, 50, 43], [33, 53, 52, 56, 51, 63, 57, 59, 55, 60, 54, 61, 62, 64, 65, 73, 66], [74, 68, 71, 75, 79, 72, 78, 76, 67, 77, 82, 85, 80, 83, 81, 84, 86, 87, 88]]
169: [[22, 36, 3, 70, 1, 2, 5, 8, 6, 14, 9, 4, 10, 11, 26, 15, 13], [12, 17, 33, 19, 20, 21, 23, 52, 7, 16, 18, 25, 24, 27, 29, 63, 44, 47, 40], [28, 43, 30, 31, 46, 34, 37, 54, 39, 32, 41, 38, 42, 35, 45, 48], [50, 51, 57, 49, 61, 53, 55, 56, 62, 58, 59, 60, 67, 66, 64, 68, 69], [73, 65, 74, 71, 72, 75, 77, 78, 76, 79, 80, 81, 83, 85, 86, 82, 84, 87, 88]]
170: [[22, 36, 3, 70, 1, 2, 5, 4, 7, 8, 15, 10, 21, 27, 13, 9, 29, 6], [14, 12, 17, 24, 11, 49, 20, 28, 18, 62, 16, 56, 25, 46, 19, 26, 30], [32, 23, 33, 54, 40, 39, 34, 37, 31, 35, 44, 38, 51, 41, 42, 43, 45], [47, 53, 48, 50, 55, 57, 52, 63, 58, 59, 60, 61, 64, 65, 75, 72, 66, 68], [71, 73, 69, 76, 67, 74, 77, 78, 79, 84, 82, 80, 83, 85, 81, 86, 87, 88]]
171: [[21, 12, 3, 70, 81, 66, 8, 52, 28, 22, 7, 69, 34, 1, 55, 2, 10, 11, 13], [6, 9, 17, 51, 62, 16, 19, 76, 20, 27, 24, 25, 61, 4, 14], [26, 59, 53, 29, 58, 32, 88, 18, 43, 30, 33, 77, 63, 37, 72, 31, 36], [23, 40, 39, 41, 35, 42, 46, 54, 50, 38, 85, 47, 44, 57, 48, 45, 49, 79, 5], [56, 60, 64, 78, 67, 15, 65, 68, 80, 86, 73, 82, 74, 75, 87, 83, 84, 71]]
172: [[22, 36, 3, 70, 1, 2, 65, 5, 4, 7, 13, 10, 6, 8, 15], [12, 9, 11, 14, 42, 19, 17, 41, 20, 18, 28, 21, 16, 23, 25, 27, 58, 55, 24], [51, 57, 26, 60, 33, 32, 29, 46, 35, 48, 30, 31, 34, 38, 39, 37, 40], [43, 47, 44, 45, 49, 52, 53, 56, 50, 63, 59, 54, 61, 62, 67, 72, 64, 69, 76], [66, 68, 75, 78, 77, 73, 74, 79, 83, 80, 84, 81, 82, 86, 85, 87, 71, 88]]
173: [[22, 36, 3, 70, 1, 2, 5, 8, 14, 6, 12, 7, 4, 28, 10, 11, 13], [25, 15, 30, 19, 17, 26, 20, 21, 16, 9, 18, 49, 24, 29, 31, 32, 61], [39, 23, 37, 34, 43, 42, 27, 35, 47, 45, 48, 40, 33, 59, 41, 38], [46, 54, 58, 53, 55, 50, 51, 52, 63, 56, 44, 57, 60, 62, 65, 64, 67, 69, 66, 71], [79, 73, 72, 77, 75, 74, 76, 78, 68, 80, 83, 81, 82, 84, 86, 85, 87, 88]]
174: [[26, 33, 55, 2, 64, 1, 68, 8], [5, 46, 3, 13, 30, 24, 6, 72, 10], [9, 21, 15, 11, 16, 25, 31], [17, 18, 23, 71, 19], [50, 22, 36, 20, 29], [32, 51, 28], [83, 4, 37, 38, 42, 14], [34, 39, 44, 61, 35, 43], [47, 53, 40, 41, 52, 7, 58, 59], [48, 60, 45, 57, 62, 65], [63, 49, 70], [66, 12, 54, 76, 78], [67, 69], [74, 73, 75, 77, 79, 85, 56, 81], [80, 86, 84, 87, 82, 88, 27]]
175: [[22, 9, 55, 2, 64, 66, 72, 56, 28, 6, 7, 1, 26, 10, 5, 8, 11], [14, 12, 27, 13, 3, 58, 53, 20, 31, 15, 17, 21, 16, 18, 24, 4, 25, 59], [35, 19, 29, 34, 38, 41, 32, 46, 36, 43, 73, 61, 39, 42, 44, 37, 47], [33, 52, 48, 57, 49, 51, 45, 63, 40, 50, 23, 54, 60, 62, 68, 67, 69, 78], [70, 82, 71, 74, 75, 76, 65, 79, 80, 30, 81, 84, 87, 88, 85, 86, 83, 77]]
176: [[22, 36, 3, 70, 1, 6, 5, 8, 14, 2, 7, 10, 27, 4, 23, 16, 13, 21, 24], [49, 25, 29, 18, 20, 17, 28, 31, 32, 56, 57, 26, 19, 61, 30, 62, 9], [38, 35, 46, 37, 15, 33, 34, 39, 41, 12, 43, 40, 47, 11, 42, 44, 45], [58, 48, 50, 54, 52, 59, 51, 53, 55, 60, 63, 68, 81, 64, 65, 66, 73], [67, 71, 72, 79, 74, 69, 75, 78, 76, 77, 85, 84, 80, 82, 87, 86, 83, 88]]
177: [[22, 36, 3, 70, 1, 2, 5, 6, 4, 11, 7, 10, 8, 13, 14, 9, 27], [12, 29, 16, 21, 31, 15, 18, 17, 19, 20, 30, 26, 23, 59, 54], [24, 60, 28, 35, 45, 39, 48, 56, 34, 33, 53, 42, 32, 62, 40, 37, 51, 55, 38], [41, 49, 46, 43, 47, 44, 50, 57, 52, 61, 58, 64, 63, 25, 66, 73, 68, 69, 85], [78, 65, 74, 67, 77, 75, 72, 76, 79, 71, 86, 81, 82, 80, 83, 84, 87, 88]]
