0: [[27, 7, 2, 44, 4, 1, 35, 20], [3, 29, 8, 12, 11, 14, 5, 9, 10, 24], [6, 13, 21], [15, 16, 19, 18], [17, 23, 22, 30, 28], [25, 26, 31, 32, 37], [34, 39, 38, 40], [33, 36, 43, 47, 46, 41, 45, 42, 50], [52, 56], [49, 48, 57], [53, 55], [51, 58, 54, 60, 59]]
1: [[27, 7, 2, 44, 4, 1, 35, 20], [3, 29, 8, 12, 11, 14, 5], [9, 10, 24], [6, 13, 21], [15, 16, 19, 18], [17, 23, 22, 30], [28, 25, 26, 31], [32, 37, 34, 39, 38, 40], [33, 36, 43, 47, 46, 41, 45, 42, 50], [52, 56], [49, 48, 57], [53, 55], [51, 58, 54, 60, 59]]
2: [[27, 7, 2, 44, 4, 1, 35, 20], [3, 29, 8, 12, 11, 14, 5, 9, 10, 24, 6, 13, 21], [15, 16, 19], [18, 17, 23], [22, 30, 28, 25], [26, 31, 32, 37], [34, 39, 38, 40], [33, 36, 43, 47, 46, 41], [45, 42, 50], [52, 56], [49, 48, 57, 53, 55], [51, 58, 54, 60, 59]]
3: [[27, 7, 2, 44, 4, 1, 35], [20, 3, 29], [8, 12, 11], [14, 5, 9, 10], [24, 6, 13, 21], [15, 16, 19, 18], [17, 23, 22, 30, 28], [25, 26, 31, 32, 37, 34], [39, 38, 40, 33], [36, 43], [47, 46, 41, 45], [42, 50, 52, 56], [49, 48, 57, 53, 55], [51, 58, 54, 60, 59]]
4: [[27, 7, 2, 44, 4, 1, 35, 20], [3, 29, 8, 12, 11, 14, 5, 9, 10, 24], [6, 13, 21], [15, 16, 19, 18], [17, 23, 22, 30, 28], [25, 26, 31, 32, 37], [34, 39, 38, 40, 33], [36, 43, 47, 46, 41], [45, 42, 50, 52, 56], [49, 48, 57, 53, 55, 51, 58, 54, 60, 59]]
5: [[27, 7, 2, 44, 4, 1, 35], [20, 3, 29], [8, 12, 11], [14, 5, 9, 10], [24, 6, 13, 21], [15, 16, 19, 18], [17, 23, 22], [30, 28, 25, 26], [31, 32, 37], [34, 39, 38, 40, 33], [36, 43, 47, 46], [41, 45, 42, 50], [52, 56], [49, 48, 57], [53, 55], [51, 58, 54, 60, 59]]
6: [[27, 7, 2, 44, 4, 1, 35, 20], [3, 29, 8, 12, 11, 14, 5, 9, 10, 24], [6, 13, 21, 15, 16], [19, 18, 17], [23, 22, 30, 28], [25, 26, 31, 32, 37], [34, 39, 38, 40, 33], [36, 43, 47, 46, 41], [45, 42, 50], [52, 56, 49, 48, 57, 53, 55, 51], [58, 54, 60, 59]]
7: [[27, 7, 2, 44, 4, 1, 35, 20], [3, 29, 8, 12, 11, 14, 5, 9, 10, 24], [6, 13, 21], [15, 16, 19, 18], [17, 23, 22, 30, 28], [25, 26, 31, 32, 37], [34, 39, 38, 40], [33, 36, 43, 47, 46, 41, 45, 42, 50, 52, 56, 49, 48, 57, 53], [55, 51, 58, 54, 60, 59]]
8: [[27, 7, 2, 44, 4, 1, 35, 20], [3, 29, 8, 12, 11], [14, 5, 9], [10, 24, 6, 13, 21], [15, 16, 19], [18, 17, 23], [22, 30, 28, 25, 26], [31, 32, 37, 34, 39, 38], [40, 33, 36, 43], [47, 46], [41, 45, 42, 50, 52], [56, 49, 48, 57], [53, 55], [51, 58, 54, 60, 59]]
9: [[27, 7, 2, 44, 4, 1, 35, 20], [3, 29, 8, 12, 11, 14, 5, 9, 10, 24], [6, 13, 21], [15, 16, 19], [18, 17, 23], [22, 30, 28, 25, 26], [31, 32, 37], [34, 39, 38, 40, 33], [36, 43, 47, 46, 41], [45, 42, 50, 52, 56], [49, 48, 57, 53, 55, 51, 58, 54, 60, 59]]
10: [[27, 7, 2], [44, 4], [1, 35, 20, 3], [29, 8, 12, 11], [14, 5, 9, 10], [24, 6, 13, 21], [15, 16, 19], [18, 17, 23], [22, 30, 28, 25], [26, 31, 32, 37], [34, 39, 38, 40], [33, 36, 43], [47, 46, 41, 45], [42, 50, 52, 56], [49, 48, 57, 53], [55, 51, 58, 54], [60], [59]]
11: [[27, 7, 2, 44, 4, 1, 35, 20], [3, 29, 8, 12, 11, 14, 5, 9, 10, 24, 6, 13, 21, 15, 16], [19, 18, 17, 23, 22], [30, 28, 25, 26, 31], [32, 37, 34, 39], [38, 40, 33, 36, 43], [47, 46], [41, 45, 42], [50, 52], [56, 49, 48, 57, 53], [55, 51, 58, 54, 60, 59]]
12: [[27, 7, 2, 44, 4, 1, 35, 20], [3, 29, 8, 12, 11, 14, 5, 9, 10, 24, 6, 13, 21, 15, 16], [19, 18, 17, 23, 22], [30, 28, 25, 26, 31], [32, 37, 34, 39], [38, 40, 33, 36, 43], [47, 46], [41, 45, 42], [50, 52], [56, 49, 48, 57, 53], [55, 51, 58, 54, 60, 59]]
13: [[27, 7, 2, 44], [4, 1, 35], [20, 3, 29, 8], [12, 11, 14, 5], [9, 10, 24], [6, 13, 21], [15, 16, 19], [18, 17, 23, 22], [30, 28, 25, 26, 31], [32, 37, 34, 39, 38], [40, 33, 36, 43, 47], [46, 41, 45, 42, 50], [52, 56], [49, 48, 57], [53, 55], [51, 58, 54, 60, 59]]
14: [[27, 7, 2, 44, 4, 1, 35, 20], [3, 29, 8, 12, 11, 14, 5], [9, 10, 24, 6], [13, 21, 15, 16], [19, 18, 17], [23, 22, 30, 28, 25], [26, 31, 32, 37, 34, 39, 38, 40, 33, 36], [43, 47, 46, 41, 45], [42, 50, 52], [56, 49, 48, 57], [53, 55, 51, 58], [54, 60, 59]]
15: [[27, 7, 2], [44, 4, 1, 35], [20, 3], [29, 8, 12, 11], [14, 5, 9], [10, 24], [6, 13, 21, 15], [16, 19, 18, 17], [23, 22, 30, 28], [25, 26], [31, 32, 37], [34, 39, 38, 40, 33], [36, 43, 47, 46, 41], [45, 42, 50, 52, 56], [49, 48, 57, 53, 55], [51, 58, 54, 60, 59]]
16: [[27, 7, 2], [44, 4, 1, 35, 20], [3, 29, 8, 12, 11], [14, 5, 9], [10, 24, 6, 13, 21], [15, 16, 19, 18], [17, 23, 22, 30, 28], [25, 26, 31], [32, 37, 34], [39, 38], [40, 33, 36, 43, 47], [46, 41, 45, 42, 50], [52, 56, 49, 48, 57], [53, 55, 51], [58, 54, 60, 59]]
17: [[27, 7], [2, 44, 4, 1, 35], [20, 3, 29, 8], [12, 11, 14, 5], [9, 10, 24], [6, 13, 21], [15, 16], [19, 18, 17, 23, 22, 30], [28, 25, 26, 31], [32, 37, 34, 39], [38, 40, 33, 36, 43], [47, 46, 41, 45, 42], [50, 52, 56], [49, 48, 57, 53], [55, 51], [58, 54, 60, 59]]
18: [[27, 7, 2, 44], [4, 1, 35], [20, 3, 29, 8], [12, 11, 14], [5, 9, 10, 24], [6, 13, 21, 15], [16, 19, 18, 17], [23, 22, 30], [28, 25, 26, 31], [32, 37, 34, 39], [38, 40, 33, 36], [43, 47, 46, 41], [45, 42, 50, 52, 56], [49, 48, 57, 53, 55], [51, 58, 54, 60, 59]]
19: [[27, 7, 2, 44, 4], [1, 35, 20, 3, 29], [8, 12, 11, 14], [5, 9, 10, 24], [6, 13, 21, 15, 16, 19], [18, 17, 23], [22, 30, 28], [25, 26, 31, 32], [37, 34, 39, 38, 40], [33, 36, 43, 47, 46], [41, 45, 42, 50, 52, 56], [49, 48, 57, 53, 55], [51, 58, 54, 60, 59]]
20: [[27, 7, 2, 44, 4, 1, 35, 20], [3, 29, 8, 12, 11, 14, 5, 9, 10, 24], [6, 13, 21, 15, 16], [19, 18, 17], [23, 22, 30, 28], [25, 26, 31, 32], [37, 34, 39, 38, 40, 33, 36, 43, 47, 46, 41], [45, 42, 50, 52, 56, 49, 48, 57, 53, 55, 51, 58, 54, 60, 59]]
21: [[27, 7, 2, 44, 4, 1, 35, 20], [3, 29, 8, 12, 11, 14, 5, 9, 10, 24], [6, 13, 21], [15, 16, 19], [18, 17, 23], [22, 30, 28, 25, 26], [31, 32, 37], [34, 39], [38, 40, 33, 36, 43], [47, 46, 41, 45, 42, 50, 52, 56, 49, 48, 57, 53, 55, 51, 58, 54, 60, 59]]
22: [[27, 7, 2, 44], [4, 1, 35, 20, 3], [29, 8, 12, 11], [14, 5, 9, 10], [24, 6, 13, 21], [15, 16, 19], [18, 17, 23], [22, 30, 28, 25], [26, 31, 32], [37, 34], [39, 38, 40, 33], [36, 43, 47, 46, 41], [45, 42, 50, 52, 56], [49, 48, 57, 53, 55], [51, 58, 54, 60, 59]]
23: [[27, 7, 2, 44, 4, 1, 35, 20], [3, 29, 8, 12, 11, 14, 5, 9, 10, 24], [6, 13, 21, 15], [16, 19, 18, 17, 23], [22, 30, 28, 25], [26, 31, 32, 37, 34, 39, 38, 40, 33, 36, 43], [47, 46, 41, 45, 42, 50, 52, 56, 49, 48, 57, 53, 55, 51, 58], [54, 60, 59]]
24: [[27, 7, 2, 44], [4, 1, 35, 20, 3], [29, 8, 12, 11, 14], [5, 9, 10, 24], [6, 13, 21, 15, 16], [19, 18, 17], [23, 22, 30, 28, 25], [26, 31, 32], [37, 34], [39, 38, 40, 33], [36, 43, 47, 46, 41], [45, 42, 50, 52, 56], [49, 48, 57, 53, 55], [51, 58, 54, 60, 59]]
25: [[27, 7, 2], [44, 4, 1, 35], [20, 3, 29, 8], [12, 11, 14, 5], [9, 10, 24, 6], [13, 21, 15, 16, 19], [18, 17, 23, 22], [30, 28, 25, 26], [31, 32, 37], [34, 39, 38, 40, 33], [36, 43, 47, 46], [41, 45, 42, 50], [52, 56], [49, 48, 57], [53, 55], [51, 58, 54, 60, 59]]
26: [[27, 7, 2, 44, 4, 1, 35], [20, 3, 29, 8, 12, 11], [14, 5, 9, 10, 24], [6, 13, 21, 15], [16, 19, 18, 17, 23], [22, 30], [28, 25, 26], [31, 32, 37], [34, 39, 38, 40, 33], [36, 43, 47, 46], [41, 45, 42, 50, 52], [56, 49, 48, 57, 53], [55, 51, 58, 54, 60, 59]]
27: [[27, 7, 2], [44, 4, 1], [35, 20, 3], [29, 8, 12, 11], [14, 5, 9], [10, 24], [6, 13, 21, 15], [16, 19, 18, 17], [23, 22, 30, 28], [25, 26, 31, 32], [37, 34, 39, 38, 40], [33, 36, 43, 47, 46], [41, 45, 42, 50, 52], [56, 49, 48, 57], [53, 55, 51, 58, 54], [60], [59]]
28: [[27, 7, 2, 44, 4, 1, 35, 20], [3, 29, 8, 12, 11, 14, 5, 9, 10, 24], [6, 13, 21], [15], [16, 19, 18, 17], [23, 22, 30], [28, 25, 26, 31, 32], [37, 34, 39], [38], [40], [33, 36, 43, 47], [46, 41, 45, 42, 50, 52, 56, 49, 48, 57, 53, 55, 51], [58, 54, 60, 59]]
29: [[27, 7, 2], [44, 4], [1, 35, 20, 3], [29, 8, 12, 11], [14, 5, 9, 10], [24, 6, 13, 21], [15, 16, 19], [18, 17, 23], [22, 30, 28, 25], [26, 31, 32, 37], [34, 39, 38, 40], [33, 36, 43, 47, 46], [41, 45, 42, 50, 52], [56, 49, 48, 57], [53, 55], [51, 58, 54, 60, 59]]
30: [[27, 7, 2, 44, 4, 1, 35, 20], [3, 29, 8, 12, 11], [14, 5, 9, 10, 24], [6, 13, 21, 15], [16, 19, 18, 17, 23, 22], [30, 28, 25, 26, 31], [32, 37, 34, 39, 38, 40], [33, 36, 43, 47], [46, 41, 45, 42], [50, 52, 56], [49, 48, 57, 53, 55, 51, 58], [54, 60, 59]]
31: [[27, 7, 2, 44, 4, 1, 35, 20], [3, 29, 8, 12, 11, 14, 5, 9, 10, 24, 6], [13, 21, 15, 16], [19, 18, 17, 23, 22], [30, 28, 25, 26, 31], [32, 37, 34, 39, 38], [40, 33, 36], [43], [47], [46, 41, 45, 42, 50, 52, 56], [49, 48, 57, 53, 55, 51, 58, 54, 60, 59]]
32: [[27, 7, 2, 44], [4], [1, 35, 20, 3], [29, 8, 12], [11, 14, 5, 9], [10, 24, 6, 13], [21, 15, 16, 19], [18, 17], [23, 22, 30, 28], [25, 26, 31, 32, 37], [34, 39, 38, 40], [33, 36, 43], [47, 46, 41, 45, 42], [50, 52, 56], [49, 48, 57, 53, 55], [51, 58, 54, 60], [59]]
33: [[27, 7, 2, 44, 4], [1, 35, 20, 3, 29], [8, 12, 11, 14], [5, 9, 10, 24], [6, 13, 21, 15], [16, 19, 18], [17, 23, 22], [30, 28, 25, 26, 31], [32, 37, 34, 39, 38], [40, 33, 36, 43], [47, 46, 41, 45, 42], [50, 52, 56], [49, 48, 57, 53, 55], [51, 58, 54, 60], [59]]
34: [[27, 7, 2, 44, 4], [1, 35, 20], [3, 29, 8, 12], [11, 14, 5, 9], [10, 24, 6, 13], [21, 15, 16], [19, 18, 17, 23], [22, 30, 28], [25, 26, 31, 32, 37], [34, 39, 38, 40], [33, 36, 43, 47], [46, 41], [45, 42, 50], [52, 56], [49, 48, 57, 53, 55], [51, 58, 54, 60, 59]]
35: [[27, 7, 2, 44], [4, 1, 35], [20, 3, 29, 8, 12], [11, 14, 5, 9], [10, 24, 6], [13, 21, 15, 16], [19, 18], [17, 23, 22], [30, 28, 25, 26, 31], [32, 37, 34, 39, 38], [40, 33, 36], [43, 47, 46], [41, 45, 42, 50, 52, 56], [49, 48, 57, 53, 55], [51, 58, 54, 60, 59]]
36: [[27, 7, 2], [44], [4, 1, 35, 20], [3, 29, 8], [12, 11, 14, 5], [9, 10, 24, 6], [13, 21, 15], [16, 19, 18, 17], [23, 22, 30], [28], [25, 26], [31, 32, 37], [34, 39], [38, 40, 33, 36, 43], [47, 46, 41, 45, 42], [50, 52, 56], [49, 48, 57, 53, 55], [51, 58, 54, 60, 59]]
37: [[27, 7, 2, 44], [4, 1, 35, 20, 3], [29, 8, 12], [11, 14], [5, 9, 10, 24], [6, 13, 21, 15], [16, 19], [18, 17, 23, 22], [30, 28, 25, 26, 31], [32, 37, 34, 39], [38, 40, 33], [36, 43, 47, 46, 41], [45, 42, 50, 52, 56], [49, 48, 57, 53, 55], [51, 58, 54, 60, 59]]
38: [[27, 7, 2], [44, 4, 1], [35, 20, 3, 29, 8], [12, 11, 14, 5], [9, 10, 24, 6], [13, 21, 15, 16], [19, 18, 17, 23], [22, 30, 28, 25], [26, 31, 32, 37], [34, 39, 38, 40], [33, 36, 43, 47, 46], [41, 45, 42, 50, 52], [56, 49, 48, 57], [53, 55], [51, 58, 54, 60, 59]]
39: [[27, 7], [2, 44, 4, 1, 35], [20, 3], [29, 8, 12, 11], [14, 5, 9, 10, 24], [6, 13, 21, 15], [16, 19, 18, 17, 23], [22, 30, 28, 25, 26], [31, 32, 37], [34, 39, 38, 40, 33], [36, 43, 47, 46, 41], [45, 42, 50, 52], [56, 49, 48, 57, 53], [55, 51, 58, 54, 60, 59]]
40: [[27, 7, 2, 44, 4, 1, 35, 20], [3, 29, 8, 12, 11, 14, 5, 9, 10, 24], [6, 13, 21, 15], [16, 19, 18, 17, 23], [22, 30, 28, 25, 26], [31, 32], [37, 34, 39, 38, 40], [33, 36, 43, 47, 46, 41, 45, 42, 50, 52, 56, 49, 48, 57, 53, 55, 51, 58], [54, 60, 59]]
41: [[27, 7, 2, 44, 4, 1, 35, 20], [3, 29, 8, 12, 11, 14, 5, 9, 10, 24], [6, 13, 21, 15], [16, 19, 18, 17, 23], [22, 30, 28, 25, 26], [31, 32, 37, 34], [39, 38, 40, 33, 36, 43, 47, 46, 41], [45, 42], [50, 52, 56], [49, 48], [57, 53, 55, 51, 58], [54, 60, 59]]
42: [[27, 7, 2], [44, 4, 1, 35], [20, 3, 29, 8], [12, 11, 14, 5, 9], [10, 24, 6, 13, 21], [15, 16, 19, 18, 17], [23, 22, 30, 28, 25], [26, 31, 32, 37, 34, 39, 38, 40, 33, 36, 43, 47, 46, 41], [45, 42, 50, 52, 56, 49, 48, 57, 53, 55, 51, 58, 54, 60, 59]]
43: [[27, 7, 2, 44], [4, 1, 35, 20], [3, 29, 8], [12, 11, 14, 5, 9], [10, 24, 6, 13], [21, 15, 16, 19, 18], [17, 23, 22, 30], [28, 25, 26, 31], [32, 37, 34, 39], [38, 40, 33, 36], [43, 47, 46, 41], [45, 42, 50, 52, 56], [49, 48, 57, 53, 55], [51, 58, 54, 60, 59]]
44: [[27, 7, 2, 44], [4, 1, 35, 20], [3, 29, 8, 12], [11, 14, 5], [9, 10, 24, 6, 13], [21, 15, 16, 19, 18], [17, 23, 22, 30], [28, 25], [26, 31, 32, 37, 34], [39, 38, 40, 33], [36, 43, 47, 46, 41], [45, 42, 50, 52, 56], [49, 48, 57, 53, 55], [51, 58, 54, 60, 59]]
45: [[27, 7, 2, 44, 4, 1, 35, 20], [3, 29, 8, 12, 11, 14, 5, 9, 10, 24], [6, 13, 21], [15], [16, 19, 18, 17], [23, 22, 30], [28, 25, 26], [31, 32, 37, 34, 39], [38, 40, 33, 36], [43, 47, 46, 41], [45, 42], [50, 52, 56], [49, 48], [57, 53, 55, 51, 58], [54, 60, 59]]
46: [[27, 7, 2, 44], [4, 1, 35, 20, 3], [29, 8, 12, 11], [14, 5, 9, 10], [24, 6, 13, 21], [15, 16, 19], [18, 17, 23, 22, 30], [28, 25, 26, 31, 32], [37, 34, 39, 38], [40, 33], [36, 43, 47, 46, 41], [45, 42, 50, 52], [56, 49, 48, 57], [53, 55, 51, 58, 54], [60, 59]]
47: [[27, 7, 2, 44, 4, 1, 35, 20], [3, 29, 8, 12, 11, 14, 5, 9, 10], [24, 6, 13], [21, 15, 16], [19, 18, 17], [23, 22, 30, 28, 25], [26, 31, 32], [37, 34], [39, 38, 40, 33, 36], [43, 47, 46, 41, 45], [42, 50, 52], [56, 49, 48, 57], [53, 55], [51, 58, 54, 60, 59]]
48: [[27, 7, 2], [44, 4], [1, 35, 20], [3, 29, 8, 12], [11, 14, 5, 9], [10, 24, 6], [13, 21, 15, 16], [19, 18, 17], [23, 22, 30, 28], [25, 26, 31, 32], [37, 34, 39], [38, 40, 33, 36], [43, 47, 46, 41], [45, 42, 50, 52], [56, 49, 48, 57], [53, 55], [51, 58, 54], [60, 59]]
49: [[27, 7, 2, 44], [4, 1, 35, 20, 3], [29, 8, 12, 11], [14, 5, 9, 10, 24], [6, 13, 21, 15], [16, 19, 18, 17, 23], [22, 30, 28, 25, 26], [31, 32, 37, 34, 39], [38, 40, 33, 36, 43], [47, 46, 41, 45], [42, 50], [52, 56], [49, 48, 57, 53, 55, 51, 58, 54, 60, 59]]
50: [[27, 7, 2, 44, 4, 1, 35, 20], [3, 29, 8, 12], [11, 14, 5, 9, 10], [24, 6, 13, 21, 15], [16, 19, 18, 17, 23], [22, 30, 28], [25, 26, 31, 32, 37], [34, 39, 38, 40], [33], [36], [43, 47, 46, 41, 45, 42, 50, 52, 56, 49, 48, 57, 53, 55, 51, 58, 54, 60, 59]]
51: [[27, 7, 2, 44], [4, 1, 35, 20, 3], [29, 8, 12, 11, 14], [5, 9, 10, 24], [6, 13, 21, 15], [16, 19, 18, 17], [23, 22, 30, 28], [25, 26, 31, 32, 37], [34, 39, 38, 40, 33], [36, 43, 47, 46, 41], [45, 42, 50, 52, 56, 49, 48, 57, 53, 55, 51, 58, 54, 60, 59]]
52: [[27, 7, 2, 44], [4, 1, 35, 20], [3, 29, 8, 12], [11, 14, 5], [9, 10, 24, 6], [13], [21, 15], [16, 19, 18, 17], [23, 22, 30, 28], [25, 26], [31, 32, 37, 34], [39, 38], [40, 33, 36, 43], [47, 46, 41], [45, 42, 50, 52, 56], [49, 48, 57, 53, 55], [51, 58, 54, 60, 59]]
53: [[27, 7, 2, 44, 4, 1, 35, 20], [3, 29, 8, 12, 11, 14, 5, 9, 10, 24], [6, 13, 21], [15], [16, 19, 18, 17], [23, 22, 30], [28, 25, 26, 31], [32, 37, 34, 39], [38, 40, 33], [36, 43, 47, 46, 41], [45, 42, 50, 52, 56], [49, 48], [57, 53, 55, 51, 58], [54, 60, 59]]
54: [[27, 7, 2], [44, 4, 1, 35], [20, 3, 29, 8], [12, 11, 14, 5], [9, 10, 24, 6, 13], [21, 15, 16, 19, 18], [17, 23, 22, 30, 28], [25, 26, 31, 32], [37, 34, 39, 38, 40], [33, 36, 43, 47], [46, 41, 45], [42, 50], [52, 56, 49, 48, 57], [53, 55, 51, 58, 54, 60, 59]]
55: [[27, 7, 2], [44, 4, 1, 35], [20, 3, 29], [8, 12, 11, 14, 5], [9, 10, 24, 6, 13], [21, 15, 16, 19], [18, 17, 23], [22, 30, 28, 25, 26], [31, 32, 37, 34], [39, 38, 40, 33], [36, 43, 47, 46], [41, 45, 42], [50, 52, 56], [49, 48, 57, 53, 55], [51, 58, 54, 60], [59]]
56: [[27, 7], [2, 44, 4], [1, 35, 20, 3, 29], [8, 12, 11, 14], [5, 9, 10, 24], [6, 13, 21, 15], [16, 19, 18, 17, 23], [22, 30, 28, 25, 26], [31, 32, 37, 34, 39], [38, 40, 33, 36], [43, 47, 46, 41, 45], [42, 50, 52, 56], [49, 48, 57], [53, 55], [51, 58, 54, 60, 59]]
57: [[27, 7, 2], [44, 4], [1, 35, 20, 3, 29], [8, 12, 11, 14, 5], [9, 10, 24, 6], [13, 21, 15, 16, 19], [18, 17, 23], [22, 30, 28, 25, 26], [31, 32, 37, 34], [39, 38, 40, 33], [36, 43, 47, 46], [41, 45, 42, 50, 52], [56, 49, 48, 57, 53], [55, 51, 58, 54, 60, 59]]
58: [[27, 7, 2, 44], [4, 1, 35, 20, 3], [29, 8, 12, 11, 14], [5, 9, 10, 24, 6], [13, 21, 15, 16], [19, 18, 17, 23, 22, 30], [28, 25, 26, 31, 32], [37, 34, 39, 38, 40], [33, 36, 43, 47], [46, 41, 45, 42], [50, 52, 56], [49, 48, 57, 53, 55, 51, 58], [54, 60, 59]]
59: [[27, 7, 2, 44], [4, 1, 35, 20, 3], [29, 8, 12, 11, 14], [5, 9, 10, 24, 6], [13, 21, 15, 16], [19, 18, 17, 23, 22, 30], [28, 25, 26, 31, 32], [37, 34, 39, 38, 40], [33, 36, 43, 47], [46, 41, 45, 42], [50, 52, 56], [49, 48, 57, 53, 55, 51, 58], [54, 60, 59]]
60: [[27, 7, 2, 44], [4, 1, 35, 20], [3, 29, 8, 12], [11, 14, 5, 9], [10, 24, 6], [13, 21, 15], [16, 19, 18], [17, 23, 22, 30], [28, 25, 26, 31], [32, 37, 34, 39], [38, 40, 33, 36, 43], [47, 46, 41], [45, 42, 50, 52], [56, 49, 48, 57], [53, 55], [51, 58, 54, 60, 59]]
61: [[27, 7, 2, 44, 4, 1, 35, 20], [3, 29, 8], [12, 11, 14, 5, 9], [10, 24, 6, 13, 21, 15], [16, 19, 18, 17], [23, 22, 30, 28, 25, 26, 31, 32, 37, 34], [39, 38, 40, 33, 36], [43, 47, 46, 41], [45, 42], [50, 52, 56, 49, 48], [57, 53, 55, 51, 58, 54, 60, 59]]
62: [[27, 7, 2, 44, 4, 1, 35], [20, 3, 29, 8, 12, 11], [14, 5, 9, 10, 24], [6, 13, 21, 15], [16, 19, 18, 17, 23, 22, 30, 28, 25], [26, 31, 32, 37, 34, 39, 38, 40, 33, 36, 43], [47, 46, 41, 45, 42, 50, 52, 56, 49, 48], [57, 53, 55, 51, 58, 54, 60, 59]]
63: [[27, 7, 2, 44, 4, 1, 35, 20, 3], [29, 8, 12, 11, 14, 5], [9, 10, 24], [6], [13, 21, 15, 16], [19, 18, 17], [23, 22, 30, 28], [25, 26, 31, 32, 37], [34, 39, 38, 40, 33], [36, 43, 47, 46, 41, 45, 42, 50, 52, 56, 49, 48, 57, 53, 55, 51, 58, 54, 60, 59]]
64: [[27, 7, 2, 44], [4, 1, 35], [20, 3, 29, 8], [12, 11, 14, 5], [9, 10, 24, 6], [13, 21, 15, 16], [19, 18, 17, 23], [22, 30, 28, 25], [26, 31], [32, 37, 34, 39], [38, 40, 33, 36], [43, 47, 46], [41, 45, 42, 50, 52], [56, 49, 48, 57, 53, 55, 51, 58, 54, 60, 59]]
65: [[27, 7, 2, 44, 4, 1, 35], [20, 3, 29, 8, 12, 11], [14, 5, 9, 10, 24], [6, 13, 21, 15], [16, 19, 18, 17, 23, 22], [30, 28], [25, 26, 31], [32, 37], [34, 39, 38, 40, 33], [36, 43, 47, 46, 41, 45, 42, 50, 52, 56, 49, 48, 57, 53, 55, 51, 58, 54, 60, 59]]
66: [[27], [7, 2, 44, 4, 1, 35, 20, 3, 29, 8, 12, 11, 14, 5, 9, 10, 24], [6, 13, 21], [15, 16, 19, 18, 17, 23, 22, 30, 28, 25], [26, 31, 32, 37, 34, 39, 38, 40, 33, 36, 43, 47, 46, 41, 45, 42, 50, 52, 56, 49, 48, 57, 53, 55, 51, 58, 54, 60, 59]]
67: [[27, 7, 2, 44, 4, 1, 35, 20], [3, 29, 8, 12, 11, 14, 5], [9, 10, 24], [6, 13, 21, 15, 16], [19, 18, 17, 23, 22], [30, 28, 25, 26, 31], [32, 37, 34, 39, 38], [40, 33, 36, 43, 47, 46, 41, 45, 42, 50, 52, 56, 49, 48, 57, 53, 55, 51, 58, 54, 60, 59]]
68: [[27, 7, 2], [44], [4, 1], [35, 20, 3, 29], [8, 12, 11, 14], [5, 9], [10, 24, 6, 13], [21, 15, 16, 19], [18, 17, 23, 22], [30, 28, 25, 26], [31, 32, 37, 34], [39, 38, 40, 33], [36, 43], [47, 46, 41, 45], [42, 50, 52, 56], [49, 48, 57, 53, 55], [51, 58, 54, 60, 59]]
69: [[27, 7, 2, 44, 4, 1, 35, 20], [3, 29, 8, 12, 11], [14, 5, 9, 10, 24, 6, 13, 21, 15, 16, 19, 18, 17, 23, 22], [30, 28, 25, 26, 31], [32, 37, 34, 39], [38, 40, 33, 36, 43], [47, 46], [41, 45, 42], [50, 52, 56, 49, 48], [57, 53, 55, 51], [58], [54], [60, 59]]
70: [[27, 7, 2, 44], [4, 1, 35], [20, 3, 29], [8, 12], [11, 14, 5, 9], [10, 24, 6, 13], [21, 15, 16, 19], [18, 17, 23, 22], [30, 28], [25, 26, 31, 32], [37, 34, 39, 38], [40, 33, 36], [43, 47, 46, 41], [45, 42, 50, 52, 56], [49, 48, 57, 53, 55], [51, 58, 54, 60, 59]]
71: [[27, 7, 2, 44], [4, 1, 35], [20, 3, 29, 8, 12], [11, 14, 5], [9, 10, 24, 6, 13], [21, 15, 16, 19, 18], [17, 23, 22, 30], [28, 25, 26, 31, 32], [37, 34], [39, 38, 40, 33], [36, 43, 47], [46, 41, 45, 42, 50], [52, 56, 49, 48, 57, 53], [55, 51, 58, 54, 60, 59]]
72: [[27, 7, 2, 44, 4, 1, 35, 20], [3, 29, 8, 12, 11, 14, 5, 9], [10, 24, 6], [13, 21, 15], [16, 19, 18, 17], [23, 22, 30, 28, 25, 26, 31, 32], [37, 34, 39, 38, 40, 33], [36, 43, 47, 46, 41, 45], [42, 50, 52, 56, 49, 48, 57, 53, 55, 51, 58, 54, 60, 59]]
73: [[27, 7, 2, 44, 4, 1, 35, 20, 3], [29, 8, 12, 11, 14, 5], [9, 10, 24], [6], [13, 21, 15, 16], [19, 18, 17], [23, 22, 30, 28, 25], [26, 31, 32, 37, 34], [39, 38, 40, 33, 36, 43, 47, 46, 41, 45, 42, 50, 52, 56, 49, 48, 57], [53, 55, 51, 58, 54, 60, 59]]
74: [[27, 7, 2, 44], [4, 1, 35, 20], [3, 29, 8, 12], [11, 14, 5, 9, 10], [24, 6, 13], [21, 15, 16, 19, 18], [17, 23, 22], [30, 28, 25, 26, 31], [32, 37, 34, 39, 38], [40, 33, 36, 43], [47, 46], [41, 45, 42, 50, 52], [56, 49, 48, 57], [53, 55, 51, 58, 54], [60, 59]]
75: [[27, 7, 2, 44], [4, 1, 35, 20], [3, 29, 8, 12, 11], [14, 5, 9, 10, 24], [6, 13, 21, 15], [16, 19, 18, 17, 23], [22, 30, 28, 25], [26, 31, 32, 37, 34], [39, 38, 40, 33, 36], [43, 47, 46, 41, 45], [42, 50, 52], [56, 49], [48, 57, 53, 55, 51], [58, 54, 60, 59]]
76: [[27, 7, 2], [44, 4, 1, 35], [20, 3, 29], [8, 12, 11, 14], [5, 9, 10, 24], [6, 13, 21, 15], [16, 19, 18, 17, 23], [22, 30, 28, 25, 26], [31, 32, 37, 34, 39], [38, 40, 33, 36, 43], [47, 46, 41, 45, 42, 50, 52, 56, 49, 48, 57, 53, 55, 51, 58, 54, 60, 59]]
77: [[27, 7, 2, 44], [4, 1, 35], [20, 3, 29], [8, 12, 11, 14], [5, 9, 10, 24, 6], [13, 21, 15, 16, 19], [18, 17, 23, 22], [30, 28, 25, 26, 31], [32, 37, 34], [39, 38, 40, 33, 36], [43, 47, 46, 41], [45], [42, 50, 52, 56, 49, 48, 57, 53, 55, 51], [58, 54, 60, 59]]
78: [[27, 7, 2, 44, 4, 1, 35, 20], [3, 29, 8, 12, 11, 14, 5], [9, 10, 24, 6], [13, 21, 15, 16, 19], [18, 17, 23, 22, 30], [28, 25, 26, 31], [32, 37, 34, 39], [38, 40, 33], [36, 43, 47, 46, 41], [45, 42, 50, 52, 56], [49, 48], [57, 53, 55, 51, 58], [54, 60, 59]]
79: [[27, 7, 2], [44, 4], [1, 35, 20, 3], [29, 8, 12, 11, 14], [5, 9, 10, 24, 6], [13, 21, 15, 16, 19], [18, 17, 23, 22, 30], [28, 25, 26, 31, 32], [37, 34, 39, 38, 40, 33, 36, 43, 47, 46, 41, 45, 42], [50, 52, 56, 49, 48, 57, 53, 55, 51, 58, 54, 60, 59]]
80: [[27, 7, 2], [44, 4, 1, 35], [20, 3, 29, 8], [12, 11, 14, 5], [9, 10, 24, 6], [13, 21, 15, 16], [19, 18, 17], [23, 22, 30, 28], [25, 26, 31, 32], [37, 34], [39, 38, 40], [33, 36], [43, 47, 46, 41], [45, 42, 50, 52], [56, 49, 48], [57, 53, 55, 51], [58], [54], [60, 59]]
81: [[27, 7, 2, 44], [4, 1], [35, 20, 3, 29], [8], [12], [11, 14, 5, 9, 10, 24, 6, 13, 21, 15, 16, 19], [18, 17, 23, 22, 30, 28, 25, 26, 31, 32, 37, 34, 39, 38], [40, 33, 36, 43, 47], [46, 41, 45, 42, 50, 52, 56, 49, 48, 57, 53, 55, 51, 58, 54, 60, 59]]
82: [[27, 7, 2], [44, 4, 1, 35, 20], [3, 29, 8, 12], [11, 14, 5, 9, 10], [24, 6], [13, 21, 15], [16, 19, 18], [17, 23, 22, 30, 28], [25, 26, 31, 32, 37, 34, 39, 38], [40, 33, 36, 43, 47, 46], [41, 45, 42, 50, 52, 56], [49, 48, 57, 53, 55, 51, 58, 54, 60, 59]]
83: [[27, 7], [2, 44, 4, 1, 35], [20, 3, 29, 8, 12], [11, 14, 5, 9], [10, 24, 6, 13, 21], [15, 16, 19], [18, 17, 23, 22], [30, 28, 25], [26, 31], [32, 37, 34, 39], [38, 40, 33, 36, 43], [47, 46, 41, 45, 42], [50, 52, 56, 49, 48], [57, 53, 55, 51, 58], [54, 60, 59]]
84: [[27, 7, 2, 44], [4, 1, 35], [20, 3, 29, 8], [12, 11, 14], [5, 9, 10, 24], [6, 13, 21, 15], [16, 19, 18, 17, 23], [22, 30, 28, 25, 26, 31, 32, 37, 34, 39, 38, 40, 33, 36, 43], [47, 46, 41, 45, 42, 50, 52, 56, 49, 48, 57, 53, 55, 51, 58, 54, 60, 59]]
85: [[27, 7, 2], [44, 4, 1], [35, 20, 3], [29, 8, 12, 11], [14, 5, 9, 10], [24, 6, 13, 21], [15, 16, 19], [18, 17, 23], [22, 30, 28, 25], [26, 31, 32, 37], [34, 39, 38, 40], [33, 36, 43, 47, 46], [41, 45, 42, 50, 52, 56], [49, 48], [57, 53, 55, 51, 58, 54, 60, 59]]
86: [[27, 7, 2, 44], [4], [1, 35], [20, 3], [29, 8, 12, 11, 14], [5, 9, 10, 24, 6], [13, 21, 15, 16, 19, 18, 17, 23, 22, 30, 28, 25, 26, 31, 32, 37, 34, 39, 38, 40, 33, 36, 43, 47, 46, 41, 45, 42, 50], [52, 56, 49, 48, 57, 53, 55, 51, 58, 54, 60, 59]]
87: [[27, 7, 2], [44], [4, 1], [35, 20, 3, 29], [8, 12, 11], [14, 5], [9, 10, 24, 6], [13, 21, 15, 16], [19, 18, 17, 23], [22, 30, 28, 25, 26], [31, 32, 37], [34, 39, 38, 40, 33], [36, 43, 47], [46, 41, 45, 42, 50, 52, 56, 49, 48, 57], [53, 55, 51, 58, 54, 60, 59]]
88: [[27, 7, 2, 44, 4], [1, 35, 20, 3, 29], [8, 12, 11, 14, 5, 9, 10, 24, 6, 13, 21, 15, 16, 19], [18, 17, 23, 22, 30, 28, 25, 26, 31, 32, 37, 34, 39, 38, 40, 33, 36, 43, 47, 46, 41, 45, 42, 50, 52, 56, 49, 48, 57, 53, 55, 51, 58, 54, 60, 59]]
89: [[27, 7, 2, 44], [4, 1, 35], [20, 3, 29, 8], [12, 11, 14, 5], [9, 10, 24, 6], [13, 21, 15], [16, 19, 18, 17], [23, 22, 30, 28], [25, 26, 31, 32], [37, 34, 39, 38, 40], [33, 36, 43, 47], [46, 41, 45, 42, 50], [52, 56, 49, 48], [57, 53, 55], [51, 58, 54, 60, 59]]
90: [[27, 7, 2], [44, 4, 1, 35], [20, 3, 29, 8], [12, 11], [14, 5, 9, 10, 24], [6, 13, 21, 15], [16, 19, 18, 17, 23, 22, 30, 28, 25, 26, 31, 32, 37], [34, 39, 38, 40, 33, 36, 43, 47, 46, 41, 45, 42, 50, 52, 56, 49, 48, 57, 53, 55, 51, 58, 54, 60, 59]]
91: [[27, 7, 2, 44], [4, 1, 35, 20, 3], [29, 8, 12, 11, 14], [5, 9, 10, 24], [6, 13, 21, 15], [16, 19, 18, 17, 23], [22, 30, 28, 25, 26], [31, 32, 37, 34], [39, 38, 40, 33], [36, 43], [47, 46, 41], [45, 42], [50, 52, 56, 49, 48], [57, 53, 55, 51, 58, 54, 60, 59]]
92: [[27, 7, 2], [44], [4, 1], [35, 20, 3, 29], [8, 12, 11, 14], [5, 9, 10, 24], [6, 13, 21, 15], [16, 19, 18, 17], [23, 22, 30, 28, 25], [26, 31, 32, 37, 34], [39, 38, 40, 33, 36, 43, 47, 46], [41, 45], [42, 50, 52, 56, 49], [48, 57, 53, 55, 51, 58], [54, 60, 59]]
93: [[27, 7, 2, 44], [4, 1, 35, 20, 3], [29, 8, 12, 11], [14, 5, 9], [10, 24, 6, 13, 21, 15, 16, 19, 18, 17, 23, 22, 30, 28, 25, 26, 31, 32, 37, 34, 39, 38, 40, 33, 36, 43, 47, 46, 41, 45, 42, 50, 52, 56, 49, 48, 57, 53, 55, 51, 58, 54, 60, 59]]
94: [[27, 7, 2, 44], [4, 1, 35, 20], [3, 29, 8, 12, 11], [14, 5, 9, 10, 24], [6, 13, 21, 15, 16], [19, 18, 17, 23, 22], [30, 28, 25, 26, 31], [32, 37, 34, 39, 38, 40, 33, 36, 43, 47, 46, 41, 45, 42, 50, 52, 56, 49, 48, 57, 53, 55, 51, 58, 54, 60, 59]]
95: [[27, 7, 2, 44, 4, 1, 35, 20, 3, 29, 8, 12, 11], [14, 5, 9, 10, 24], [6, 13, 21, 15, 16, 19, 18, 17, 23, 22, 30, 28, 25, 26, 31, 32, 37, 34, 39, 38, 40, 33, 36, 43, 47, 46, 41, 45, 42, 50, 52, 56, 49, 48, 57, 53, 55, 51, 58, 54, 60, 59]]
96: [[27, 7, 2, 44], [4, 1, 35, 20, 3, 29], [8, 12, 11, 14, 5], [9, 10, 24, 6, 13], [21, 15], [16, 19, 18], [17, 23, 22], [30, 28, 25, 26, 31], [32, 37, 34, 39, 38, 40, 33, 36], [43, 47, 46, 41, 45, 42], [50, 52, 56, 49, 48, 57], [53, 55, 51, 58, 54, 60, 59]]
97: [[27, 7, 2, 44], [4, 1, 35, 20], [3, 29, 8], [12, 11], [14, 5, 9], [10, 24, 6], [13, 21, 15, 16], [19, 18, 17, 23, 22, 30], [28, 25, 26, 31, 32, 37, 34, 39, 38, 40, 33], [36, 43, 47], [46, 41, 45, 42, 50, 52, 56, 49, 48, 57, 53, 55], [51, 58, 54, 60, 59]]
98: [[27, 7, 2, 44, 4, 1, 35, 20], [3, 29, 8, 12, 11], [14, 5, 9, 10], [24, 6], [13, 21, 15, 16, 19], [18, 17, 23, 22], [30, 28, 25, 26, 31], [32, 37, 34, 39, 38], [40, 33, 36, 43, 47, 46, 41, 45, 42, 50, 52, 56, 49, 48, 57, 53, 55, 51, 58, 54, 60, 59]]
99: [[27, 7, 2, 44], [4, 1, 35, 20, 3, 29], [8, 12, 11, 14, 5], [9, 10, 24, 6, 13, 21, 15, 16, 19, 18, 17, 23, 22, 30, 28, 25, 26, 31, 32, 37, 34, 39, 38, 40, 33, 36, 43, 47, 46, 41, 45, 42, 50, 52, 56, 49, 48, 57, 53, 55, 51, 58, 54, 60, 59]]
100: [[27, 7, 2, 44], [4, 1, 35], [20, 3, 29, 8], [12, 11, 14, 5], [9, 10, 24], [6, 13], [21, 15, 16], [19, 18, 17], [23, 22], [30, 28, 25, 26], [31, 32], [37, 34, 39, 38], [40, 33, 36, 43, 47], [46, 41, 45, 42, 50], [52, 56, 49, 48, 57], [53, 55, 51, 58, 54], [60, 59]]
101: [[27, 7, 2, 44], [4, 1, 35, 20], [3, 29, 8, 12], [11, 14, 5], [9, 10, 24, 6], [13, 21, 15], [16, 19, 18, 17], [23, 22, 30], [28, 25], [26, 31, 32], [37, 34], [39, 38, 40, 33, 36], [43, 47, 46, 41, 45, 42, 50, 52, 56, 49, 48, 57, 53, 55, 51, 58, 54, 60, 59]]
102: [[27, 7, 2, 44], [4, 1, 35], [20, 3, 29, 8], [12, 11, 14], [5, 9, 10, 24], [6, 13, 21, 15], [16, 19, 18], [17, 23, 22, 30], [28, 25, 26, 31], [32, 37, 34, 39, 38], [40, 33, 36, 43, 47], [46, 41, 45, 42], [50, 52, 56, 49], [48, 57], [53, 55, 51], [58, 54], [60, 59]]
103: [[27, 7, 2, 44], [4, 1], [35, 20, 3, 29, 8], [12, 11, 14, 5, 9, 10, 24, 6, 13], [21, 15, 16, 19, 18, 17, 23, 22, 30, 28, 25], [26, 31, 32, 37, 34, 39, 38, 40, 33, 36], [43, 47, 46, 41, 45, 42, 50, 52, 56, 49, 48, 57, 53, 55, 51], [58, 54, 60, 59]]
104: [[27, 7, 2, 44], [4, 1, 35, 20], [3, 29, 8, 12], [11, 14, 5], [9, 10, 24, 6], [13, 21, 15, 16], [19, 18, 17, 23, 22], [30, 28, 25, 26, 31, 32, 37, 34, 39, 38, 40, 33, 36, 43, 47, 46, 41, 45, 42, 50, 52, 56, 49, 48, 57, 53, 55, 51, 58, 54, 60, 59]]
105: [[27, 7, 2, 44], [4, 1, 35, 20], [3, 29], [8, 12, 11, 14], [5, 9, 10, 24], [6, 13, 21, 15], [16, 19, 18, 17], [23, 22, 30], [28, 25, 26], [31, 32, 37, 34], [39, 38, 40, 33], [36, 43], [47, 46, 41, 45], [42, 50, 52, 56, 49], [48, 57, 53, 55], [51, 58, 54, 60, 59]]
106: [[27, 7, 2, 44], [4, 1], [35, 20, 3], [29, 8], [12, 11, 14, 5, 9], [10, 24, 6, 13, 21, 15, 16, 19, 18, 17, 23, 22, 30, 28, 25, 26, 31, 32, 37, 34, 39, 38, 40, 33, 36, 43, 47, 46, 41, 45, 42, 50, 52, 56, 49, 48, 57, 53, 55, 51, 58, 54, 60, 59]]
107: [[27, 7, 2, 44], [4, 1, 35], [20, 3, 29], [8, 12, 11, 14], [5, 9, 10, 24], [6, 13, 21, 15], [16, 19, 18], [17, 23, 22, 30], [28, 25, 26, 31], [32, 37, 34, 39], [38, 40, 33], [36, 43, 47, 46, 41], [45, 42, 50, 52, 56], [49, 48], [57, 53, 55, 51, 58], [54, 60, 59]]
108: [[27, 7, 2, 44], [4], [1, 35], [20, 3], [29, 8, 12, 11, 14], [5, 9, 10, 24, 6], [13, 21, 15, 16, 19], [18, 17, 23, 22, 30], [28, 25, 26, 31, 32, 37, 34, 39, 38, 40, 33, 36, 43, 47, 46, 41, 45, 42, 50, 52, 56, 49, 48, 57, 53, 55, 51, 58, 54, 60, 59]]
109: [[27, 7, 2, 44, 4], [1, 35, 20, 3], [29], [8, 12, 11, 14, 5, 9, 10, 24, 6, 13, 21, 15, 16, 19, 18, 17, 23, 22, 30, 28, 25, 26, 31, 32, 37, 34, 39, 38, 40, 33, 36, 43, 47, 46, 41, 45, 42, 50, 52, 56, 49, 48, 57, 53, 55, 51, 58, 54, 60, 59]]
110: [[27, 7, 2, 44, 4], [1, 35, 20, 3, 29], [8, 12, 11, 14], [5, 9, 10, 24, 6], [13, 21, 15], [16, 19, 18, 17, 23], [22, 30, 28, 25], [26], [31, 32, 37, 34, 39, 38, 40, 33, 36, 43, 47, 46, 41, 45, 42, 50, 52, 56, 49, 48, 57, 53, 55, 51, 58, 54, 60, 59]]
111: [[27, 7, 2, 44, 4, 1, 35], [20, 3, 29, 8], [12, 11, 14, 5], [9, 10, 24, 6, 13], [21, 15], [16, 19, 18, 17, 23, 22, 30, 28, 25, 26, 31, 32, 37, 34, 39, 38, 40, 33, 36, 43, 47, 46, 41, 45, 42, 50, 52, 56, 49, 48, 57, 53, 55, 51, 58, 54, 60, 59]]
112: [[27, 7, 2, 44, 4], [1, 35, 20, 3, 29], [8, 12, 11, 14, 5], [9, 10, 24, 6, 13], [21, 15, 16, 19], [18, 17, 23, 22], [30, 28], [25, 26, 31], [32, 37], [34, 39, 38, 40, 33], [36, 43, 47, 46, 41, 45], [42, 50, 52, 56, 49, 48, 57, 53, 55, 51, 58, 54, 60, 59]]
113: [[27, 7, 2, 44, 4], [1, 35, 20, 3, 29], [8, 12, 11, 14, 5], [9, 10, 24, 6, 13], [21, 15, 16, 19, 18, 17, 23, 22, 30, 28, 25, 26, 31, 32, 37, 34, 39, 38, 40, 33, 36, 43, 47, 46, 41, 45, 42, 50, 52, 56, 49, 48, 57, 53, 55, 51, 58, 54, 60, 59]]
114: [[27, 7, 2, 44], [4, 1, 35, 20], [3, 29, 8], [12, 11], [14, 5, 9], [10], [24, 6, 13, 21, 15, 16, 19, 18, 17, 23, 22, 30, 28, 25, 26, 31, 32, 37, 34, 39, 38, 40, 33, 36, 43, 47, 46, 41, 45, 42, 50, 52, 56, 49, 48, 57, 53, 55, 51, 58, 54, 60, 59]]
115: [[27, 7, 2, 44, 4], [1, 35], [20, 3, 29], [8, 12], [11, 14, 5, 9, 10], [24, 6, 13, 21, 15, 16, 19, 18, 17, 23, 22, 30, 28, 25, 26], [31, 32, 37, 34, 39, 38, 40, 33, 36, 43, 47, 46, 41, 45, 42, 50, 52, 56, 49, 48, 57, 53, 55, 51, 58, 54, 60, 59]]
116: [[27, 7, 2], [44, 4, 1, 35], [20, 3, 29], [8, 12], [11, 14, 5, 9], [10], [24, 6], [13, 21], [15, 16, 19, 18], [17, 23], [22, 30, 28, 25], [26, 31, 32], [37, 34, 39, 38], [40, 33, 36, 43], [47, 46], [41, 45, 42, 50], [52, 56, 49, 48], [57, 53, 55], [51, 58, 54, 60, 59]]
117: [[27, 7, 2, 44, 4], [1, 35, 20, 3], [29, 8], [12, 11, 14, 5, 9], [10, 24, 6, 13], [21, 15, 16, 19], [18, 17, 23, 22, 30], [28, 25], [26, 31, 32, 37, 34, 39, 38, 40, 33, 36, 43, 47, 46, 41, 45, 42, 50, 52, 56, 49, 48, 57, 53, 55, 51, 58, 54, 60, 59]]
118: [[27, 7, 2, 44], [4, 1, 35, 20], [3, 29, 8, 12], [11, 14, 5, 9, 10], [24, 6], [13, 21, 15], [16, 19], [18, 17, 23, 22, 30], [28, 25, 26, 31, 32, 37], [34, 39, 38, 40, 33, 36, 43, 47, 46, 41, 45, 42, 50, 52, 56, 49, 48, 57, 53, 55, 51, 58, 54, 60, 59]]
119: [[27, 7, 2, 44], [4, 1, 35], [20], [3, 29], [8, 12], [11, 14, 5, 9], [10, 24, 6, 13], [21, 15, 16], [19, 18, 17], [23, 22, 30], [28, 25, 26, 31], [32, 37], [34, 39, 38], [40, 33, 36], [43, 47, 46, 41], [45, 42, 50, 52], [56, 49, 48], [57, 53, 55, 51], [58, 54], [60, 59]]
