0: [[13, 23, 36, 43, 11, 7, 1, 4, 70, 2, 29, 5, 12, 15, 16, 24, 31, 14, 28, 22, 17, 25], [8, 50, 9, 10, 21, 18, 19, 3, 6, 20, 59, 26, 27, 30, 40, 58, 39, 44, 33, 34, 32, 45], [37, 35, 46, 38, 57, 42, 63, 41, 47, 48, 55, 49, 53, 51, 62, 54, 52, 56, 61, 60, 64, 66], [71, 75, 65, 67, 68, 76, 69, 73, 72, 79, 74, 80, 77, 83, 78, 84, 81, 82, 85, 86, 87, 88]]
1: [[13, 23, 36, 43, 11, 7, 1, 4, 70, 2, 29, 5, 12, 15, 16, 24, 31, 14, 28, 22, 17, 25], [8, 50, 9, 10, 21, 18, 19, 3, 6, 20, 59, 26, 27, 30, 40, 58, 39, 44, 33, 34, 32, 45], [37, 35, 46, 38, 57, 42, 63, 41, 47, 48, 55, 49, 53, 51, 62, 54, 52, 56, 61, 60, 64, 66], [71, 75, 65, 67, 68, 76, 69, 73, 72, 79, 74, 80, 77, 83, 78, 84, 81, 82, 85, 86, 87, 88]]
2: [[13, 23, 36, 43, 11, 7, 1, 4, 70, 2, 29, 5, 12, 15, 16, 24, 31, 14, 28, 22, 17, 25], [8, 50, 9, 10, 21, 18, 19, 3, 6, 20, 59, 26, 27, 30, 40, 58, 39, 44, 33, 34, 32, 45], [37, 35, 46, 38, 57, 42, 63, 41, 47, 48, 55, 49, 53, 51, 62, 54, 52, 56, 61, 60, 64, 66], [71, 75, 65, 67, 68, 76, 69, 73, 72, 79, 74, 80, 77, 83, 78, 84, 81, 82, 85, 86, 87, 88]]
3: [[13, 23, 36, 43, 11, 7, 1, 4, 70, 2, 29, 5, 12, 15, 16, 24, 31, 14, 28, 22, 17, 25], [8, 50, 9, 10, 21, 18, 19, 3, 6, 20, 59, 26, 27, 30, 40, 58, 39, 44, 33, 34, 32, 45], [37, 35, 46, 38, 57, 42, 63, 41, 47, 48, 55, 49, 53, 51, 62, 54, 52, 56, 61, 60, 64, 66], [71, 75, 65, 67, 68, 76, 69, 73, 72, 79, 74, 80, 77, 83, 78, 84, 81, 82, 85, 86, 87, 88]]
4: [[13, 23, 36, 43, 11, 7, 1, 4, 70, 2, 29, 5, 12, 15, 16, 24, 31, 14, 28, 22, 17, 25], [8, 50, 9, 10, 21, 18, 19, 3, 6, 20, 59, 26, 27, 30, 40, 58, 39, 44, 33, 34, 32, 45], [37, 35, 46, 38, 57, 42, 63, 41, 47, 48, 55, 49, 53, 51, 62, 54, 52, 56, 61, 60, 64, 66], [71, 75, 65, 67, 68, 76, 69, 73, 72, 79, 74, 80, 77, 83, 78, 84, 81, 82, 85, 86, 87, 88]]
5: [[13, 23, 36, 43, 11, 7, 1, 4, 70, 2, 29, 5, 12, 15, 16, 24, 31, 14, 28, 22, 17, 25], [8, 50, 9, 10, 21, 18, 19, 3, 6, 20, 59, 26, 27, 30, 40, 58, 39, 44, 33, 34, 32, 45], [37, 35, 46, 38, 57, 42, 63, 41, 47, 48, 55, 49, 53, 51, 62, 54, 52, 56, 61, 60, 64, 66], [71, 75, 65, 67, 68, 76, 69, 73, 72, 79, 74, 80, 77, 83, 78, 84, 81, 82, 85, 86, 87, 88]]
6: [[13, 23, 36, 43, 11, 7, 1, 4, 70, 2, 29, 5, 12, 15, 16, 24, 31, 14, 28, 22, 17, 25], [8, 50, 9, 10, 21, 18, 19, 3, 6, 20, 59, 26, 27, 30, 40, 58, 39, 44, 33, 34, 32, 45], [37, 35, 46, 38, 57, 42, 63, 41, 47, 48, 55, 49, 53, 51, 62, 54, 52, 56, 61, 60, 64, 66], [71, 75, 65, 67, 68, 76, 69, 73, 72, 79, 74, 80, 77, 83, 78, 84, 81, 82, 85, 86, 87, 88]]
7: [[13, 23, 36, 43, 11, 7, 1, 4, 70, 2, 29, 5, 12, 15, 16, 24, 31, 14, 28, 22, 17, 25], [8, 50, 9, 10, 21, 18, 19, 3, 6, 20, 59, 26, 27, 30, 40, 58, 39, 44, 33, 34, 32, 45], [37, 35, 46, 38, 57, 42, 63, 41, 47, 48, 55, 49, 53, 51, 62, 54, 52, 56, 61, 60, 64, 66], [71, 75, 65, 67, 68, 76, 69, 73, 72, 79, 74, 80, 77, 83, 78, 84, 81, 82, 85, 86, 87, 88]]
8: [[13, 23, 36, 43, 11, 7, 1, 4, 70, 2, 29, 5, 12, 15, 16, 24, 31, 14, 28, 22, 17, 25], [8, 50, 9, 10, 21, 18, 19, 3, 6, 20, 59, 26, 27, 30, 40, 58, 39, 44, 33, 34, 32, 45], [37, 35, 46, 38, 57, 42, 63, 41, 47, 48, 55, 49, 53, 51, 62, 54, 52, 56, 61, 60, 64, 66], [71, 75, 65, 67, 68, 76, 69, 73, 72, 79, 74, 80, 77, 83, 78, 84, 81, 82, 85, 86, 87, 88]]
9: [[13, 23, 36, 43, 11, 7, 1, 4, 70, 2, 29, 5, 12, 15, 16, 24, 31, 14, 28, 22, 17, 25], [8, 50, 9, 10, 21, 18, 19, 3, 6, 20, 59, 26, 27, 30, 40, 58, 39, 44, 33, 34, 32, 45], [37, 35, 46, 38, 57, 42, 63, 41, 47, 48, 55, 49, 53, 51, 62, 54, 52, 56, 61, 60, 64, 66], [71, 75, 65, 67, 68, 76, 69, 73, 72, 79, 74, 80, 77, 83, 78, 84, 81, 82, 85, 86, 87, 88]]
10: [[13, 23, 36, 43, 11, 7, 1, 4, 70, 2, 29, 5, 12, 15, 16, 24, 31, 14, 28, 22, 17, 25], [8, 50, 9, 10, 21, 18, 19, 3, 6, 20, 59, 26, 27, 30, 40, 58, 39, 44, 33, 34, 32, 45], [37, 35, 46, 38, 57, 42, 63, 41, 47, 48, 55, 49, 53, 51, 62, 54, 52, 56, 61, 60, 64, 66], [71, 75, 65, 67, 68, 76, 69, 73, 72, 79, 74, 80, 77, 83, 78, 84, 81, 82, 85, 86, 87, 88]]
11: [[13, 23, 36, 43, 11, 7, 1, 4, 70, 2, 29, 5, 12, 15, 16, 24, 31, 14, 28, 22, 17, 25], [8, 50, 9, 10, 21, 18, 19, 3, 6, 20, 59, 26, 27, 30, 40, 58, 39, 44, 33, 34, 32, 45], [37, 35, 46, 38, 57, 42, 63, 41, 47, 48, 55, 49, 53, 51, 62, 54, 52, 56, 61, 60, 64, 66], [71, 75, 65, 67, 68, 76, 69, 73, 72, 79, 74, 80, 77, 83, 78, 84, 81, 82, 85, 86, 87, 88]]
12: [[13, 23, 36, 43, 11, 7, 1, 4, 70, 2, 29, 5, 12, 15, 16, 24, 31, 14, 28, 22, 17, 25], [8, 50, 9, 10, 21, 18, 19, 3, 6, 20, 59, 26, 27, 30, 40, 58, 39, 44, 33, 34, 32, 45], [37, 35, 46, 38, 57, 42, 63, 41, 47, 48, 55, 49, 53, 51, 62, 54, 52, 56, 61, 60, 64, 66], [71, 75, 65, 67, 68, 76, 69, 73, 72, 79, 74, 80, 77, 83, 78, 84, 81, 82, 85, 86, 87, 88]]
13: [[13, 23, 36, 43, 11, 7, 1, 4, 70, 2, 29, 5, 12, 15, 16, 24, 31, 14, 28, 22, 17, 25], [8, 50, 9, 10, 21, 18, 19, 3, 6, 20, 59, 26, 27, 30, 40, 58, 39, 44, 33, 34, 32, 45], [37, 35, 46, 38, 57, 42, 63, 41, 47, 48, 55, 49, 53, 51, 62, 54, 52, 56, 61, 60, 64, 66], [71, 75, 65, 67, 68, 76, 69, 73, 72, 79, 74, 80, 77, 83, 78, 84, 81, 82, 85, 86, 87, 88]]
14: [[13, 23, 36, 43, 11, 7, 1, 4, 70, 2, 29, 5, 12, 15, 16, 24, 31, 14, 28, 22, 17, 25], [8, 50, 9, 10, 21, 18, 19, 3, 6, 20, 59, 26, 27, 30, 40, 58, 39, 44, 33, 34, 32, 45], [37, 35, 46, 38, 57, 42, 63, 41, 47, 48, 55, 49, 53, 51, 62, 54, 52, 56, 61, 60, 64, 66], [71, 75, 65, 67, 68, 76, 69, 73, 72, 79, 74, 80, 77, 83, 78, 84, 81, 82, 85, 86, 87, 88]]
15: [[13, 23, 36, 43, 11, 7, 1, 4, 70, 2, 29, 5, 12, 15, 16, 24, 31, 14, 28, 22, 17, 25], [8, 50, 9, 10, 21, 18, 19, 3, 6, 20, 59, 26, 27, 30, 40, 58, 39, 44, 33, 34, 32, 45], [37, 35, 46, 38, 57, 42, 63, 41, 47, 48, 55, 49, 53, 51, 62, 54, 52, 56, 61, 60, 64, 66], [71, 75, 65, 67, 68, 76, 69, 73, 72, 79, 74, 80, 77, 83, 78, 84, 81, 82, 85, 86, 87, 88]]
16: [[13, 23, 36, 43, 11, 7, 1, 4, 70, 2, 29, 5, 12, 15, 16, 24, 31, 14, 28, 22, 17, 25], [8, 50, 9, 10, 21, 18, 19, 3, 6, 20, 59, 26, 27, 30, 40, 58, 39, 44, 33, 34, 32, 45], [37, 35, 46, 38, 57, 42, 63, 41, 47, 48, 55, 49, 53, 51, 62, 54, 52, 56, 61, 60, 64, 66], [71, 75, 65, 67, 68, 76, 69, 73, 72, 79, 74, 80, 77, 83, 78, 84, 81, 82, 85, 86, 87, 88]]
17: [[13, 23, 36, 43, 11, 7, 1, 4, 70, 2, 29, 5, 12, 15, 16, 24, 31, 14, 28, 22, 17, 25], [8, 50, 9, 10, 21, 18, 19, 3, 6, 20, 59, 26, 27, 30, 40, 58, 39, 44, 33, 34, 32, 45], [37, 35, 46, 38, 57, 42, 63, 41, 47, 48, 55, 49, 53, 51, 62, 54, 52, 56, 61, 60, 64, 66], [71, 75, 65, 67, 68, 76, 69, 73, 72, 79, 74, 80, 77, 83, 78, 84, 81, 82, 85, 86, 87, 88]]
18: [[13, 23, 36, 43, 11, 7, 1, 4, 70, 2, 29, 5, 12, 15, 16, 24, 31, 14, 28, 22, 17, 25], [8, 50, 9, 10, 21, 18, 19, 3, 6, 20, 59, 26, 27, 30, 40, 58, 39, 44, 33, 34, 32, 45], [37, 35, 46, 38, 57, 42, 63, 41, 47, 48, 55, 49, 53, 51, 62, 54, 52, 56, 61, 60, 64, 66], [71, 75, 65, 67, 68, 76, 69, 73, 72, 79, 74, 80, 77, 83, 78, 84, 81, 82, 85, 86, 87, 88]]
19: [[13, 23, 36, 43, 11, 7, 1, 4, 70, 2, 29, 5, 12, 15, 16, 24, 31, 14, 28, 22, 17, 25], [8, 50, 9, 10, 21, 18, 19, 3, 6, 20, 59, 26, 27, 30, 40, 58, 39, 44, 33, 34, 32, 45], [37, 35, 46, 38, 57, 42, 63, 41, 47, 48, 55, 49, 53, 51, 62, 54, 52, 56, 61, 60, 64, 66], [71, 75, 65, 67, 68, 76, 69, 73, 72, 79, 74, 80, 77, 83, 78, 84, 81, 82, 85, 86, 87, 88]]
20: [[13, 23, 36, 43, 11, 7, 1, 4, 70, 2, 29, 5, 12, 15, 16, 24, 31, 14, 28, 22, 17, 25], [8, 50, 9, 10, 21, 18, 19, 3, 6, 20, 59, 26, 27, 30, 40, 58, 39, 44, 33, 34, 32, 45], [37, 35, 46, 38, 57, 42, 63, 41, 47, 48, 55, 49, 53, 51, 62, 54, 52, 56, 61, 60, 64, 66], [71, 75, 65, 67, 68, 76, 69, 73, 72, 79, 74, 80, 77, 83, 78, 84, 81, 82, 85, 86, 87, 88]]
21: [[13, 23, 36, 43, 11, 7, 1, 4, 70, 2, 29, 5, 12, 15, 16, 24, 31, 14, 28, 22, 17, 25], [8, 50, 9, 10, 21, 18, 19, 3, 6, 20, 59, 26, 27, 30, 40, 58, 39, 44, 33, 34, 32, 45], [37, 35, 46, 38, 57, 42, 63, 41, 47, 48, 55, 49, 53, 51, 62, 54, 52, 56, 61, 60, 64, 66], [71, 75, 65, 67, 68, 76, 69, 73, 72, 79, 74, 80, 77, 83, 78, 84, 81, 82, 85, 86, 87, 88]]
22: [[13, 23, 36, 43, 11, 7, 1, 4, 70, 2, 29, 5, 12, 15, 16, 24, 31, 14, 28, 22, 17, 25], [8, 50, 9, 10, 21, 18, 19, 3, 6, 20, 59, 26, 27, 30, 40, 58, 39, 44, 33, 34, 32, 45], [37, 35, 46, 38, 57, 42, 63, 41, 47, 48, 55, 49, 53, 51, 62, 54, 52, 56, 61, 60, 64, 66], [71, 75, 65, 67, 68, 76, 69, 73, 72, 79, 74, 80, 77, 83, 78, 84, 81, 82, 85, 86, 87, 88]]
23: [[13, 23, 36, 43, 11, 7, 1, 4, 70, 2, 29, 5, 12, 15, 16, 24, 31, 14, 28, 22, 17, 25], [8, 50, 9, 10, 21, 18, 19, 3, 6, 20, 59, 26, 27, 30, 40, 58, 39, 44, 33, 34, 32, 45], [37, 35, 46, 38, 57, 42, 63, 41, 47, 48, 55, 49, 53, 51, 62, 54, 52, 56, 61, 60, 64, 66], [71, 75, 65, 67, 68, 76, 69, 73, 72, 79, 74, 80, 77, 83, 78, 84, 81, 82, 85, 86, 87, 88]]
24: [[13, 23, 36, 43, 11, 7, 1, 4, 70, 2, 29, 5, 12, 15, 16, 24, 31, 14, 28, 22, 17, 25], [8, 50, 9, 10, 21, 18, 19, 3, 6, 20, 59, 26, 27, 30, 40, 58, 39, 44, 33, 34, 32, 45], [37, 35, 46, 38, 57, 42, 63, 41, 47, 48, 55, 49, 53, 51, 62, 54, 52, 56, 61, 60, 64, 66], [71, 75, 65, 67, 68, 76, 69, 73, 72, 79, 74, 80, 77, 83, 78, 84, 81, 82, 85, 86, 87, 88]]
25: [[13, 23, 36, 43, 11, 7, 1, 4, 70, 2, 29, 5, 12, 15, 16, 24, 31, 14, 28, 22, 17, 25], [8, 50, 9, 10, 21, 18, 19, 3, 6, 20, 59, 26, 27, 30, 40, 58, 39, 44, 33, 34, 32, 45], [37, 35, 46, 38, 57, 42, 63, 41, 47, 48, 55, 49, 53, 51, 62, 54, 52, 56, 61, 60, 64, 66], [71, 75, 65, 67, 68, 76, 69, 73, 72, 79, 74, 80, 77, 83, 78, 84, 81, 82, 85, 86, 87, 88]]
26: [[13, 23, 36, 43, 11, 7, 1, 4, 70, 2, 29, 5, 12, 15, 16, 24, 31, 14, 28, 22, 17, 25], [8, 50, 9, 10, 21, 18, 19, 3, 6, 20, 59, 26, 27, 30, 40, 58, 39, 44, 33, 34, 32, 45], [37, 35, 46, 38, 57, 42, 63, 41, 47, 48, 55, 49, 53, 51, 62, 54, 52, 56, 61, 60, 64, 66], [71, 75, 65, 67, 68, 76, 69, 73, 72, 79, 74, 80, 77, 83, 78, 84, 81, 82, 85, 86, 87, 88]]
27: [[13, 23, 36, 43, 11, 7, 1, 4, 70, 2, 29, 5, 12, 15, 16, 24, 31, 14, 28, 22, 17, 25], [8, 50, 9, 10, 21, 18, 19, 3, 6, 20, 59, 26, 27, 30, 40, 58, 39, 44, 33, 34, 32, 45], [37, 35, 46, 38, 57, 42, 63, 41, 47, 48, 55, 49, 53, 51, 62, 54, 52, 56, 61, 60, 64, 66], [71, 75, 65, 67, 68, 76, 69, 73, 72, 79, 74, 80, 77, 83, 78, 84, 81, 82, 85, 86, 87, 88]]
28: [[13, 23, 36, 43, 11, 7, 1, 4, 70, 2, 29, 5, 12, 15, 16, 24, 31, 14, 28, 22, 17, 25], [8, 50, 9, 10, 21, 18, 19, 3, 6, 20, 59, 26, 27, 30, 40, 58, 39, 44, 33, 34, 32, 45], [37, 35, 46, 38, 57, 42, 63, 41, 47, 48, 55, 49, 53, 51, 62, 54, 52, 56, 61, 60, 64, 66], [71, 75, 65, 67, 68, 76, 69, 73, 72, 79, 74, 80, 77, 83, 78, 84, 81, 82, 85, 86, 87, 88]]
29: [[13, 23, 36, 43, 11, 7, 1, 4, 70, 2, 29, 5, 12, 15, 16, 24, 31, 14, 28, 22, 17, 25], [8, 50, 9, 10, 21, 18, 19, 3, 6, 20, 59, 26, 27, 30, 40, 58, 39, 44, 33, 34, 32, 45], [37, 35, 46, 38, 57, 42, 63, 41, 47, 48, 55, 49, 53, 51, 62, 54, 52, 56, 61, 60, 64, 66], [71, 75, 65, 67, 68, 76, 69, 73, 72, 79, 74, 80, 77, 83, 78, 84, 81, 82, 85, 86, 87, 88]]
30: [[13, 23, 36, 43, 11, 7, 1, 4, 70, 2, 29, 5, 12, 15, 16, 24, 31, 14, 28, 22, 17, 25], [8, 50, 9, 10, 21, 18, 19, 3, 6, 20, 59, 26, 27, 30, 40, 58, 39, 44, 33, 34, 32, 45], [37, 35, 46, 38, 57, 42, 63, 41, 47, 48, 55, 49, 53, 51, 62, 54, 52, 56, 61, 60, 64, 66], [71, 75, 65, 67, 68, 76, 69, 73, 72, 79, 74, 80, 77, 83, 78, 84, 81, 82, 85, 86, 87, 88]]
31: [[13, 23, 36, 43, 11, 7, 1, 4, 70, 2, 29, 5, 12, 15, 16, 24, 31, 14, 28, 22, 17, 25], [8, 50, 9, 10, 21, 18, 19, 3, 6, 20, 59, 26, 27, 30, 40, 58, 39, 44, 33, 34, 32, 45], [37, 35, 46, 38, 57, 42, 63, 41, 47, 48, 55, 49, 53, 51, 62, 54, 52, 56, 61, 60, 64, 66], [71, 75, 65, 67, 68, 76, 69, 73, 72, 79, 74, 80, 77, 83, 78, 84, 81, 82, 85, 86, 87, 88]]
32: [[13, 23, 36, 43, 11, 7, 1, 4, 70, 2, 29, 5, 12, 15, 16, 24, 31, 14, 28, 22, 17, 25], [8, 50, 9, 10, 21, 18, 19, 3, 6, 20, 59, 26, 27, 30, 40, 58, 39, 44, 33, 34, 32, 45], [37, 35, 46, 38, 57, 42, 63, 41, 47, 48, 55, 49, 53, 51, 62, 54, 52, 56, 61, 60, 64, 66], [71, 75, 65, 67, 68, 76, 69, 73, 72, 79, 74, 80, 77, 83, 78, 84, 81, 82, 85, 86, 87, 88]]
33: [[13, 23, 36, 43, 11, 7, 1, 4, 70, 2, 29, 5, 12, 15, 16, 24, 31, 14, 28, 22, 17, 25], [8, 50, 9, 10, 21, 18, 19, 3, 6, 20, 59, 26, 27, 30, 40, 58, 39, 44, 33, 34, 32, 45], [37, 35, 46, 38, 57, 42, 63, 41, 47, 48, 55, 49, 53, 51, 62, 54, 52, 56, 61, 60, 64, 66], [71, 75, 65, 67, 68, 76, 69, 73, 72, 79, 74, 80, 77, 83, 78, 84, 81, 82, 85, 86, 87, 88]]
34: [[13, 23, 36, 43, 11, 7, 1, 4, 70, 2, 29, 5, 12, 15, 16, 24, 31, 14, 28, 22, 17, 25], [8, 50, 9, 10, 21, 18, 19, 3, 6, 20, 59, 26, 27, 30, 40, 58, 39, 44, 33, 34, 32, 45], [37, 35, 46, 38, 57, 42, 63, 41, 47, 48, 55, 49, 53, 51, 62, 54, 52, 56, 61, 60, 64, 66], [71, 75, 65, 67, 68, 76, 69, 73, 72, 79, 74, 80, 77, 83, 78, 84, 81, 82, 85, 86, 87, 88]]
35: [[13, 23, 36, 43, 11, 7, 1, 4, 70, 2, 29, 5, 12, 15, 16, 24, 31, 14, 28, 22, 17, 25], [8, 50, 9, 10, 21, 18, 19, 3, 6, 20, 59, 26, 27, 30, 40, 58, 39, 44, 33, 34, 32, 45], [37, 35, 46, 38, 57, 42, 63, 41, 47, 48, 55, 49, 53, 51, 62, 54, 52, 56, 61, 60, 64, 66], [71, 75, 65, 67, 68, 76, 69, 73, 72, 79, 74, 80, 77, 83, 78, 84, 81, 82, 85, 86, 87, 88]]
36: [[13, 23, 36, 43, 11, 7, 1, 4, 70, 2, 29, 5, 12, 15, 16, 24, 31, 14, 28, 22, 17, 25], [8, 50, 9, 10, 21, 18, 19, 3, 6, 20, 59, 26, 27, 30, 40, 58, 39, 44, 33, 34, 32, 45], [37, 35, 46, 38, 57, 42, 63, 41, 47, 48, 55, 49, 53, 51, 62, 54, 52, 56, 61, 60, 64, 66], [71, 75, 65, 67, 68, 76, 69, 73, 72, 79, 74, 80, 77, 83, 78, 84, 81, 82, 85, 86, 87, 88]]
37: [[13, 23, 36, 43, 11, 7, 1, 4, 70, 2, 29, 5, 12, 15, 16, 24, 31, 14, 28, 22, 17, 25], [8, 50, 9, 10, 21, 18, 19, 3, 6, 20, 59, 26, 27, 30, 40, 58, 39, 44, 33, 34, 32, 45], [37, 35, 46, 38, 57, 42, 63, 41, 47, 48, 55, 49, 53, 51, 62, 54, 52, 56, 61, 60, 64, 66], [71, 75, 65, 67, 68, 76, 69, 73, 72, 79, 74, 80, 77, 83, 78, 84, 81, 82, 85, 86, 87, 88]]
38: [[13, 23, 36, 43, 11, 7, 1, 4, 70, 2, 29, 5, 12, 15, 16, 24, 31, 14, 28, 22, 17, 25], [8, 50, 9, 10, 21, 18, 19, 3, 6, 20, 59, 26, 27, 30, 40, 58, 39, 44, 33, 34, 32, 45], [37, 35, 46, 38, 57, 42, 63, 41, 47, 48, 55, 49, 53, 51, 62, 54, 52, 56, 61, 60, 64, 66], [71, 75, 65, 67, 68, 76, 69, 73, 72, 79, 74, 80, 77, 83, 78, 84, 81, 82, 85, 86, 87, 88]]
39: [[13, 23, 36, 43, 11, 7, 1, 4, 70, 2, 29, 5, 12, 15, 16, 24, 31, 14, 28, 22, 17, 25], [8, 50, 9, 10, 21, 18, 19, 3, 6, 20, 59, 26, 27, 30, 40, 58, 39, 44, 33, 34, 32, 45], [37, 35, 46, 38, 57, 42, 63, 41, 47, 48, 55, 49, 53, 51, 62, 54, 52, 56, 61, 60, 64, 66], [71, 75, 65, 67, 68, 76, 69, 73, 72, 79, 74, 80, 77, 83, 78, 84, 81, 82, 85, 86, 87, 88]]
40: [[13, 23, 36, 43, 11, 7, 1, 4, 70, 2, 29, 5, 12, 15, 16, 24, 31, 14, 28, 22, 17, 25], [8, 50, 9, 10, 21, 18, 19, 3, 6, 20, 59, 26, 27, 30, 40, 58, 39, 44, 33, 34, 32, 45], [37, 35, 46, 38, 57, 42, 63, 41, 47, 48, 55, 49, 53, 51, 62, 54, 52, 56, 61, 60, 64, 66], [71, 75, 65, 67, 68, 76, 69, 73, 72, 79, 74, 80, 77, 83, 78, 84, 81, 82, 85, 86, 87, 88]]
41: [[13, 23, 36, 43, 11, 7, 1, 4, 70, 2, 29, 5, 12, 15, 16, 24, 31, 14, 28, 22, 17, 25], [8, 50, 9, 10, 21, 18, 19, 3, 6, 20, 59, 26, 27, 30, 40, 58, 39, 44, 33, 34, 32, 45], [37, 35, 46, 38, 57, 42, 63, 41, 47, 48, 55, 49, 53, 51, 62, 54, 52, 56, 61, 60, 64, 66], [71, 75, 65, 67, 68, 76, 69, 73, 72, 79, 74, 80, 77, 83, 78, 84, 81, 82, 85, 86, 87, 88]]
42: [[13, 23, 36, 43, 11, 7, 1, 4, 70, 2, 29, 5, 12, 15, 16, 24, 31, 14, 28, 22, 17, 25], [8, 50, 9, 10, 21, 18, 19, 3, 6, 20, 59, 26, 27, 30, 40, 58, 39, 44, 33, 34, 32, 45], [37, 35, 46, 38, 57, 42, 63, 41, 47, 48, 55, 49, 53, 51, 62, 54, 52, 56, 61, 60, 64, 66], [71, 75, 65, 67, 68, 76, 69, 73, 72, 79, 74, 80, 77, 83, 78, 84, 81, 82, 85, 86, 87, 88]]
43: [[13, 23, 36, 43, 11, 7, 1, 4, 70, 2, 29, 5, 12, 15, 16, 24, 31, 14, 28, 22, 17, 25], [8, 50, 9, 10, 21, 18, 19, 3, 6, 20, 59, 26, 27, 30, 40, 58, 39, 44, 33, 34, 32, 45], [37, 35, 46, 38, 57, 42, 63, 41, 47, 48, 55, 49, 53, 51, 62, 54, 52, 56, 61, 60, 64, 66], [71, 75, 65, 67, 68, 76, 69, 73, 72, 79, 74, 80, 77, 83, 78, 84, 81, 82, 85, 86, 87, 88]]
44: [[13, 23, 36, 43, 11, 7, 1, 4, 70, 2, 29, 5, 12, 15, 16, 24, 31, 14, 28, 22, 17, 25], [8, 50, 9, 10, 21, 18, 19, 3, 6, 20, 59, 26, 27, 30, 40, 58, 39, 44, 33, 34, 32, 45], [37, 35, 46, 38, 57, 42, 63, 41, 47, 48, 55, 49, 53, 51, 62, 54, 52, 56, 61, 60, 64, 66], [71, 75, 65, 67, 68, 76, 69, 73, 72, 79, 74, 80, 77, 83, 78, 84, 81, 82, 85, 86, 87, 88]]
45: [[13, 23, 36, 43, 11, 7, 1, 4, 70, 2, 29, 5, 12, 15, 16, 24, 31, 14, 28, 22, 17, 25], [8, 50, 9, 10, 21, 18, 19, 3, 6, 20, 59, 26, 27, 30, 40, 58, 39, 44, 33, 34, 32, 45], [37, 35, 46, 38, 57, 42, 63, 41, 47, 48, 55, 49, 53, 51, 62, 54, 52, 56, 61, 60, 64, 66], [71, 75, 65, 67, 68, 76, 69, 73, 72, 79, 74, 80, 77, 83, 78, 84, 81, 82, 85, 86, 87, 88]]
46: [[13, 23, 36, 43, 11, 7, 1, 4, 70, 2, 29, 5, 12, 15, 16, 24, 31, 14, 28, 22, 17, 25], [8, 50, 9, 10, 21, 18, 19, 3, 6, 20, 59, 26, 27, 30, 40, 58, 39, 44, 33, 34, 32, 45], [37, 35, 46, 38, 57, 42, 63, 41, 47, 48, 55, 49, 53, 51, 62, 54, 52, 56, 61, 60, 64, 66], [71, 75, 65, 67, 68, 76, 69, 73, 72, 79, 74, 80, 77, 83, 78, 84, 81, 82, 85, 86, 87, 88]]
47: [[13, 23, 36, 43, 11, 7, 1, 4, 70, 2, 29, 5, 12, 15, 16, 24, 31, 14, 28, 22, 17, 25], [8, 50, 9, 10, 21, 18, 19, 3, 6, 20, 59, 26, 27, 30, 40, 58, 39, 44, 33, 34, 32, 45], [37, 35, 46, 38, 57, 42, 63, 41, 47, 48, 55, 49, 53, 51, 62, 54, 52, 56, 61, 60, 64, 66], [71, 75, 65, 67, 68, 76, 69, 73, 72, 79, 74, 80, 77, 83, 78, 84, 81, 82, 85, 86, 87, 88]]
48: [[13, 23, 36, 43, 11, 7, 1, 4, 70, 2, 29, 5, 12, 15, 16, 24, 31, 14, 28, 22, 17, 25], [8, 50, 9, 10, 21, 18, 19, 3, 6, 20, 59, 26, 27, 30, 40, 58, 39, 44, 33, 34, 32, 45], [37, 35, 46, 38, 57, 42, 63, 41, 47, 48, 55, 49, 53, 51, 62, 54, 52, 56, 61, 60, 64, 66], [71, 75, 65, 67, 68, 76, 69, 73, 72, 79, 74, 80, 77, 83, 78, 84, 81, 82, 85, 86, 87, 88]]
49: [[13, 23, 36, 43, 11, 7, 1, 4, 70, 2, 29, 5, 12, 15, 16, 24, 31, 14, 28, 22, 17, 25], [8, 50, 9, 10, 21, 18, 19, 3, 6, 20, 59, 26, 27, 30, 40, 58, 39, 44, 33, 34, 32, 45], [37, 35, 46, 38, 57, 42, 63, 41, 47, 48, 55, 49, 53, 51, 62, 54, 52, 56, 61, 60, 64, 66], [71, 75, 65, 67, 68, 76, 69, 73, 72, 79, 74, 80, 77, 83, 78, 84, 81, 82, 85, 86, 87, 88]]
50: [[13, 23, 36, 43, 11, 7, 1, 4, 70, 2, 29, 5, 12, 15, 16, 24, 31, 14, 28, 22, 17, 25], [8, 50, 9, 10, 21, 18, 19, 3, 6, 20, 59, 26, 27, 30, 40, 58, 39, 44, 33, 34, 32, 45], [37, 35, 46, 38, 57, 42, 63, 41, 47, 48, 55, 49, 53, 51, 62, 54, 52, 56, 61, 60, 64, 66], [71, 75, 65, 67, 68, 76, 69, 73, 72, 79, 74, 80, 77, 83, 78, 84, 81, 82, 85, 86, 87, 88]]
51: [[13, 23, 36, 43, 11, 7, 1, 4, 70, 2, 29, 5, 12, 15, 16, 24, 31, 14, 28, 22, 17, 25], [8, 50, 9, 10, 21, 18, 19, 3, 6, 20, 59, 26, 27, 30, 40, 58, 39, 44, 33, 34, 32, 45], [37, 35, 46, 38, 57, 42, 63, 41, 47, 48, 55, 49, 53, 51, 62, 54, 52, 56, 61, 60, 64, 66], [71, 75, 65, 67, 68, 76, 69, 73, 72, 79, 74, 80, 77, 83, 78, 84, 81, 82, 85, 86, 87, 88]]
52: [[13, 23, 36, 43, 11, 7, 1, 4, 70, 2, 29, 5, 12, 15, 16, 24, 31, 14, 28, 22, 17, 25], [8, 50, 9, 10, 21, 18, 19, 3, 6, 20, 59, 26, 27, 30, 40, 58, 39, 44, 33, 34, 32, 45], [37, 35, 46, 38, 57, 42, 63, 41, 47, 48, 55, 49, 53, 51, 62, 54, 52, 56, 61, 60, 64, 66], [71, 75, 65, 67, 68, 76, 69, 73, 72, 79, 74, 80, 77, 83, 78, 84, 81, 82, 85, 86, 87, 88]]
53: [[13, 23, 36, 43, 11, 7, 1, 4, 70, 2, 29, 5, 12, 15, 16, 24, 31, 14, 28, 22, 17, 25], [8, 50, 9, 10, 21, 18, 19, 3, 6, 20, 59, 26, 27, 30, 40, 58, 39, 44, 33, 34, 32, 45], [37, 35, 46, 38, 57, 42, 63, 41, 47, 48, 55, 49, 53, 51, 62, 54, 52, 56, 61, 60, 64, 66], [71, 75, 65, 67, 68, 76, 69, 73, 72, 79, 74, 80, 77, 83, 78, 84, 81, 82, 85, 86, 87, 88]]
54: [[13, 23, 36, 43, 11, 7, 1, 4, 70, 2, 29, 5, 12, 15, 16, 24, 31, 14, 28, 22, 17, 25], [8, 50, 9, 10, 21, 18, 19, 3, 6, 20, 59, 26, 27, 30, 40, 58, 39, 44, 33, 34, 32, 45], [37, 35, 46, 38, 57, 42, 63, 41, 47, 48, 55, 49, 53, 51, 62, 54, 52, 56, 61, 60, 64, 66], [71, 75, 65, 67, 68, 76, 69, 73, 72, 79, 74, 80, 77, 83, 78, 84, 81, 82, 85, 86, 87, 88]]
55: [[13, 23, 36, 43, 11, 7, 1, 4, 70, 2, 29, 5, 12, 15, 16, 24, 31, 14, 28, 22, 17, 25], [8, 50, 9, 10, 21, 18, 19, 3, 6, 20, 59, 26, 27, 30, 40, 58, 39, 44, 33, 34, 32, 45], [37, 35, 46, 38, 57, 42, 63, 41, 47, 48, 55, 49, 53, 51, 62, 54, 52, 56, 61, 60, 64, 66], [71, 75, 65, 67, 68, 76, 69, 73, 72, 79, 74, 80, 77, 83, 78, 84, 81, 82, 85, 86, 87, 88]]
56: [[13, 23, 36, 43, 11, 7, 1, 4, 70, 2, 29, 5, 12, 15, 16, 24, 31, 14, 28, 22, 17, 25], [8, 50, 9, 10, 21, 18, 19, 3, 6, 20, 59, 26, 27, 30, 40, 58, 39, 44, 33, 34, 32, 45], [37, 35, 46, 38, 57, 42, 63, 41, 47, 48, 55, 49, 53, 51, 62, 54, 52, 56, 61, 60, 64, 66], [71, 75, 65, 67, 68, 76, 69, 73, 72, 79, 74, 80, 77, 83, 78, 84, 81, 82, 85, 86, 87, 88]]
57: [[13, 23, 36, 43, 11, 7, 1, 4, 70, 2, 29, 5, 12, 15, 16, 24, 31, 14, 28, 22, 17, 25], [8, 50, 9, 10, 21, 18, 19, 3, 6, 20, 59, 26, 27, 30, 40, 58, 39, 44, 33, 34, 32, 45], [37, 35, 46, 38, 57, 42, 63, 41, 47, 48, 55, 49, 53, 51, 62, 54, 52, 56, 61, 60, 64, 66], [71, 75, 65, 67, 68, 76, 69, 73, 72, 79, 74, 80, 77, 83, 78, 84, 81, 82, 85, 86, 87, 88]]
58: [[13, 23, 36, 43, 11, 7, 1, 4, 70, 2, 29, 5, 12, 15, 16, 24, 31, 14, 28, 22, 17, 25], [8, 50, 9, 10, 21, 18, 19, 3, 6, 20, 59, 26, 27, 30, 40, 58, 39, 44, 33, 34, 32, 45], [37, 35, 46, 38, 57, 42, 63, 41, 47, 48, 55, 49, 53, 51, 62, 54, 52, 56, 61, 60, 64, 66], [71, 75, 65, 67, 68, 76, 69, 73, 72, 79, 74, 80, 77, 83, 78, 84, 81, 82, 85, 86, 87, 88]]
59: [[13, 23, 36, 43, 11, 7, 1, 4, 70, 2, 29, 5, 12, 15, 16, 24, 31, 14, 28, 22, 17, 25], [8, 50, 9, 10, 21, 18, 19, 3, 6, 20, 59, 26, 27, 30, 40, 58, 39, 44, 33, 34, 32, 45], [37, 35, 46, 38, 57, 42, 63, 41, 47, 48, 55, 49, 53, 51, 62, 54, 52, 56, 61, 60, 64, 66], [71, 75, 65, 67, 68, 76, 69, 73, 72, 79, 74, 80, 77, 83, 78, 84, 81, 82, 85, 86, 87, 88]]
60: [[13, 23, 36, 43, 11, 7, 1, 4, 70, 2, 29, 5, 12, 15, 16, 24, 31, 14, 28, 22, 17, 25], [8, 50, 9, 10, 21, 18, 19, 3, 6, 20, 59, 26, 27, 30, 40, 58, 39, 44, 33, 34, 32, 45], [37, 35, 46, 38, 57, 42, 63, 41, 47, 48, 55, 49, 53, 51, 62, 54, 52, 56, 61, 60, 64, 66], [71, 75, 65, 67, 68, 76, 69, 73, 72, 79, 74, 80, 77, 83, 78, 84, 81, 82, 85, 86, 87, 88]]
61: [[13, 23, 36, 43, 11, 7, 1, 4, 70, 2, 29, 5, 12, 15, 16, 24, 31, 14, 28, 22, 17, 25], [8, 50, 9, 10, 21, 18, 19, 3, 6, 20, 59, 26, 27, 30, 40, 58, 39, 44, 33, 34, 32, 45], [37, 35, 46, 38, 57, 42, 63, 41, 47, 48, 55, 49, 53, 51, 62, 54, 52, 56, 61, 60, 64, 66], [71, 75, 65, 67, 68, 76, 69, 73, 72, 79, 74, 80, 77, 83, 78, 84, 81, 82, 85, 86, 87, 88]]
62: [[13, 23, 36, 43, 11, 7, 1, 4, 70, 2, 29, 5, 12, 15, 16, 24, 31, 14, 28, 22, 17, 25], [8, 50, 9, 10, 21, 18, 19, 3, 6, 20, 59, 26, 27, 30, 40, 58, 39, 44, 33, 34, 32, 45], [37, 35, 46, 38, 57, 42, 63, 41, 47, 48, 55, 49, 53, 51, 62, 54, 52, 56, 61, 60, 64, 66], [71, 75, 65, 67, 68, 76, 69, 73, 72, 79, 74, 80, 77, 83, 78, 84, 81, 82, 85, 86, 87, 88]]
63: [[13, 23, 36, 43, 11, 7, 1, 4, 70, 2, 29, 5, 12, 15, 16, 24, 31, 14, 28, 22, 17, 25], [8, 50, 9, 10, 21, 18, 19, 3, 6, 20, 59, 26, 27, 30, 40, 58, 39, 44, 33, 34, 32, 45], [37, 35, 46, 38, 57, 42, 63, 41, 47, 48, 55, 49, 53, 51, 62, 54, 52, 56, 61, 60, 64, 66], [71, 75, 65, 67, 68, 76, 69, 73, 72, 79, 74, 80, 77, 83, 78, 84, 81, 82, 85, 86, 87, 88]]
64: [[13, 23, 36, 43, 11, 7, 1, 4, 70, 2, 29, 5, 12, 15, 16, 24, 31, 14, 28, 22, 17, 25], [8, 50, 9, 10, 21, 18, 19, 3, 6, 20, 59, 26, 27, 30, 40, 58, 39, 44, 33, 34, 32, 45], [37, 35, 46, 38, 57, 42, 63, 41, 47, 48, 55, 49, 53, 51, 62, 54, 52, 56, 61, 60, 64, 66], [71, 75, 65, 67, 68, 76, 69, 73, 72, 79, 74, 80, 77, 83, 78, 84, 81, 82, 85, 86, 87, 88]]
65: [[13, 23, 36, 43, 11, 7, 1, 4, 70, 2, 29, 5, 12, 15, 16, 24, 31, 14, 28, 22, 17, 25], [8, 50, 9, 10, 21, 18, 19, 3, 6, 20, 59, 26, 27, 30, 40, 58, 39, 44, 33, 34, 32, 45], [37, 35, 46, 38, 57, 42, 63, 41, 47, 48, 55, 49, 53, 51, 62, 54, 52, 56, 61, 60, 64, 66], [71, 75, 65, 67, 68, 76, 69, 73, 72, 79, 74, 80, 77, 83, 78, 84, 81, 82, 85, 86, 87, 88]]
66: [[13, 23, 36, 43, 11, 7, 1, 4, 70, 2, 29, 5, 12, 15, 16, 24, 31, 14, 28, 22, 17, 25], [8, 50, 9, 10, 21, 18, 19, 3, 6, 20, 59, 26, 27, 30, 40, 58, 39, 44, 33, 34, 32, 45], [37, 35, 46, 38, 57, 42, 63, 41, 47, 48, 55, 49, 53, 51, 62, 54, 52, 56, 61, 60, 64, 66], [71, 75, 65, 67, 68, 76, 69, 73, 72, 79, 74, 80, 77, 83, 78, 84, 81, 82, 85, 86, 87, 88]]
67: [[13, 23, 36, 43, 11, 7, 1, 4, 70, 2, 29, 5, 12, 15, 16, 24, 31, 14, 28, 22, 17, 25], [8, 50, 9, 10, 21, 18, 19, 3, 6, 20, 59, 26, 27, 30, 40, 58, 39, 44, 33, 34, 32, 45], [37, 35, 46, 38, 57, 42, 63, 41, 47, 48, 55, 49, 53, 51, 62, 54, 52, 56, 61, 60, 64, 66], [71, 75, 65, 67, 68, 76, 69, 73, 72, 79, 74, 80, 77, 83, 78, 84, 81, 82, 85, 86, 87, 88]]
68: [[13, 23, 36, 43, 11, 7, 1, 4, 70, 2, 29, 5, 12, 15, 16, 24, 31, 14, 28, 22, 17, 25], [8, 50, 9, 10, 21, 18, 19, 3, 6, 20, 59, 26, 27, 30, 40, 58, 39, 44, 33, 34, 32, 45], [37, 35, 46, 38, 57, 42, 63, 41, 47, 48, 55, 49, 53, 51, 62, 54, 52, 56, 61, 60, 64, 66], [71, 75, 65, 67, 68, 76, 69, 73, 72, 79, 74, 80, 77, 83, 78, 84, 81, 82, 85, 86, 87, 88]]
69: [[13, 23, 36, 43, 11, 7, 1, 4, 70, 2, 29, 5, 12, 15, 16, 24, 31, 14, 28, 22, 17, 25], [8, 50, 9, 10, 21, 18, 19, 3, 6, 20, 59, 26, 27, 30, 40, 58, 39, 44, 33, 34, 32, 45], [37, 35, 46, 38, 57, 42, 63, 41, 47, 48, 55, 49, 53, 51, 62, 54, 52, 56, 61, 60, 64, 66], [71, 75, 65, 67, 68, 76, 69, 73, 72, 79, 74, 80, 77, 83, 78, 84, 81, 82, 85, 86, 87, 88]]
70: [[13, 23, 36, 43, 11, 7, 1, 4, 70, 2, 29, 5, 12, 15, 16, 24, 31, 14, 28, 22, 17, 25], [8, 50, 9, 10, 21, 18, 19, 3, 6, 20, 59, 26, 27, 30, 40, 58, 39, 44, 33, 34, 32, 45], [37, 35, 46, 38, 57, 42, 63, 41, 47, 48, 55, 49, 53, 51, 62, 54, 52, 56, 61, 60, 64, 66], [71, 75, 65, 67, 68, 76, 69, 73, 72, 79, 74, 80, 77, 83, 78, 84, 81, 82, 85, 86, 87, 88]]
71: [[13, 23, 36, 43, 11, 7, 1, 4, 70, 2, 29, 5, 12, 15, 16, 24, 31, 14, 28, 22, 17, 25], [8, 50, 9, 10, 21, 18, 19, 3, 6, 20, 59, 26, 27, 30, 40, 58, 39, 44, 33, 34, 32, 45], [37, 35, 46, 38, 57, 42, 63, 41, 47, 48, 55, 49, 53, 51, 62, 54, 52, 56, 61, 60, 64, 66], [71, 75, 65, 67, 68, 76, 69, 73, 72, 79, 74, 80, 77, 83, 78, 84, 81, 82, 85, 86, 87, 88]]
72: [[13, 23, 36, 43, 11, 7, 1, 4, 70, 2, 29, 5, 12, 15, 16, 24, 31, 14, 28, 22, 17, 25], [8, 50, 9, 10, 21, 18, 19, 3, 6, 20, 59, 26, 27, 30, 40, 58, 39, 44, 33, 34, 32, 45], [37, 35, 46, 38, 57, 42, 63, 41, 47, 48, 55, 49, 53, 51, 62, 54, 52, 56, 61, 60, 64, 66], [71, 75, 65, 67, 68, 76, 69, 73, 72, 79, 74, 80, 77, 83, 78, 84, 81, 82, 85, 86, 87, 88]]
73: [[13, 23, 36, 43, 11, 7, 1, 4, 70, 2, 29, 5, 12, 15, 16, 24, 31, 14, 28, 22, 17, 25], [8, 50, 9, 10, 21, 18, 19, 3, 6, 20, 59, 26, 27, 30, 40, 58, 39, 44, 33, 34, 32, 45], [37, 35, 46, 38, 57, 42, 63, 41, 47, 48, 55, 49, 53, 51, 62, 54, 52, 56, 61, 60, 64, 66], [71, 75, 65, 67, 68, 76, 69, 73, 72, 79, 74, 80, 77, 83, 78, 84, 81, 82, 85, 86, 87, 88]]
74: [[13, 23, 36, 43, 11, 7, 1, 4, 70, 2, 29, 5, 12, 15, 16, 24, 31, 14, 28, 22, 17, 25], [8, 50, 9, 10, 21, 18, 19, 3, 6, 20, 59, 26, 27, 30, 40, 58, 39, 44, 33, 34, 32, 45], [37, 35, 46, 38, 57, 42, 63, 41, 47, 48, 55, 49, 53, 51, 62, 54, 52, 56, 61, 60, 64, 66], [71, 75, 65, 67, 68, 76, 69, 73, 72, 79, 74, 80, 77, 83, 78, 84, 81, 82, 85, 86, 87, 88]]
75: [[13, 23, 36, 43, 11, 7, 1, 4, 70, 2, 29, 5, 12, 15, 16, 24, 31, 14, 28, 22, 17, 25], [8, 50, 9, 10, 21, 18, 19, 3, 6, 20, 59, 26, 27, 30, 40, 58, 39, 44, 33, 34, 32, 45], [37, 35, 46, 38, 57, 42, 63, 41, 47, 48, 55, 49, 53, 51, 62, 54, 52, 56, 61, 60, 64, 66], [71, 75, 65, 67, 68, 76, 69, 73, 72, 79, 74, 80, 77, 83, 78, 84, 81, 82, 85, 86, 87, 88]]
76: [[13, 23, 36, 43, 11, 7, 1, 4, 70, 2, 29, 5, 12, 15, 16, 24, 31, 14, 28, 22, 17, 25], [8, 50, 9, 10, 21, 18, 19, 3, 6, 20, 59, 26, 27, 30, 40, 58, 39, 44, 33, 34, 32, 45], [37, 35, 46, 38, 57, 42, 63, 41, 47, 48, 55, 49, 53, 51, 62, 54, 52, 56, 61, 60, 64, 66], [71, 75, 65, 67, 68, 76, 69, 73, 72, 79, 74, 80, 77, 83, 78, 84, 81, 82, 85, 86, 87, 88]]
77: [[13, 23, 36, 43, 11, 7, 1, 4, 70, 2, 29, 5, 12, 15, 16, 24, 31, 14, 28, 22, 17, 25], [8, 50, 9, 10, 21, 18, 19, 3, 6, 20, 59, 26, 27, 30, 40, 58, 39, 44, 33, 34, 32, 45], [37, 35, 46, 38, 57, 42, 63, 41, 47, 48, 55, 49, 53, 51, 62, 54, 52, 56, 61, 60, 64, 66], [71, 75, 65, 67, 68, 76, 69, 73, 72, 79, 74, 80, 77, 83, 78, 84, 81, 82, 85, 86, 87, 88]]
78: [[13, 23, 36, 43, 11, 7, 1, 4, 70, 2, 29, 5, 12, 15, 16, 24, 31, 14, 28, 22, 17, 25], [8, 50, 9, 10, 21, 18, 19, 3, 6, 20, 59, 26, 27, 30, 40, 58, 39, 44, 33, 34, 32, 45], [37, 35, 46, 38, 57, 42, 63, 41, 47, 48, 55, 49, 53, 51, 62, 54, 52, 56, 61, 60, 64, 66], [71, 75, 65, 67, 68, 76, 69, 73, 72, 79, 74, 80, 77, 83, 78, 84, 81, 82, 85, 86, 87, 88]]
79: [[13, 23, 36, 43, 11, 7, 1, 4, 70, 2, 29, 5, 12, 15, 16, 24, 31, 14, 28, 22, 17, 25], [8, 50, 9, 10, 21, 18, 19, 3, 6, 20, 59, 26, 27, 30, 40, 58, 39, 44, 33, 34, 32, 45], [37, 35, 46, 38, 57, 42, 63, 41, 47, 48, 55, 49, 53, 51, 62, 54, 52, 56, 61, 60, 64, 66], [71, 75, 65, 67, 68, 76, 69, 73, 72, 79, 74, 80, 77, 83, 78, 84, 81, 82, 85, 86, 87, 88]]
80: [[13, 23, 36, 43, 11, 7, 1, 4, 70, 2, 29, 5, 12, 15, 16, 24, 31, 14, 28, 22, 17, 25], [8, 50, 9, 10, 21, 18, 19, 3, 6, 20, 59, 26, 27, 30, 40, 58, 39, 44, 33, 34, 32, 45], [37, 35, 46, 38, 57, 42, 63, 41, 47, 48, 55, 49, 53, 51, 62, 54, 52, 56, 61, 60, 64, 66], [71, 75, 65, 67, 68, 76, 69, 73, 72, 79, 74, 80, 77, 83, 78, 84, 81, 82, 85, 86, 87, 88]]
81: [[13, 23, 36, 43, 11, 7, 1, 4, 70, 2, 29, 5, 12, 15, 16, 24, 31, 14, 28, 22, 17, 25], [8, 50, 9, 10, 21, 18, 19, 3, 6, 20, 59, 26, 27, 30, 40, 58, 39, 44, 33, 34, 32, 45], [37, 35, 46, 38, 57, 42, 63, 41, 47, 48, 55, 49, 53, 51, 62, 54, 52, 56, 61, 60, 64, 66], [71, 75, 65, 67, 68, 76, 69, 73, 72, 79, 74, 80, 77, 83, 78, 84, 81, 82, 85, 86, 87, 88]]
82: [[13, 23, 36, 43, 11, 7, 1, 4, 70, 2, 29, 5, 12, 15, 16, 24, 31, 14, 28, 22, 17, 25], [8, 50, 9, 10, 21, 18, 19, 3, 6, 20, 59, 26, 27, 30, 40, 58, 39, 44, 33, 34, 32, 45], [37, 35, 46, 38, 57, 42, 63, 41, 47, 48, 55, 49, 53, 51, 62, 54, 52, 56, 61, 60, 64, 66], [71, 75, 65, 67, 68, 76, 69, 73, 72, 79, 74, 80, 77, 83, 78, 84, 81, 82, 85, 86, 87, 88]]
83: [[13, 23, 36, 43, 11, 7, 1, 4, 70, 2, 29, 5, 12, 15, 16, 24, 31, 14, 28, 22, 17, 25], [8, 50, 9, 10, 21, 18, 19, 3, 6, 20, 59, 26, 27, 30, 40, 58, 39, 44, 33, 34, 32, 45], [37, 35, 46, 38, 57, 42, 63, 41, 47, 48, 55, 49, 53, 51, 62, 54, 52, 56, 61, 60, 64, 66], [71, 75, 65, 67, 68, 76, 69, 73, 72, 79, 74, 80, 77, 83, 78, 84, 81, 82, 85, 86, 87, 88]]
84: [[13, 23, 36, 43, 11, 7, 1, 4, 70, 2, 29, 5, 12, 15, 16, 24, 31, 14, 28, 22, 17, 25], [8, 50, 9, 10, 21, 18, 19, 3, 6, 20, 59, 26, 27, 30, 40, 58, 39, 44, 33, 34, 32, 45], [37, 35, 46, 38, 57, 42, 63, 41, 47, 48, 55, 49, 53, 51, 62, 54, 52, 56, 61, 60, 64, 66], [71, 75, 65, 67, 68, 76, 69, 73, 72, 79, 74, 80, 77, 83, 78, 84, 81, 82, 85, 86, 87, 88]]
85: [[13, 23, 36, 43, 11, 7, 1, 4, 70, 2, 29, 5, 12, 15, 16, 24, 31, 14, 28, 22, 17, 25], [8, 50, 9, 10, 21, 18, 19, 3, 6, 20, 59, 26, 27, 30, 40, 58, 39, 44, 33, 34, 32, 45], [37, 35, 46, 38, 57, 42, 63, 41, 47, 48, 55, 49, 53, 51, 62, 54, 52, 56, 61, 60, 64, 66], [71, 75, 65, 67, 68, 76, 69, 73, 72, 79, 74, 80, 77, 83, 78, 84, 81, 82, 85, 86, 87, 88]]
86: [[13, 23, 36, 43, 11, 7, 1, 4, 70, 2, 29, 5, 12, 15, 16, 24, 31, 14, 28, 22, 17, 25], [8, 50, 9, 10, 21, 18, 19, 3, 6, 20, 59, 26, 27, 30, 40, 58, 39, 44, 33, 34, 32, 45], [37, 35, 46, 38, 57, 42, 63, 41, 47, 48, 55, 49, 53, 51, 62, 54, 52, 56, 61, 60, 64, 66], [71, 75, 65, 67, 68, 76, 69, 73, 72, 79, 74, 80, 77, 83, 78, 84, 81, 82, 85, 86, 87, 88]]
87: [[13, 23, 36, 43, 11, 7, 1, 4, 70, 2, 29, 5, 12, 15, 16, 24, 31, 14, 28, 22, 17, 25], [8, 50, 9, 10, 21, 18, 19, 3, 6, 20, 59, 26, 27, 30, 40, 58, 39, 44, 33, 34, 32, 45], [37, 35, 46, 38, 57, 42, 63, 41, 47, 48, 55, 49, 53, 51, 62, 54, 52, 56, 61, 60, 64, 66], [71, 75, 65, 67, 68, 76, 69, 73, 72, 79, 74, 80, 77, 83, 78, 84, 81, 82, 85, 86, 87, 88]]
88: [[13, 23, 36, 43, 11, 7, 1, 4, 70, 2, 29, 5, 12, 15, 16, 24, 31, 14, 28, 22, 17, 25], [8, 50, 9, 10, 21, 18, 19, 3, 6, 20, 59, 26, 27, 30, 40, 58, 39, 44, 33, 34, 32, 45], [37, 35, 46, 38, 57, 42, 63, 41, 47, 48, 55, 49, 53, 51, 62, 54, 52, 56, 61, 60, 64, 66], [71, 75, 65, 67, 68, 76, 69, 73, 72, 79, 74, 80, 77, 83, 78, 84, 81, 82, 85, 86, 87, 88]]
89: [[13, 23, 36, 43, 11, 7, 1, 4, 70, 2, 29, 5, 12, 15, 16, 24, 31, 14, 28, 22, 17, 25], [8, 50, 9, 10, 21, 18, 19, 3, 6, 20, 59, 26, 27, 30, 40, 58, 39, 44, 33, 34, 32, 45], [37, 35, 46, 38, 57, 42, 63, 41, 47, 48, 55, 49, 53, 51, 62, 54, 52, 56, 61, 60, 64, 66], [71, 75, 65, 67, 68, 76, 69, 73, 72, 79, 74, 80, 77, 83, 78, 84, 81, 82, 85, 86, 87, 88]]
90: [[13, 23, 36, 43, 11, 7, 1, 4, 70, 2, 29, 5, 12, 15, 16, 24, 31, 14, 28, 22, 17, 25], [8, 50, 9, 10, 21, 18, 19, 3, 6, 20, 59, 26, 27, 30, 40, 58, 39, 44, 33, 34, 32, 45], [37, 35, 46, 38, 57, 42, 63, 41, 47, 48, 55, 49, 53, 51, 62, 54, 52, 56, 61, 60, 64, 66], [71, 75, 65, 67, 68, 76, 69, 73, 72, 79, 74, 80, 77, 83, 78, 84, 81, 82, 85, 86, 87, 88]]
91: [[13, 23, 36, 43, 11, 7, 1, 4, 70, 2, 29, 5, 12, 15, 16, 24, 31, 14, 28, 22, 17, 25], [8, 50, 9, 10, 21, 18, 19, 3, 6, 20, 59, 26, 27, 30, 40, 58, 39, 44, 33, 34, 32, 45], [37, 35, 46, 38, 57, 42, 63, 41, 47, 48, 55, 49, 53, 51, 62, 54, 52, 56, 61, 60, 64, 66], [71, 75, 65, 67, 68, 76, 69, 73, 72, 79, 74, 80, 77, 83, 78, 84, 81, 82, 85, 86, 87, 88]]
92: [[13, 23, 36, 43, 11, 7, 1, 4, 70, 2, 29, 5, 12, 15, 16, 24, 31, 14, 28, 22, 17, 25], [8, 50, 9, 10, 21, 18, 19, 3, 6, 20, 59, 26, 27, 30, 40, 58, 39, 44, 33, 34, 32, 45], [37, 35, 46, 38, 57, 42, 63, 41, 47, 48, 55, 49, 53, 51, 62, 54, 52, 56, 61, 60, 64, 66], [71, 75, 65, 67, 68, 76, 69, 73, 72, 79, 74, 80, 77, 83, 78, 84, 81, 82, 85, 86, 87, 88]]
93: [[13, 23, 36, 43, 11, 7, 1, 4, 70, 2, 29, 5, 12, 15, 16, 24, 31, 14, 28, 22, 17, 25], [8, 50, 9, 10, 21, 18, 19, 3, 6, 20, 59, 26, 27, 30, 40, 58, 39, 44, 33, 34, 32, 45], [37, 35, 46, 38, 57, 42, 63, 41, 47, 48, 55, 49, 53, 51, 62, 54, 52, 56, 61, 60, 64, 66], [71, 75, 65, 67, 68, 76, 69, 73, 72, 79, 74, 80, 77, 83, 78, 84, 81, 82, 85, 86, 87, 88]]
94: [[13, 23, 36, 43, 11, 7, 1, 4, 70, 2, 29, 5, 12, 15, 16, 24, 31, 14, 28, 22, 17, 25], [8, 50, 9, 10, 21, 18, 19, 3, 6, 20, 59, 26, 27, 30, 40, 58, 39, 44, 33, 34, 32, 45], [37, 35, 46, 38, 57, 42, 63, 41, 47, 48, 55, 49, 53, 51, 62, 54, 52, 56, 61, 60, 64, 66], [71, 75, 65, 67, 68, 76, 69, 73, 72, 79, 74, 80, 77, 83, 78, 84, 81, 82, 85, 86, 87, 88]]
95: [[13, 23, 36, 43, 11, 7, 1, 4, 70, 2, 29, 5, 12, 15, 16, 24, 31, 14, 28, 22, 17, 25], [8, 50, 9, 10, 21, 18, 19, 3, 6, 20, 59, 26, 27, 30, 40, 58, 39, 44, 33, 34, 32, 45], [37, 35, 46, 38, 57, 42, 63, 41, 47, 48, 55, 49, 53, 51, 62, 54, 52, 56, 61, 60, 64, 66], [71, 75, 65, 67, 68, 76, 69, 73, 72, 79, 74, 80, 77, 83, 78, 84, 81, 82, 85, 86, 87, 88]]
96: [[13, 23, 36, 43, 11, 7, 1, 4, 70, 2, 29, 5, 12, 15, 16, 24, 31, 14, 28, 22, 17, 25], [8, 50, 9, 10, 21, 18, 19, 3, 6, 20, 59, 26, 27, 30, 40, 58, 39, 44, 33, 34, 32, 45], [37, 35, 46, 38, 57, 42, 63, 41, 47, 48, 55, 49, 53, 51, 62, 54, 52, 56, 61, 60, 64, 66], [71, 75, 65, 67, 68, 76, 69, 73, 72, 79, 74, 80, 77, 83, 78, 84, 81, 82, 85, 86, 87, 88]]
97: [[13, 23, 36, 43, 11, 7, 1, 4, 70, 2, 29, 5, 12, 15, 16, 24, 31, 14, 28, 22, 17, 25], [8, 50, 9, 10, 21, 18, 19, 3, 6, 20, 59, 26, 27, 30, 40, 58, 39, 44, 33, 34, 32, 45], [37, 35, 46, 38, 57, 42, 63, 41, 47, 48, 55, 49, 53, 51, 62, 54, 52, 56, 61, 60, 64, 66], [71, 75, 65, 67, 68, 76, 69, 73, 72, 79, 74, 80, 77, 83, 78, 84, 81, 82, 85, 86, 87, 88]]
98: [[13, 23, 36, 43, 11, 7, 1, 4, 70, 2, 29, 5, 12, 15, 16, 24, 31, 14, 28, 22, 17, 25], [8, 50, 9, 10, 21, 18, 19, 3, 6, 20, 59, 26, 27, 30, 40, 58, 39, 44, 33, 34, 32, 45], [37, 35, 46, 38, 57, 42, 63, 41, 47, 48, 55, 49, 53, 51, 62, 54, 52, 56, 61, 60, 64, 66], [71, 75, 65, 67, 68, 76, 69, 73, 72, 79, 74, 80, 77, 83, 78, 84, 81, 82, 85, 86, 87, 88]]
99: [[13, 23, 36, 43, 11, 7, 1, 4, 70, 2, 29, 5, 12, 15, 16, 24, 31, 14, 28, 22, 17, 25], [8, 50, 9, 10, 21, 18, 19, 3, 6, 20, 59, 26, 27, 30, 40, 58, 39, 44, 33, 34, 32, 45], [37, 35, 46, 38, 57, 42, 63, 41, 47, 48, 55, 49, 53, 51, 62, 54, 52, 56, 61, 60, 64, 66], [71, 75, 65, 67, 68, 76, 69, 73, 72, 79, 74, 80, 77, 83, 78, 84, 81, 82, 85, 86, 87, 88]]
100: [[13, 23, 36, 43, 11, 7, 1, 4, 70, 2, 29, 5, 12, 15, 16, 24, 31, 14, 28, 22, 17, 25], [8, 50, 9, 10, 21, 18, 19, 3, 6, 20, 59, 26, 27, 30, 40, 58, 39, 44, 33, 34, 32, 45], [37, 35, 46, 38, 57, 42, 63, 41, 47, 48, 55, 49, 53, 51, 62, 54, 52, 56, 61, 60, 64, 66], [71, 75, 65, 67, 68, 76, 69, 73, 72, 79, 74, 80, 77, 83, 78, 84, 81, 82, 85, 86, 87, 88]]
101: [[13, 23, 36, 43, 11, 7, 1, 4, 70, 2, 29, 5, 12, 15, 16, 24, 31, 14, 28, 22, 17, 25], [8, 50, 9, 10, 21, 18, 19, 3, 6, 20, 59, 26, 27, 30, 40, 58, 39, 44, 33, 34, 32, 45], [37, 35, 46, 38, 57, 42, 63, 41, 47, 48, 55, 49, 53, 51, 62, 54, 52, 56, 61, 60, 64, 66], [71, 75, 65, 67, 68, 76, 69, 73, 72, 79, 74, 80, 77, 83, 78, 84, 81, 82, 85, 86, 87, 88]]
102: [[13, 23, 36, 43, 11, 7, 1, 4, 70, 2, 29, 5, 12, 15, 16, 24, 31, 14, 28, 22, 17, 25], [8, 50, 9, 10, 21, 18, 19, 3, 6, 20, 59, 26, 27, 30, 40, 58, 39, 44, 33, 34, 32, 45], [37, 35, 46, 38, 57, 42, 63, 41, 47, 48, 55, 49, 53, 51, 62, 54, 52, 56, 61, 60, 64, 66], [71, 75, 65, 67, 68, 76, 69, 73, 72, 79, 74, 80, 77, 83, 78, 84, 81, 82, 85, 86, 87, 88]]
103: [[13, 23, 36, 43, 11, 7, 1, 4, 70, 2, 29, 5, 12, 15, 16, 24, 31, 14, 28, 22, 17, 25], [8, 50, 9, 10, 21, 18, 19, 3, 6, 20, 59, 26, 27, 30, 40, 58, 39, 44, 33, 34, 32, 45], [37, 35, 46, 38, 57, 42, 63, 41, 47, 48, 55, 49, 53, 51, 62, 54, 52, 56, 61, 60, 64, 66], [71, 75, 65, 67, 68, 76, 69, 73, 72, 79, 74, 80, 77, 83, 78, 84, 81, 82, 85, 86, 87, 88]]
104: [[13, 23, 36, 43, 11, 7, 1, 4, 70, 2, 29, 5, 12, 15, 16, 24, 31, 14, 28, 22, 17, 25], [8, 50, 9, 10, 21, 18, 19, 3, 6, 20, 59, 26, 27, 30, 40, 58, 39, 44, 33, 34, 32, 45], [37, 35, 46, 38, 57, 42, 63, 41, 47, 48, 55, 49, 53, 51, 62, 54, 52, 56, 61, 60, 64, 66], [71, 75, 65, 67, 68, 76, 69, 73, 72, 79, 74, 80, 77, 83, 78, 84, 81, 82, 85, 86, 87, 88]]
105: [[13, 23, 36, 43, 11, 7, 1, 4, 70, 2, 29, 5, 12, 15, 16, 24, 31, 14, 28, 22, 17, 25], [8, 50, 9, 10, 21, 18, 19, 3, 6, 20, 59, 26, 27, 30, 40, 58, 39, 44, 33, 34, 32, 45], [37, 35, 46, 38, 57, 42, 63, 41, 47, 48, 55, 49, 53, 51, 62, 54, 52, 56, 61, 60, 64, 66], [71, 75, 65, 67, 68, 76, 69, 73, 72, 79, 74, 80, 77, 83, 78, 84, 81, 82, 85, 86, 87, 88]]
106: [[13, 23, 36, 43, 11, 7, 1, 4, 70, 2, 29, 5, 12, 15, 16, 24, 31, 14, 28, 22, 17, 25], [8, 50, 9, 10, 21, 18, 19, 3, 6, 20, 59, 26, 27, 30, 40, 58, 39, 44, 33, 34, 32, 45], [37, 35, 46, 38, 57, 42, 63, 41, 47, 48, 55, 49, 53, 51, 62, 54, 52, 56, 61, 60, 64, 66], [71, 75, 65, 67, 68, 76, 69, 73, 72, 79, 74, 80, 77, 83, 78, 84, 81, 82, 85, 86, 87, 88]]
107: [[13, 23, 36, 43, 11, 7, 1, 4, 70, 2, 29, 5, 12, 15, 16, 24, 31, 14, 28, 22, 17, 25], [8, 50, 9, 10, 21, 18, 19, 3, 6, 20, 59, 26, 27, 30, 40, 58, 39, 44, 33, 34, 32, 45], [37, 35, 46, 38, 57, 42, 63, 41, 47, 48, 55, 49, 53, 51, 62, 54, 52, 56, 61, 60, 64, 66], [71, 75, 65, 67, 68, 76, 69, 73, 72, 79, 74, 80, 77, 83, 78, 84, 81, 82, 85, 86, 87, 88]]
108: [[13, 23, 36, 43, 11, 7, 1, 4, 70, 2, 29, 5, 12, 15, 16, 24, 31, 14, 28, 22, 17, 25], [8, 50, 9, 10, 21, 18, 19, 3, 6, 20, 59, 26, 27, 30, 40, 58, 39, 44, 33, 34, 32, 45], [37, 35, 46, 38, 57, 42, 63, 41, 47, 48, 55, 49, 53, 51, 62, 54, 52, 56, 61, 60, 64, 66], [71, 75, 65, 67, 68, 76, 69, 73, 72, 79, 74, 80, 77, 83, 78, 84, 81, 82, 85, 86, 87, 88]]
109: [[13, 23, 36, 43, 11, 7, 1, 4, 70, 2, 29, 5, 12, 15, 16, 24, 31, 14, 28, 22, 17, 25], [8, 50, 9, 10, 21, 18, 19, 3, 6, 20, 59, 26, 27, 30, 40, 58, 39, 44, 33, 34, 32, 45], [37, 35, 46, 38, 57, 42, 63, 41, 47, 48, 55, 49, 53, 51, 62, 54, 52, 56, 61, 60, 64, 66], [71, 75, 65, 67, 68, 76, 69, 73, 72, 79, 74, 80, 77, 83, 78, 84, 81, 82, 85, 86, 87, 88]]
110: [[13, 23, 36, 43, 11, 7, 1, 4, 70, 2, 29, 5, 12, 15, 16, 24, 31, 14, 28, 22, 17, 25], [8, 50, 9, 10, 21, 18, 19, 3, 6, 20, 59, 26, 27, 30, 40, 58, 39, 44, 33, 34, 32, 45], [37, 35, 46, 38, 57, 42, 63, 41, 47, 48, 55, 49, 53, 51, 62, 54, 52, 56, 61, 60, 64, 66], [71, 75, 65, 67, 68, 76, 69, 73, 72, 79, 74, 80, 77, 83, 78, 84, 81, 82, 85, 86, 87, 88]]
111: [[13, 23, 36, 43, 11, 7, 1, 4, 70, 2, 29, 5, 12, 15, 16, 24, 31, 14, 28, 22, 17, 25], [8, 50, 9, 10, 21, 18, 19, 3, 6, 20, 59, 26, 27, 30, 40, 58, 39, 44, 33, 34, 32, 45], [37, 35, 46, 38, 57, 42, 63, 41, 47, 48, 55, 49, 53, 51, 62, 54, 52, 56, 61, 60, 64, 66], [71, 75, 65, 67, 68, 76, 69, 73, 72, 79, 74, 80, 77, 83, 78, 84, 81, 82, 85, 86, 87, 88]]
112: [[13, 23, 36, 43, 11, 7, 1, 4, 70, 2, 29, 5, 12, 15, 16, 24, 31, 14, 28, 22, 17, 25], [8, 50, 9, 10, 21, 18, 19, 3, 6, 20, 59, 26, 27, 30, 40, 58, 39, 44, 33, 34, 32, 45], [37, 35, 46, 38, 57, 42, 63, 41, 47, 48, 55, 49, 53, 51, 62, 54, 52, 56, 61, 60, 64, 66], [71, 75, 65, 67, 68, 76, 69, 73, 72, 79, 74, 80, 77, 83, 78, 84, 81, 82, 85, 86, 87, 88]]
113: [[13, 23, 36, 43, 11, 7, 1, 4, 70, 2, 29, 5, 12, 15, 16, 24, 31, 14, 28, 22, 17, 25], [8, 50, 9, 10, 21, 18, 19, 3, 6, 20, 59, 26, 27, 30, 40, 58, 39, 44, 33, 34, 32, 45], [37, 35, 46, 38, 57, 42, 63, 41, 47, 48, 55, 49, 53, 51, 62, 54, 52, 56, 61, 60, 64, 66], [71, 75, 65, 67, 68, 76, 69, 73, 72, 79, 74, 80, 77, 83, 78, 84, 81, 82, 85, 86, 87, 88]]
114: [[13, 23, 36, 43, 11, 7, 1, 4, 70, 2, 29, 5, 12, 15, 16, 24, 31, 14, 28, 22, 17, 25], [8, 50, 9, 10, 21, 18, 19, 3, 6, 20, 59, 26, 27, 30, 40, 58, 39, 44, 33, 34, 32, 45], [37, 35, 46, 38, 57, 42, 63, 41, 47, 48, 55, 49, 53, 51, 62, 54, 52, 56, 61, 60, 64, 66], [71, 75, 65, 67, 68, 76, 69, 73, 72, 79, 74, 80, 77, 83, 78, 84, 81, 82, 85, 86, 87, 88]]
115: [[13, 23, 36, 43, 11, 7, 1, 4, 70, 2, 29, 5, 12, 15, 16, 24, 31, 14, 28, 22, 17, 25], [8, 50, 9, 10, 21, 18, 19, 3, 6, 20, 59, 26, 27, 30, 40, 58, 39, 44, 33, 34, 32, 45], [37, 35, 46, 38, 57, 42, 63, 41, 47, 48, 55, 49, 53, 51, 62, 54, 52, 56, 61, 60, 64, 66], [71, 75, 65, 67, 68, 76, 69, 73, 72, 79, 74, 80, 77, 83, 78, 84, 81, 82, 85, 86, 87, 88]]
116: [[13, 23, 36, 43, 11, 7, 1, 4, 70, 2, 29, 5, 12, 15, 16, 24, 31, 14, 28, 22, 17, 25], [8, 50, 9, 10, 21, 18, 19, 3, 6, 20, 59, 26, 27, 30, 40, 58, 39, 44, 33, 34, 32, 45], [37, 35, 46, 38, 57, 42, 63, 41, 47, 48, 55, 49, 53, 51, 62, 54, 52, 56, 61, 60, 64, 66], [71, 75, 65, 67, 68, 76, 69, 73, 72, 79, 74, 80, 77, 83, 78, 84, 81, 82, 85, 86, 87, 88]]
117: [[13, 23, 36, 43, 11, 7, 1, 4, 70, 2, 29, 5, 12, 15, 16, 24, 31, 14, 28, 22, 17, 25], [8, 50, 9, 10, 21, 18, 19, 3, 6, 20, 59, 26, 27, 30, 40, 58, 39, 44, 33, 34, 32, 45], [37, 35, 46, 38, 57, 42, 63, 41, 47, 48, 55, 49, 53, 51, 62, 54, 52, 56, 61, 60, 64, 66], [71, 75, 65, 67, 68, 76, 69, 73, 72, 79, 74, 80, 77, 83, 78, 84, 81, 82, 85, 86, 87, 88]]
118: [[13, 23, 36, 43, 11, 7, 1, 4, 70, 2, 29, 5, 12, 15, 16, 24, 31, 14, 28, 22, 17, 25], [8, 50, 9, 10, 21, 18, 19, 3, 6, 20, 59, 26, 27, 30, 40, 58, 39, 44, 33, 34, 32, 45], [37, 35, 46, 38, 57, 42, 63, 41, 47, 48, 55, 49, 53, 51, 62, 54, 52, 56, 61, 60, 64, 66], [71, 75, 65, 67, 68, 76, 69, 73, 72, 79, 74, 80, 77, 83, 78, 84, 81, 82, 85, 86, 87, 88]]
119: [[13, 23, 36, 43, 11, 7, 1, 4, 70, 2, 29, 5, 12, 15, 16, 24, 31, 14, 28, 22, 17, 25], [8, 50, 9, 10, 21, 18, 19, 3, 6, 20, 59, 26, 27, 30, 40, 58, 39, 44, 33, 34, 32, 45], [37, 35, 46, 38, 57, 42, 63, 41, 47, 48, 55, 49, 53, 51, 62, 54, 52, 56, 61, 60, 64, 66], [71, 75, 65, 67, 68, 76, 69, 73, 72, 79, 74, 80, 77, 83, 78, 84, 81, 82, 85, 86, 87, 88]]
120: [[13, 23, 36, 43, 11, 7, 1, 4, 70, 2, 29, 5, 12, 15, 16, 24, 31, 14, 28, 22, 17, 25], [8, 50, 9, 10, 21, 18, 19, 3, 6, 20, 59, 26, 27, 30, 40, 58, 39, 44, 33, 34, 32, 45], [37, 35, 46, 38, 57, 42, 63, 41, 47, 48, 55, 49, 53, 51, 62, 54, 52, 56, 61, 60, 64, 66], [71, 75, 65, 67, 68, 76, 69, 73, 72, 79, 74, 80, 77, 83, 78, 84, 81, 82, 85, 86, 87, 88]]
121: [[13, 23, 36, 43, 11, 7, 1, 4, 70, 2, 29, 5, 12, 15, 16, 24, 31, 14, 28, 22, 17, 25], [8, 50, 9, 10, 21, 18, 19, 3, 6, 20, 59, 26, 27, 30, 40, 58, 39, 44, 33, 34, 32, 45], [37, 35, 46, 38, 57, 42, 63, 41, 47, 48, 55, 49, 53, 51, 62, 54, 52, 56, 61, 60, 64, 66], [71, 75, 65, 67, 68, 76, 69, 73, 72, 79, 74, 80, 77, 83, 78, 84, 81, 82, 85, 86, 87, 88]]
122: [[13, 23, 36, 43, 11, 7, 1, 4, 70, 2, 29, 5, 12, 15, 16, 24, 31, 14, 28, 22, 17, 25], [8, 50, 9, 10, 21, 18, 19, 3, 6, 20, 59, 26, 27, 30, 40, 58, 39, 44, 33, 34, 32, 45], [37, 35, 46, 38, 57, 42, 63, 41, 47, 48, 55, 49, 53, 51, 62, 54, 52, 56, 61, 60, 64, 66], [71, 75, 65, 67, 68, 76, 69, 73, 72, 79, 74, 80, 77, 83, 78, 84, 81, 82, 85, 86, 87, 88]]
123: [[13, 23, 36, 43, 11, 7, 1, 4, 70, 2, 29, 5, 12, 15, 16, 24, 31, 14, 28, 22, 17, 25], [8, 50, 9, 10, 21, 18, 19, 3, 6, 20, 59, 26, 27, 30, 40, 58, 39, 44, 33, 34, 32, 45], [37, 35, 46, 38, 57, 42, 63, 41, 47, 48, 55, 49, 53, 51, 62, 54, 52, 56, 61, 60, 64, 66], [71, 75, 65, 67, 68, 76, 69, 73, 72, 79, 74, 80, 77, 83, 78, 84, 81, 82, 85, 86, 87, 88]]
124: [[13, 23, 36, 43, 11, 7, 1, 4, 70, 2, 29, 5, 12, 15, 16, 24, 31, 14, 28, 22, 17, 25], [8, 50, 9, 10, 21, 18, 19, 3, 6, 20, 59, 26, 27, 30, 40, 58, 39, 44, 33, 34, 32, 45], [37, 35, 46, 38, 57, 42, 63, 41, 47, 48, 55, 49, 53, 51, 62, 54, 52, 56, 61, 60, 64, 66], [71, 75, 65, 67, 68, 76, 69, 73, 72, 79, 74, 80, 77, 83, 78, 84, 81, 82, 85, 86, 87, 88]]
125: [[13, 23, 36, 43, 11, 7, 1, 4, 70, 2, 29, 5, 12, 15, 16, 24, 31, 14, 28, 22, 17, 25], [8, 50, 9, 10, 21, 18, 19, 3, 6, 20, 59, 26, 27, 30, 40, 58, 39, 44, 33, 34, 32, 45], [37, 35, 46, 38, 57, 42, 63, 41, 47, 48, 55, 49, 53, 51, 62, 54, 52, 56, 61, 60, 64, 66], [71, 75, 65, 67, 68, 76, 69, 73, 72, 79, 74, 80, 77, 83, 78, 84, 81, 82, 85, 86, 87, 88]]
126: [[13, 23, 36, 43, 11, 7, 1, 4, 70, 2, 29, 5, 12, 15, 16, 24, 31, 14, 28, 22, 17, 25], [8, 50, 9, 10, 21, 18, 19, 3, 6, 20, 59, 26, 27, 30, 40, 58, 39, 44, 33, 34, 32, 45], [37, 35, 46, 38, 57, 42, 63, 41, 47, 48, 55, 49, 53, 51, 62, 54, 52, 56, 61, 60, 64, 66], [71, 75, 65, 67, 68, 76, 69, 73, 72, 79, 74, 80, 77, 83, 78, 84, 81, 82, 85, 86, 87, 88]]
127: [[13, 23, 36, 43, 11, 7, 1, 4, 70, 2, 29, 5, 12, 15, 16, 24, 31, 14, 28, 22, 17, 25], [8, 50, 9, 10, 21, 18, 19, 3, 6, 20, 59, 26, 27, 30, 40, 58, 39, 44, 33, 34, 32, 45], [37, 35, 46, 38, 57, 42, 63, 41, 47, 48, 55, 49, 53, 51, 62, 54, 52, 56, 61, 60, 64, 66], [71, 75, 65, 67, 68, 76, 69, 73, 72, 79, 74, 80, 77, 83, 78, 84, 81, 82, 85, 86, 87, 88]]
128: [[13, 23, 36, 43, 11, 7, 1, 4, 70, 2, 29, 5, 12, 15, 16, 24, 31, 14, 28, 22, 17, 25], [8, 50, 9, 10, 21, 18, 19, 3, 6, 20, 59, 26, 27, 30, 40, 58, 39, 44, 33, 34, 32, 45], [37, 35, 46, 38, 57, 42, 63, 41, 47, 48, 55, 49, 53, 51, 62, 54, 52, 56, 61, 60, 64, 66], [71, 75, 65, 67, 68, 76, 69, 73, 72, 79, 74, 80, 77, 83, 78, 84, 81, 82, 85, 86, 87, 88]]
129: [[13, 23, 36, 43, 11, 7, 1, 4, 70, 2, 29, 5, 12, 15, 16, 24, 31, 14, 28, 22, 17, 25], [8, 50, 9, 10, 21, 18, 19, 3, 6, 20, 59, 26, 27, 30, 40, 58, 39, 44, 33, 34, 32, 45], [37, 35, 46, 38, 57, 42, 63, 41, 47, 48, 55, 49, 53, 51, 62, 54, 52, 56, 61, 60, 64, 66], [71, 75, 65, 67, 68, 76, 69, 73, 72, 79, 74, 80, 77, 83, 78, 84, 81, 82, 85, 86, 87, 88]]
130: [[13, 23, 36, 43, 11, 7, 1, 4, 70, 2, 29, 5, 12, 15, 16, 24, 31, 14, 28, 22, 17, 25], [8, 50, 9, 10, 21, 18, 19, 3, 6, 20, 59, 26, 27, 30, 40, 58, 39, 44, 33, 34, 32, 45], [37, 35, 46, 38, 57, 42, 63, 41, 47, 48, 55, 49, 53, 51, 62, 54, 52, 56, 61, 60, 64, 66], [71, 75, 65, 67, 68, 76, 69, 73, 72, 79, 74, 80, 77, 83, 78, 84, 81, 82, 85, 86, 87, 88]]
131: [[13, 23, 36, 43, 11, 7, 1, 4, 70, 2, 29, 5, 12, 15, 16, 24, 31, 14, 28, 22, 17, 25], [8, 50, 9, 10, 21, 18, 19, 3, 6, 20, 59, 26, 27, 30, 40, 58, 39, 44, 33, 34, 32, 45], [37, 35, 46, 38, 57, 42, 63, 41, 47, 48, 55, 49, 53, 51, 62, 54, 52, 56, 61, 60, 64, 66], [71, 75, 65, 67, 68, 76, 69, 73, 72, 79, 74, 80, 77, 83, 78, 84, 81, 82, 85, 86, 87, 88]]
132: [[13, 23, 36, 43, 11, 7, 1, 4, 70, 2, 29, 5, 12, 15, 16, 24, 31, 14, 28, 22, 17, 25], [8, 50, 9, 10, 21, 18, 19, 3, 6, 20, 59, 26, 27, 30, 40, 58, 39, 44, 33, 34, 32, 45], [37, 35, 46, 38, 57, 42, 63, 41, 47, 48, 55, 49, 53, 51, 62, 54, 52, 56, 61, 60, 64, 66], [71, 75, 65, 67, 68, 76, 69, 73, 72, 79, 74, 80, 77, 83, 78, 84, 81, 82, 85, 86, 87, 88]]
133: [[13, 23, 36, 43, 11, 7, 1, 4, 70, 2, 29, 5, 12, 15, 16, 24, 31, 14, 28, 22, 17, 25], [8, 50, 9, 10, 21, 18, 19, 3, 6, 20, 59, 26, 27, 30, 40, 58, 39, 44, 33, 34, 32, 45], [37, 35, 46, 38, 57, 42, 63, 41, 47, 48, 55, 49, 53, 51, 62, 54, 52, 56, 61, 60, 64, 66], [71, 75, 65, 67, 68, 76, 69, 73, 72, 79, 74, 80, 77, 83, 78, 84, 81, 82, 85, 86, 87, 88]]
134: [[13, 23, 36, 43, 11, 7, 1, 4, 70, 2, 29, 5, 12, 15, 16, 24, 31, 14, 28, 22, 17, 25], [8, 50, 9, 10, 21, 18, 19, 3, 6, 20, 59, 26, 27, 30, 40, 58, 39, 44, 33, 34, 32, 45], [37, 35, 46, 38, 57, 42, 63, 41, 47, 48, 55, 49, 53, 51, 62, 54, 52, 56, 61, 60, 64, 66], [71, 75, 65, 67, 68, 76, 69, 73, 72, 79, 74, 80, 77, 83, 78, 84, 81, 82, 85, 86, 87, 88]]
135: [[13, 23, 36, 43, 11, 7, 1, 4, 70, 2, 29, 5, 12, 15, 16, 24, 31, 14, 28, 22, 17, 25], [8, 50, 9, 10, 21, 18, 19, 3, 6, 20, 59, 26, 27, 30, 40, 58, 39, 44, 33, 34, 32, 45], [37, 35, 46, 38, 57, 42, 63, 41, 47, 48, 55, 49, 53, 51, 62, 54, 52, 56, 61, 60, 64, 66], [71, 75, 65, 67, 68, 76, 69, 73, 72, 79, 74, 80, 77, 83, 78, 84, 81, 82, 85, 86, 87, 88]]
136: [[13, 23, 36, 43, 11, 7, 1, 4, 70, 2, 29, 5, 12, 15, 16, 24, 31, 14, 28, 22, 17, 25], [8, 50, 9, 10, 21, 18, 19, 3, 6, 20, 59, 26, 27, 30, 40, 58, 39, 44, 33, 34, 32, 45], [37, 35, 46, 38, 57, 42, 63, 41, 47, 48, 55, 49, 53, 51, 62, 54, 52, 56, 61, 60, 64, 66], [71, 75, 65, 67, 68, 76, 69, 73, 72, 79, 74, 80, 77, 83, 78, 84, 81, 82, 85, 86, 87, 88]]
137: [[13, 23, 36, 43, 11, 7, 1, 4, 70, 2, 29, 5, 12, 15, 16, 24, 31, 14, 28, 22, 17, 25], [8, 50, 9, 10, 21, 18, 19, 3, 6, 20, 59, 26, 27, 30, 40, 58, 39, 44, 33, 34, 32, 45], [37, 35, 46, 38, 57, 42, 63, 41, 47, 48, 55, 49, 53, 51, 62, 54, 52, 56, 61, 60, 64, 66], [71, 75, 65, 67, 68, 76, 69, 73, 72, 79, 74, 80, 77, 83, 78, 84, 81, 82, 85, 86, 87, 88]]
138: [[13, 23, 36, 43, 11, 7, 1, 4, 70, 2, 29, 5, 12, 15, 16, 24, 31, 14, 28, 22, 17, 25], [8, 50, 9, 10, 21, 18, 19, 3, 6, 20, 59, 26, 27, 30, 40, 58, 39, 44, 33, 34, 32, 45], [37, 35, 46, 38, 57, 42, 63, 41, 47, 48, 55, 49, 53, 51, 62, 54, 52, 56, 61, 60, 64, 66], [71, 75, 65, 67, 68, 76, 69, 73, 72, 79, 74, 80, 77, 83, 78, 84, 81, 82, 85, 86, 87, 88]]
139: [[13, 23, 36, 43, 11, 7, 1, 4, 70, 2, 29, 5, 12, 15, 16, 24, 31, 14, 28, 22, 17, 25], [8, 50, 9, 10, 21, 18, 19, 3, 6, 20, 59, 26, 27, 30, 40, 58, 39, 44, 33, 34, 32, 45], [37, 35, 46, 38, 57, 42, 63, 41, 47, 48, 55, 49, 53, 51, 62, 54, 52, 56, 61, 60, 64, 66], [71, 75, 65, 67, 68, 76, 69, 73, 72, 79, 74, 80, 77, 83, 78, 84, 81, 82, 85, 86, 87, 88]]
140: [[13, 23, 36, 43, 11, 7, 1, 4, 70, 2, 29, 5, 12, 15, 16, 24, 31, 14, 28, 22, 17, 25], [8, 50, 9, 10, 21, 18, 19, 3, 6, 20, 59, 26, 27, 30, 40, 58, 39, 44, 33, 34, 32, 45], [37, 35, 46, 38, 57, 42, 63, 41, 47, 48, 55, 49, 53, 51, 62, 54, 52, 56, 61, 60, 64, 66], [71, 75, 65, 67, 68, 76, 69, 73, 72, 79, 74, 80, 77, 83, 78, 84, 81, 82, 85, 86, 87, 88]]
141: [[13, 23, 36, 43, 11, 7, 1, 4, 70, 2, 29, 5, 12, 15, 16, 24, 31, 14, 28, 22, 17, 25], [8, 50, 9, 10, 21, 18, 19, 3, 6, 20, 59, 26, 27, 30, 40, 58, 39, 44, 33, 34, 32, 45], [37, 35, 46, 38, 57, 42, 63, 41, 47, 48, 55, 49, 53, 51, 62, 54, 52, 56, 61, 60, 64, 66], [71, 75, 65, 67, 68, 76, 69, 73, 72, 79, 74, 80, 77, 83, 78, 84, 81, 82, 85, 86, 87, 88]]
142: [[13, 23, 36, 43, 11, 7, 1, 4, 70, 2, 29, 5, 12, 15, 16, 24, 31, 14, 28, 22, 17, 25], [8, 50, 9, 10, 21, 18, 19, 3, 6, 20, 59, 26, 27, 30, 40, 58, 39, 44, 33, 34, 32, 45], [37, 35, 46, 38, 57, 42, 63, 41, 47, 48, 55, 49, 53, 51, 62, 54, 52, 56, 61, 60, 64, 66], [71, 75, 65, 67, 68, 76, 69, 73, 72, 79, 74, 80, 77, 83, 78, 84, 81, 82, 85, 86, 87, 88]]
143: [[13, 23, 36, 43, 11, 7, 1, 4, 70, 2, 29, 5, 12, 15, 16, 24, 31, 14, 28, 22, 17, 25], [8, 50, 9, 10, 21, 18, 19, 3, 6, 20, 59, 26, 27, 30, 40, 58, 39, 44, 33, 34, 32, 45], [37, 35, 46, 38, 57, 42, 63, 41, 47, 48, 55, 49, 53, 51, 62, 54, 52, 56, 61, 60, 64, 66], [71, 75, 65, 67, 68, 76, 69, 73, 72, 79, 74, 80, 77, 83, 78, 84, 81, 82, 85, 86, 87, 88]]
144: [[13, 23, 36, 43, 11, 7, 1, 4, 70, 2, 29, 5, 12, 15, 16, 24, 31, 14, 28, 22, 17, 25], [8, 50, 9, 10, 21, 18, 19, 3, 6, 20, 59, 26, 27, 30, 40, 58, 39, 44, 33, 34, 32, 45], [37, 35, 46, 38, 57, 42, 63, 41, 47, 48, 55, 49, 53, 51, 62, 54, 52, 56, 61, 60, 64, 66], [71, 75, 65, 67, 68, 76, 69, 73, 72, 79, 74, 80, 77, 83, 78, 84, 81, 82, 85, 86, 87, 88]]
145: [[13, 23, 36, 43, 11, 7, 1, 4, 70, 2, 29, 5, 12, 15, 16, 24, 31, 14, 28, 22, 17, 25], [8, 50, 9, 10, 21, 18, 19, 3, 6, 20, 59, 26, 27, 30, 40, 58, 39, 44, 33, 34, 32, 45], [37, 35, 46, 38, 57, 42, 63, 41, 47, 48, 55, 49, 53, 51, 62, 54, 52, 56, 61, 60, 64, 66], [71, 75, 65, 67, 68, 76, 69, 73, 72, 79, 74, 80, 77, 83, 78, 84, 81, 82, 85, 86, 87, 88]]
146: [[13, 23, 36, 43, 11, 7, 1, 4, 70, 2, 29, 5, 12, 15, 16, 24, 31, 14, 28, 22, 17, 25], [8, 50, 9, 10, 21, 18, 19, 3, 6, 20, 59, 26, 27, 30, 40, 58, 39, 44, 33, 34, 32, 45], [37, 35, 46, 38, 57, 42, 63, 41, 47, 48, 55, 49, 53, 51, 62, 54, 52, 56, 61, 60, 64, 66], [71, 75, 65, 67, 68, 76, 69, 73, 72, 79, 74, 80, 77, 83, 78, 84, 81, 82, 85, 86, 87, 88]]
147: [[13, 23, 36, 43, 11, 7, 1, 4, 70, 2, 29, 5, 12, 15, 16, 24, 31, 14, 28, 22, 17, 25], [8, 50, 9, 10, 21, 18, 19, 3, 6, 20, 59, 26, 27, 30, 40, 58, 39, 44, 33, 34, 32, 45], [37, 35, 46, 38, 57, 42, 63, 41, 47, 48, 55, 49, 53, 51, 62, 54, 52, 56, 61, 60, 64, 66], [71, 75, 65, 67, 68, 76, 69, 73, 72, 79, 74, 80, 77, 83, 78, 84, 81, 82, 85, 86, 87, 88]]
148: [[13, 23, 36, 43, 11, 7, 1, 4, 70, 2, 29, 5, 12, 15, 16, 24, 31, 14, 28, 22, 17, 25], [8, 50, 9, 10, 21, 18, 19, 3, 6, 20, 59, 26, 27, 30, 40, 58, 39, 44, 33, 34, 32, 45], [37, 35, 46, 38, 57, 42, 63, 41, 47, 48, 55, 49, 53, 51, 62, 54, 52, 56, 61, 60, 64, 66], [71, 75, 65, 67, 68, 76, 69, 73, 72, 79, 74, 80, 77, 83, 78, 84, 81, 82, 85, 86, 87, 88]]
149: [[13, 23, 36, 43, 11, 7, 1, 4, 70, 2, 29, 5, 12, 15, 16, 24, 31, 14, 28, 22, 17, 25], [8, 50, 9, 10, 21, 18, 19, 3, 6, 20, 59, 26, 27, 30, 40, 58, 39, 44, 33, 34, 32, 45], [37, 35, 46, 38, 57, 42, 63, 41, 47, 48, 55, 49, 53, 51, 62, 54, 52, 56, 61, 60, 64, 66], [71, 75, 65, 67, 68, 76, 69, 73, 72, 79, 74, 80, 77, 83, 78, 84, 81, 82, 85, 86, 87, 88]]
150: [[13, 23, 36, 43, 11, 7, 1, 4, 70, 2, 29, 5, 12, 15, 16, 24, 31, 14, 28, 22, 17, 25], [8, 50, 9, 10, 21, 18, 19, 3, 6, 20, 59, 26, 27, 30, 40, 58, 39, 44, 33, 34, 32, 45], [37, 35, 46, 38, 57, 42, 63, 41, 47, 48, 55, 49, 53, 51, 62, 54, 52, 56, 61, 60, 64, 66], [71, 75, 65, 67, 68, 76, 69, 73, 72, 79, 74, 80, 77, 83, 78, 84, 81, 82, 85, 86, 87, 88]]
151: [[13, 23, 36, 43, 11, 7, 1, 4, 70, 2, 29, 5, 12, 15, 16, 24, 31, 14, 28, 22, 17, 25], [8, 50, 9, 10, 21, 18, 19, 3, 6, 20, 59, 26, 27, 30, 40, 58, 39, 44, 33, 34, 32, 45], [37, 35, 46, 38, 57, 42, 63, 41, 47, 48, 55, 49, 53, 51, 62, 54, 52, 56, 61, 60, 64, 66], [71, 75, 65, 67, 68, 76, 69, 73, 72, 79, 74, 80, 77, 83, 78, 84, 81, 82, 85, 86, 87, 88]]
152: [[13, 23, 36, 43, 11, 7, 1, 4, 70, 2, 29, 5, 12, 15, 16, 24, 31, 14, 28, 22, 17, 25], [8, 50, 9, 10, 21, 18, 19, 3, 6, 20, 59, 26, 27, 30, 40, 58, 39, 44, 33, 34, 32, 45], [37, 35, 46, 38, 57, 42, 63, 41, 47, 48, 55, 49, 53, 51, 62, 54, 52, 56, 61, 60, 64, 66], [71, 75, 65, 67, 68, 76, 69, 73, 72, 79, 74, 80, 77, 83, 78, 84, 81, 82, 85, 86, 87, 88]]
153: [[13, 23, 36, 43, 11, 7, 1, 4, 70, 2, 29, 5, 12, 15, 16, 24, 31, 14, 28, 22, 17, 25], [8, 50, 9, 10, 21, 18, 19, 3, 6, 20, 59, 26, 27, 30, 40, 58, 39, 44, 33, 34, 32, 45], [37, 35, 46, 38, 57, 42, 63, 41, 47, 48, 55, 49, 53, 51, 62, 54, 52, 56, 61, 60, 64, 66], [71, 75, 65, 67, 68, 76, 69, 73, 72, 79, 74, 80, 77, 83, 78, 84, 81, 82, 85, 86, 87, 88]]
154: [[13, 23, 36, 43, 11, 7, 1, 4, 70, 2, 29, 5, 12, 15, 16, 24, 31, 14, 28, 22, 17, 25], [8, 50, 9, 10, 21, 18, 19, 3, 6, 20, 59, 26, 27, 30, 40, 58, 39, 44, 33, 34, 32, 45], [37, 35, 46, 38, 57, 42, 63, 41, 47, 48, 55, 49, 53, 51, 62, 54, 52, 56, 61, 60, 64, 66], [71, 75, 65, 67, 68, 76, 69, 73, 72, 79, 74, 80, 77, 83, 78, 84, 81, 82, 85, 86, 87, 88]]
155: [[13, 23, 36, 43, 11, 7, 1, 4, 70, 2, 29, 5, 12, 15, 16, 24, 31, 14, 28, 22, 17, 25], [8, 50, 9, 10, 21, 18, 19, 3, 6, 20, 59, 26, 27, 30, 40, 58, 39, 44, 33, 34, 32, 45], [37, 35, 46, 38, 57, 42, 63, 41, 47, 48, 55, 49, 53, 51, 62, 54, 52, 56, 61, 60, 64, 66], [71, 75, 65, 67, 68, 76, 69, 73, 72, 79, 74, 80, 77, 83, 78, 84, 81, 82, 85, 86, 87, 88]]
156: [[13, 23, 36, 43, 11, 7, 1, 4, 70, 2, 29, 5, 12, 15, 16, 24, 31, 14, 28, 22, 17, 25], [8, 50, 9, 10, 21, 18, 19, 3, 6, 20, 59, 26, 27, 30, 40, 58, 39, 44, 33, 34, 32, 45], [37, 35, 46, 38, 57, 42, 63, 41, 47, 48, 55, 49, 53, 51, 62, 54, 52, 56, 61, 60, 64, 66], [71, 75, 65, 67, 68, 76, 69, 73, 72, 79, 74, 80, 77, 83, 78, 84, 81, 82, 85, 86, 87, 88]]
157: [[13, 23, 36, 43, 11, 7, 1, 4, 70, 2, 29, 5, 12, 15, 16, 24, 31, 14, 28, 22, 17, 25], [8, 50, 9, 10, 21, 18, 19, 3, 6, 20, 59, 26, 27, 30, 40, 58, 39, 44, 33, 34, 32, 45], [37, 35, 46, 38, 57, 42, 63, 41, 47, 48, 55, 49, 53, 51, 62, 54, 52, 56, 61, 60, 64, 66], [71, 75, 65, 67, 68, 76, 69, 73, 72, 79, 74, 80, 77, 83, 78, 84, 81, 82, 85, 86, 87, 88]]
158: [[13, 23, 36, 43, 11, 7, 1, 4, 70, 2, 29, 5, 12, 15, 16, 24, 31, 14, 28, 22, 17, 25], [8, 50, 9, 10, 21, 18, 19, 3, 6, 20, 59, 26, 27, 30, 40, 58, 39, 44, 33, 34, 32, 45], [37, 35, 46, 38, 57, 42, 63, 41, 47, 48, 55, 49, 53, 51, 62, 54, 52, 56, 61, 60, 64, 66], [71, 75, 65, 67, 68, 76, 69, 73, 72, 79, 74, 80, 77, 83, 78, 84, 81, 82, 85, 86, 87, 88]]
159: [[13, 23, 36, 43, 11, 7, 1, 4, 70, 2, 29, 5, 12, 15, 16, 24, 31, 14, 28, 22, 17, 25], [8, 50, 9, 10, 21, 18, 19, 3, 6, 20, 59, 26, 27, 30, 40, 58, 39, 44, 33, 34, 32, 45], [37, 35, 46, 38, 57, 42, 63, 41, 47, 48, 55, 49, 53, 51, 62, 54, 52, 56, 61, 60, 64, 66], [71, 75, 65, 67, 68, 76, 69, 73, 72, 79, 74, 80, 77, 83, 78, 84, 81, 82, 85, 86, 87, 88]]
160: [[13, 23, 36, 43, 11, 7, 1, 4, 70, 2, 29, 5, 12, 15, 16, 24, 31, 14, 28, 22, 17, 25], [8, 50, 9, 10, 21, 18, 19, 3, 6, 20, 59, 26, 27, 30, 40, 58, 39, 44, 33, 34, 32, 45], [37, 35, 46, 38, 57, 42, 63, 41, 47, 48, 55, 49, 53, 51, 62, 54, 52, 56, 61, 60, 64, 66], [71, 75, 65, 67, 68, 76, 69, 73, 72, 79, 74, 80, 77, 83, 78, 84, 81, 82, 85, 86, 87, 88]]
161: [[13, 23, 36, 43, 11, 7, 1, 4, 70, 2, 29, 5, 12, 15, 16, 24, 31, 14, 28, 22, 17, 25], [8, 50, 9, 10, 21, 18, 19, 3, 6, 20, 59, 26, 27, 30, 40, 58, 39, 44, 33, 34, 32, 45], [37, 35, 46, 38, 57, 42, 63, 41, 47, 48, 55, 49, 53, 51, 62, 54, 52, 56, 61, 60, 64, 66], [71, 75, 65, 67, 68, 76, 69, 73, 72, 79, 74, 80, 77, 83, 78, 84, 81, 82, 85, 86, 87, 88]]
162: [[13, 23, 36, 43, 11, 7, 1, 4, 70, 2, 29, 5, 12, 15, 16, 24, 31, 14, 28, 22, 17, 25], [8, 50, 9, 10, 21, 18, 19, 3, 6, 20, 59, 26, 27, 30, 40, 58, 39, 44, 33, 34, 32, 45], [37, 35, 46, 38, 57, 42, 63, 41, 47, 48, 55, 49, 53, 51, 62, 54, 52, 56, 61, 60, 64, 66], [71, 75, 65, 67, 68, 76, 69, 73, 72, 79, 74, 80, 77, 83, 78, 84, 81, 82, 85, 86, 87, 88]]
163: [[13, 23, 36, 43, 11, 7, 1, 4, 70, 2, 29, 5, 12, 15, 16, 24, 31, 14, 28, 22, 17, 25], [8, 50, 9, 10, 21, 18, 19, 3, 6, 20, 59, 26, 27, 30, 40, 58, 39, 44, 33, 34, 32, 45], [37, 35, 46, 38, 57, 42, 63, 41, 47, 48, 55, 49, 53, 51, 62, 54, 52, 56, 61, 60, 64, 66], [71, 75, 65, 67, 68, 76, 69, 73, 72, 79, 74, 80, 77, 83, 78, 84, 81, 82, 85, 86, 87, 88]]
164: [[13, 23, 36, 43, 11, 7, 1, 4, 70, 2, 29, 5, 12, 15, 16, 24, 31, 14, 28, 22, 17, 25], [8, 50, 9, 10, 21, 18, 19, 3, 6, 20, 59, 26, 27, 30, 40, 58, 39, 44, 33, 34, 32, 45], [37, 35, 46, 38, 57, 42, 63, 41, 47, 48, 55, 49, 53, 51, 62, 54, 52, 56, 61, 60, 64, 66], [71, 75, 65, 67, 68, 76, 69, 73, 72, 79, 74, 80, 77, 83, 78, 84, 81, 82, 85, 86, 87, 88]]
165: [[13, 23, 36, 43, 11, 7, 1, 4, 70, 2, 29, 5, 12, 15, 16, 24, 31, 14, 28, 22, 17, 25], [8, 50, 9, 10, 21, 18, 19, 3, 6, 20, 59, 26, 27, 30, 40, 58, 39, 44, 33, 34, 32, 45], [37, 35, 46, 38, 57, 42, 63, 41, 47, 48, 55, 49, 53, 51, 62, 54, 52, 56, 61, 60, 64, 66], [71, 75, 65, 67, 68, 76, 69, 73, 72, 79, 74, 80, 77, 83, 78, 84, 81, 82, 85, 86, 87, 88]]
166: [[13, 23, 36, 43, 11, 7, 1, 4, 70, 2, 29, 5, 12, 15, 16, 24, 31, 14, 28, 22, 17, 25], [8, 50, 9, 10, 21, 18, 19, 3, 6, 20, 59, 26, 27, 30, 40, 58, 39, 44, 33, 34, 32, 45], [37, 35, 46, 38, 57, 42, 63, 41, 47, 48, 55, 49, 53, 51, 62, 54, 52, 56, 61, 60, 64, 66], [71, 75, 65, 67, 68, 76, 69, 73, 72, 79, 74, 80, 77, 83, 78, 84, 81, 82, 85, 86, 87, 88]]
167: [[13, 23, 36, 43, 11, 7, 1, 4, 70, 2, 29, 5, 12, 15, 16, 24, 31, 14, 28, 22, 17, 25], [8, 50, 9, 10, 21, 18, 19, 3, 6, 20, 59, 26, 27, 30, 40, 58, 39, 44, 33, 34, 32, 45], [37, 35, 46, 38, 57, 42, 63, 41, 47, 48, 55, 49, 53, 51, 62, 54, 52, 56, 61, 60, 64, 66], [71, 75, 65, 67, 68, 76, 69, 73, 72, 79, 74, 80, 77, 83, 78, 84, 81, 82, 85, 86, 87, 88]]
168: [[13, 23, 36, 43, 11, 7, 1, 4, 70, 2, 29, 5, 12, 15, 16, 24, 31, 14, 28, 22, 17, 25], [8, 50, 9, 10, 21, 18, 19, 3, 6, 20, 59, 26, 27, 30, 40, 58, 39, 44, 33, 34, 32, 45], [37, 35, 46, 38, 57, 42, 63, 41, 47, 48, 55, 49, 53, 51, 62, 54, 52, 56, 61, 60, 64, 66], [71, 75, 65, 67, 68, 76, 69, 73, 72, 79, 74, 80, 77, 83, 78, 84, 81, 82, 85, 86, 87, 88]]
169: [[13, 23, 36, 43, 11, 7, 1, 4, 70, 2, 29, 5, 12, 15, 16, 24, 31, 14, 28, 22, 17, 25], [8, 50, 9, 10, 21, 18, 19, 3, 6, 20, 59, 26, 27, 30, 40, 58, 39, 44, 33, 34, 32, 45], [37, 35, 46, 38, 57, 42, 63, 41, 47, 48, 55, 49, 53, 51, 62, 54, 52, 56, 61, 60, 64, 66], [71, 75, 65, 67, 68, 76, 69, 73, 72, 79, 74, 80, 77, 83, 78, 84, 81, 82, 85, 86, 87, 88]]
170: [[13, 23, 36, 43, 11, 7, 1, 4, 70, 2, 29, 5, 12, 15, 16, 24, 31, 14, 28, 22, 17, 25], [8, 50, 9, 10, 21, 18, 19, 3, 6, 20, 59, 26, 27, 30, 40, 58, 39, 44, 33, 34, 32, 45], [37, 35, 46, 38, 57, 42, 63, 41, 47, 48, 55, 49, 53, 51, 62, 54, 52, 56, 61, 60, 64, 66], [71, 75, 65, 67, 68, 76, 69, 73, 72, 79, 74, 80, 77, 83, 78, 84, 81, 82, 85, 86, 87, 88]]
171: [[13, 23, 36, 43, 11, 7, 1, 4, 70, 2, 29, 5, 12, 15, 16, 24, 31, 14, 28, 22, 17, 25], [8, 50, 9, 10, 21, 18, 19, 3, 6, 20, 59, 26, 27, 30, 40, 58, 39, 44, 33, 34, 32, 45], [37, 35, 46, 38, 57, 42, 63, 41, 47, 48, 55, 49, 53, 51, 62, 54, 52, 56, 61, 60, 64, 66], [71, 75, 65, 67, 68, 76, 69, 73, 72, 79, 74, 80, 77, 83, 78, 84, 81, 82, 85, 86, 87, 88]]
172: [[13, 23, 36, 43, 11, 7, 1, 4, 70, 2, 29, 5, 12, 15, 16, 24, 31, 14, 28, 22, 17, 25], [8, 50, 9, 10, 21, 18, 19, 3, 6, 20, 59, 26, 27, 30, 40, 58, 39, 44, 33, 34, 32, 45], [37, 35, 46, 38, 57, 42, 63, 41, 47, 48, 55, 49, 53, 51, 62, 54, 52, 56, 61, 60, 64, 66], [71, 75, 65, 67, 68, 76, 69, 73, 72, 79, 74, 80, 77, 83, 78, 84, 81, 82, 85, 86, 87, 88]]
173: [[13, 23, 36, 43, 11, 7, 1, 4, 70, 2, 29, 5, 12, 15, 16, 24, 31, 14, 28, 22, 17, 25], [8, 50, 9, 10, 21, 18, 19, 3, 6, 20, 59, 26, 27, 30, 40, 58, 39, 44, 33, 34, 32, 45], [37, 35, 46, 38, 57, 42, 63, 41, 47, 48, 55, 49, 53, 51, 62, 54, 52, 56, 61, 60, 64, 66], [71, 75, 65, 67, 68, 76, 69, 73, 72, 79, 74, 80, 77, 83, 78, 84, 81, 82, 85, 86, 87, 88]]
174: [[13, 23, 36, 43, 11, 7, 1, 4, 70, 2, 29, 5, 12, 15, 16, 24, 31, 14, 28, 22, 17, 25], [8, 50, 9, 10, 21, 18, 19, 3, 6, 20, 59, 26, 27, 30, 40, 58, 39, 44, 33, 34, 32, 45], [37, 35, 46, 38, 57, 42, 63, 41, 47, 48, 55, 49, 53, 51, 62, 54, 52, 56, 61, 60, 64, 66], [71, 75, 65, 67, 68, 76, 69, 73, 72, 79, 74, 80, 77, 83, 78, 84, 81, 82, 85, 86, 87, 88]]
175: [[13, 23, 36, 43, 11, 7, 1, 4, 70, 2, 29, 5, 12, 15, 16, 24, 31, 14, 28, 22, 17, 25], [8, 50, 9, 10, 21, 18, 19, 3, 6, 20, 59, 26, 27, 30, 40, 58, 39, 44, 33, 34, 32, 45], [37, 35, 46, 38, 57, 42, 63, 41, 47, 48, 55, 49, 53, 51, 62, 54, 52, 56, 61, 60, 64, 66], [71, 75, 65, 67, 68, 76, 69, 73, 72, 79, 74, 80, 77, 83, 78, 84, 81, 82, 85, 86, 87, 88]]
