0: [[7, 35, 11, 3, 2], [1, 13, 5, 21, 6], [8], [4, 9, 14, 12, 19, 15, 22, 29, 16, 17, 23, 18, 10], [20, 31, 28, 27, 24, 25, 26, 30, 33], [56, 37, 38, 32, 44, 36], [43, 39, 40, 45, 34, 42], [41, 47, 53, 48, 50, 51, 55, 46, 52], [49, 57], [59, 54, 58, 60]]
1: [[7, 35, 11, 3, 2], [1, 13, 5, 21, 6], [8], [4, 9, 14, 12, 19, 15], [22, 29, 16, 17, 23, 18, 10], [20, 31], [28, 27, 24, 25, 26, 30], [33, 56, 37, 38, 32, 44], [36, 43, 39, 40, 45, 34, 42], [41, 47, 53, 48, 50, 51, 55, 46, 52], [49, 57], [59, 54, 58, 60]]
2: [[7, 35, 11, 3, 2], [1], [13, 4, 21, 6], [5, 12, 9, 8, 19, 14, 15, 22, 26, 25, 23, 18, 10], [16, 20, 17, 27, 31, 24, 29, 28, 30, 32, 56, 37, 42, 33, 40, 39], [34, 47, 36, 43, 38, 41, 45, 44, 52, 46, 51, 54, 50, 55], [49, 59, 53, 58, 57, 48, 60]]
3: [[7, 35, 11, 3, 2], [1, 13, 21, 5, 6], [14, 4, 8, 9, 10, 12, 15, 22, 17, 16], [19, 26, 23, 30, 20], [27, 18, 24, 31, 28, 25], [29, 36, 56, 33, 39], [32, 37, 38, 46, 40, 45, 44, 42, 59, 43, 34, 48, 50, 54, 51, 41, 47], [53, 60, 52, 55, 57, 49], [58]]
4: [[7, 35, 11, 3, 2], [1, 13, 21, 5, 6], [14, 4, 8, 9, 10, 12, 15, 22, 17, 16], [19, 26, 23, 30, 20], [27, 18, 24, 31, 28, 25], [29, 36, 56, 33, 39], [32, 37, 38, 46, 40, 45, 44, 42, 59, 43, 34, 48, 50, 54, 51, 41, 47], [53, 60, 52, 55, 57, 49], [58]]
5: [[7, 35, 11, 3, 2], [1, 13, 21, 5, 6], [14, 4, 8, 9, 10, 12, 15, 22, 17, 16], [19, 26, 23, 30, 20], [27, 18, 24, 31, 28, 25], [29, 36, 56, 33, 39], [32, 37, 38, 46, 40, 45, 44, 42, 59, 43, 34, 48, 50, 54, 51, 41, 47], [53, 60, 52, 55, 57, 49], [58]]
6: [[7, 35, 11, 3, 2, 1], [13, 21], [5], [6, 8, 4, 12, 9, 24, 14, 10, 31, 20, 27, 15, 26, 16, 23], [17, 25, 18, 19, 22, 28, 29, 30, 37, 54, 36, 41, 42, 32, 33, 34, 39, 44, 45, 38, 56, 46, 40, 43, 53, 48, 47, 50, 51, 52, 55], [49, 57, 58, 60, 59]]
7: [[7, 35, 11, 3, 2, 1], [13, 21, 4], [5, 6, 12, 8, 9, 15, 10], [14, 17, 16, 31, 19, 22, 18, 20, 25, 27, 23, 28, 26, 24, 29, 30, 32, 48, 37, 36, 33, 34, 38, 46, 39, 47, 40, 41, 59, 44, 45, 53, 43, 42, 51, 50, 54, 52, 56], [49, 55, 57, 60, 58]]
8: [[7, 35, 11, 3, 2], [1, 13, 21, 6, 4, 5, 14, 8, 10, 25, 9, 30, 15, 12, 29, 16], [27, 18, 17, 19, 20, 22, 23, 26, 24, 28, 31], [32, 40, 36, 44, 39, 33, 34, 37, 43, 47, 38, 41, 56], [45, 46, 53], [58, 42, 52, 48, 55, 51, 54], [49, 50, 57, 60, 59]]
9: [[7, 35, 11, 3, 2], [1, 13, 21, 5, 4, 12, 14, 9, 8, 6, 10, 19, 17, 16, 28, 15, 24, 20, 27, 18, 22, 31, 23, 25, 26, 29, 30, 32, 42, 38, 36, 33, 34, 39, 40, 46, 37, 41, 44, 59, 45, 43, 52, 56, 50, 58, 51, 48, 47, 53], [60, 55, 54, 49, 57]]
10: [[7, 35, 11, 3, 2, 1], [13, 21, 4, 6, 14], [12, 9, 5, 24, 8, 10, 15, 23, 16, 22, 25, 30], [26, 20, 18, 19, 31, 17, 27, 28, 29, 33, 43, 36, 38, 34, 37, 39, 45, 32, 40, 42, 47, 44], [41, 46, 54, 48, 55, 50, 51, 53], [52, 49, 59, 60, 57, 56, 58]]
11: [[7, 35, 11, 3, 2, 1], [13, 21, 6, 4, 14, 8], [5, 25, 26, 9, 20, 12, 27, 16, 18, 15, 10], [23, 17, 22, 19, 24], [28, 29, 31, 30, 33, 59, 37, 34, 32, 36, 47], [40, 39, 41, 38, 43, 44, 45], [51, 46], [42, 50, 55, 52], [53, 48, 49, 54, 56, 57, 58, 60]]
12: [[7, 35, 11, 3, 2], [1, 13, 21, 5, 6], [14, 12, 8, 4, 29, 18, 9, 15, 10], [26, 25, 16, 20, 17, 19], [22, 23, 27, 24, 30], [28, 31, 33, 47, 36], [54], [32, 37, 34, 38, 39, 41, 40], [43, 60, 44, 42, 45], [55, 46, 59, 52, 48, 50, 51, 49, 53, 57], [58, 56]]
13: [[7, 35, 11, 3, 2], [1, 13, 21, 5, 6, 14, 12, 8, 9, 17, 18, 4, 15, 29, 10], [24, 26, 20, 16, 19, 22, 23, 31, 25, 27, 28, 60, 33, 46, 32, 30, 36, 39, 37, 34, 38, 45, 40, 41, 56, 44, 42, 43, 54, 48, 47, 52], [49, 58, 55, 51, 53, 59, 50, 57]]
14: [[7, 35, 11, 3, 2], [1, 13, 21, 5, 6], [12, 4, 9, 8, 24, 10, 15], [31, 23, 25, 14, 29, 16, 18, 22, 17, 19, 20, 27, 26, 28, 30, 32, 41, 36, 46, 45, 34, 33, 38, 43, 44, 37, 39, 57, 42, 40, 51, 60, 47, 55, 48, 53, 50, 52, 49, 54, 56, 59, 58]]
15: [[7, 35, 11, 3, 2, 1], [13, 21, 12, 4, 8, 24, 5, 30, 9, 6, 10], [14, 16, 17, 15, 18, 19, 20, 22, 23, 29, 27, 31, 26, 25, 28, 33, 32, 52, 36, 37, 38, 45, 39, 41, 42, 34, 40, 43, 46, 44, 60, 48, 47], [50, 55, 54, 51, 49, 53, 57, 58, 56, 59]]
16: [[7, 35, 11, 3, 2], [1, 13, 21, 5, 4], [6, 8, 9, 14], [15, 12, 10, 19, 23, 24, 27, 16, 29, 30, 18, 17, 25, 20, 26, 22, 28, 31, 32, 37, 36, 33, 38, 46, 34, 40, 39, 43, 41, 45, 42, 44, 50, 47], [49, 48, 52, 55, 53, 56, 51, 54, 59, 57, 60, 58]]
17: [[7, 35, 11, 3, 2, 1], [13, 21, 5, 6, 14], [20, 4, 9, 24, 10, 15, 28, 12, 8, 22, 17, 18], [16, 19, 23, 27, 25, 26, 30, 31, 29, 33, 56, 60, 34, 38, 32, 39, 37, 36, 43, 46], [40, 41, 47, 58, 44, 48, 45, 49, 42, 50, 52, 51, 53, 54, 55, 57, 59]]
18: [[7, 35, 11, 3, 2], [1, 13, 21, 5, 6, 12, 4, 9, 10, 8, 14, 15, 18, 22, 24, 19, 17, 20, 16, 26, 23, 31, 25, 27, 29, 28, 30, 33, 46, 36, 38, 32, 37, 34, 40, 45, 39, 41, 42, 43, 47, 44, 58, 52, 54, 48], [55, 49, 51, 50, 57, 53, 56, 59, 60]]
19: [[7, 35, 11, 3, 2], [1, 13, 21, 5, 6], [14, 4, 9, 8, 10, 12, 22, 15, 16, 18], [20, 23, 24, 17, 19, 31], [26, 25, 27, 28, 30, 29], [37, 57, 44, 33, 32, 36], [38], [34, 39, 41, 42, 47, 40], [45, 46, 43, 50, 48, 55, 56, 49, 52, 53, 51, 54], [59, 60, 58]]
20: [[7, 35, 11, 3, 2], [1, 13, 21, 5, 6, 4], [30, 8, 9, 12, 10, 14, 23, 24, 15, 19, 16, 20, 27, 17, 26, 18, 22, 25, 28, 31, 29, 32, 60, 38, 37, 33, 46, 39, 34, 42, 45, 41, 36, 50, 43, 47, 44, 40, 48, 57, 49, 51, 53, 52, 55, 54, 58], [56, 59]]
21: [[7, 35, 11, 3, 2], [1, 13, 21, 5, 6], [10, 12, 9, 4, 8, 14, 19, 15, 27, 17, 23, 18, 16, 20, 25, 24, 26, 22, 28, 29, 30, 52, 32, 36, 34, 31, 33], [39, 54, 40, 46, 45, 41], [37, 38, 43, 47, 42, 44, 50, 49, 51, 55, 48, 53, 57, 59, 56, 60, 58]]
22: [[7, 35, 11, 3, 2], [1, 13, 5, 21, 6], [8], [4, 9, 14, 12, 19, 15, 22, 29, 16, 17, 23, 18, 10], [20, 31, 28, 27], [24, 25, 26, 30, 33, 56, 37, 38, 32, 44, 36, 43, 39, 40, 45, 34, 42, 41, 47, 53, 48, 50, 51, 55, 46, 52, 49, 57, 59, 54, 58, 60]]
23: [[7, 35, 11, 3, 2], [1, 13, 21, 4, 6], [8, 5, 9, 15, 12, 10, 14, 17, 22, 24, 27, 16, 30, 18, 19, 23, 31, 26, 25, 20, 28, 29, 32, 36, 37, 38, 34, 46, 39, 44, 40, 33, 42, 47, 41, 43, 45, 51, 49, 59, 54], [52, 50, 55, 48, 57, 56, 53, 58, 60]]
24: [[7, 35, 11, 3, 2], [1, 13, 21, 5, 4, 14], [6, 8, 9, 12, 15], [10, 23, 20, 19, 24], [31, 17, 16, 28, 18, 25], [22, 26], [29, 27, 30, 32, 40, 37, 44], [33, 47, 34, 38, 43], [39, 36, 42, 58, 45, 41, 55], [53, 48, 46, 50, 51, 52, 54], [49, 57, 56, 60, 59]]
25: [[7, 35, 11, 3, 2], [1, 13, 21, 4, 5], [8, 6, 10, 30, 9, 26, 14, 12, 15, 28, 16, 17, 19, 23, 20, 18, 22, 24, 27, 29, 25, 31, 32, 41, 37, 34, 33], [38, 36, 39, 47, 40], [42, 43, 44, 45], [46, 48, 57, 51, 50, 55, 53, 54, 49, 56, 58, 52, 60], [59]]
26: [[7, 35, 11, 3, 2], [1, 13, 21, 4, 6], [10, 8, 9, 12, 28, 14, 5, 15, 18, 24], [17, 16, 20, 22, 19, 23, 29, 26, 27, 25, 31, 30, 40, 59], [37, 38, 33, 32, 41, 34, 47, 36, 42, 46, 45, 39, 43, 44, 49, 58, 50, 52, 54, 55, 51, 48, 56, 53, 57, 60]]
27: [[7, 35, 11, 3, 2], [1, 13, 21, 5, 6], [12, 4, 8, 30, 25, 9, 22], [27, 10, 29, 19, 16, 18, 17, 14, 23, 28, 15, 26, 20, 24, 31, 32, 44, 37, 36, 49, 46, 42, 33, 34, 47, 38, 39, 58, 45, 41, 53, 57, 40, 43, 48, 55, 52, 51, 54, 56, 50, 60, 59]]
28: [[7, 35, 11, 3, 2], [1, 13, 21, 5, 6], [12, 28, 9, 4, 8], [10, 15, 24, 19, 14, 27, 31, 16, 17, 18, 20, 23, 29, 25], [22, 30, 26, 33, 32, 36, 34, 40, 39, 38, 46, 37, 43, 44, 41, 42, 45, 47, 52, 48, 49, 50, 54, 51, 53], [60, 55, 57, 56, 58, 59]]
29: [[7, 35, 11, 3, 2], [1, 13, 21, 5, 6], [4, 9, 8, 14, 12, 28], [15, 24, 31, 17, 10, 23, 18, 16, 22, 19, 20], [25, 29, 27, 26, 30, 33, 60], [38, 32], [34, 37, 36, 46], [45, 44, 41, 42, 47, 39, 58, 56], [49, 53, 51, 40, 43, 52, 50, 48, 55, 54, 59, 57]]
30: [[7, 35, 11, 3, 2], [1, 13, 5, 4, 21, 6], [8, 9, 15, 12, 10, 14], [26, 23, 22, 16, 17], [18, 27, 19, 20, 24, 29, 28, 25, 30, 31, 33], [40, 37, 38, 32, 36, 34, 39, 42, 43, 47, 41, 46, 45, 44], [54, 48, 51, 53, 58, 52, 49, 55, 57, 56, 59, 50, 60]]
31: [[7, 35, 11, 3, 2, 1], [13, 21, 5, 6, 4, 8, 9, 12, 14, 10, 15], [22, 31, 18, 20, 24, 16, 19, 17, 23, 25, 28, 27, 26, 29, 30, 33, 34, 37], [36, 32, 46, 39, 40], [42, 47, 44, 38, 51], [43, 45, 41, 56, 49, 50, 48, 54, 53, 52, 55, 57, 58, 60, 59]]
32: [[7, 35, 11, 3, 2], [1], [13, 21, 5, 6], [8, 12, 9, 4, 14, 15, 17, 16, 22, 10, 19, 23, 20], [18, 24, 27, 28, 26, 25, 29, 30, 31, 41, 57, 37, 34, 32, 44, 38], [33, 47, 36, 43, 46, 39, 45, 40, 48, 42, 58, 54, 50, 51], [53, 52, 55, 59, 60, 49, 56]]
33: [[7, 35, 11, 3, 2, 1], [13, 21, 5, 4, 14, 6, 8, 30, 25, 9, 16], [10, 12, 28, 31, 24, 19, 27, 17, 23, 20, 15, 26, 18, 29, 22, 33, 44, 52, 36, 49, 37, 39, 32, 40, 43, 34, 38, 58, 45, 46, 47, 42, 48], [41, 53, 54, 50, 51, 55, 56, 59, 57, 60]]
34: [[7, 35, 11, 3, 2, 1], [13, 21, 5, 4, 14, 6, 8, 30, 25, 9, 16], [10, 12, 28, 31, 24, 19, 27, 17, 23, 20, 15, 26, 18, 29, 22, 33, 44, 52, 36, 49, 37, 39, 32, 40, 43, 34, 38, 58, 45, 46, 47, 42, 48], [41, 53, 54, 50, 51, 55, 56, 59, 57, 60]]
35: [[7, 35, 11, 3, 2], [1, 13, 21, 5, 6], [8], [4, 9, 14, 10, 23, 12, 20, 15, 18, 17, 16, 19, 22], [24, 27, 28, 25, 31, 29, 26, 30, 41], [56, 37, 34, 32, 44, 38], [33, 39, 36, 45, 46, 42], [40, 43, 48, 50, 47, 51, 54, 55, 53], [58, 49], [59, 52, 57, 60]]
36: [[7, 35, 11, 3, 2], [1, 13, 21, 5, 22], [8], [4, 9, 15, 28, 10, 14], [16, 23, 6, 12, 17, 18], [19, 20, 31, 24, 29, 25, 27, 26, 30], [33, 56], [37, 34], [32, 46, 36, 40], [39, 38, 41, 43, 59, 42, 45, 58], [50, 44, 51, 54, 48], [53, 47, 49, 57, 52, 55, 60]]
37: [[7, 35, 11, 3, 2, 1], [13, 21, 6, 4, 14], [24, 25, 5, 12, 9, 16, 8, 27, 10, 30, 15, 17, 26, 23, 18, 19, 20, 31, 22, 28, 29, 34, 57, 53, 32], [33, 44, 38, 37, 36, 45, 43, 39, 58, 42, 47, 46], [40, 48, 60, 55, 50, 51, 41], [49, 54, 59, 56, 52]]
38: [[7, 35, 11, 3, 2, 1], [13, 21, 5, 6, 12, 9, 8, 14, 27, 26, 10, 15, 29, 16, 23, 20, 19, 17, 22, 24, 18, 31, 30, 28, 25, 32, 37, 40, 48, 4, 33, 36, 38, 39, 41, 44, 34, 46, 59, 42], [47, 43, 45, 49, 51, 52, 54, 53, 50, 55, 58, 56, 57, 60]]
39: [[7, 35, 11, 3, 2], [1, 13, 21], [5], [6, 14, 20, 8, 4, 12, 9, 10, 31, 15, 27, 19], [17, 30, 16, 18, 22, 23, 26, 29, 28, 24], [25, 45, 52, 37, 55, 32, 33, 39, 36, 40, 47, 34, 46, 48], [42, 38], [44, 41, 43, 49], [53, 54, 59, 51], [50, 58, 56, 60, 57]]
40: [[7, 35, 11, 3, 2, 1], [13, 21, 4, 6, 12, 8, 9, 15, 24, 10], [5, 14, 17, 26, 30, 19, 18, 16, 22, 23, 20, 31, 28, 25, 29, 27, 32, 60, 37, 38, 48, 46, 33, 34, 42, 41, 36, 39, 59, 43, 40, 53, 49, 44, 45, 54, 55, 47, 50, 57, 52, 51, 56, 58]]
41: [[7, 35, 11, 3, 2], [1, 13, 21, 6, 4], [8, 12, 9, 5], [10, 15, 14, 20, 23, 24, 19, 22, 26, 18, 16, 17, 27, 28, 29, 25, 30, 58, 37, 36, 42, 32, 31, 46, 38, 33, 34, 43, 39, 40, 59, 45, 47, 48, 41, 51, 54, 55], [49], [53, 44, 57, 50, 52, 56, 60]]
42: [[7, 35, 11, 3, 2], [1, 13, 21, 5, 14, 8, 6], [9, 4, 12, 15, 25], [28, 16, 10, 19, 17], [20], [22, 24, 18, 27], [23, 26, 29, 31, 30, 32, 42, 37, 50, 34, 38, 36, 33], [47, 45, 43, 39, 41, 44, 40, 48, 46, 54, 51, 59, 55], [53, 52, 57, 58, 60, 49, 56]]
43: [[7, 35, 11, 3, 2, 1], [13, 21, 5], [4, 12, 6, 8, 9, 26, 10], [17, 14, 20, 27, 23, 31, 15, 18, 16, 19, 22, 24, 28, 25, 30, 29, 41, 57, 36, 38, 34, 32, 37, 42, 43, 44, 33, 47, 59, 45, 40, 49, 50, 58, 39, 46, 51, 55, 52], [48, 53, 54, 56, 60]]
44: [[7, 35, 11, 3, 2], [1, 13, 21, 5, 4, 28, 6, 9, 14, 25, 8, 20, 12, 10, 15], [31, 30, 19, 18, 17, 23, 16, 26, 22, 24, 29], [27, 32, 36, 52, 33, 48, 37, 34, 40, 39, 42, 38, 43, 58, 46, 41, 55, 44, 45], [47, 49, 53, 51, 50, 57, 59, 54, 56, 60]]
45: [[7, 35, 11, 3, 2], [1], [13, 5, 21, 6], [8, 12, 9, 4, 14, 15, 31, 18, 30, 16, 19, 23, 20], [10, 17, 22, 28, 26, 25, 24, 27, 29, 33, 57, 37, 38, 32, 44, 36], [43, 47, 41, 42, 34, 39, 45, 46, 53, 40, 58, 54, 55, 51], [52, 48, 49, 59, 60, 50, 56]]
46: [[7, 35, 11, 3, 2], [1, 13, 21, 5, 6], [20, 14, 9, 4, 10, 8, 12], [15, 16, 23, 25, 17, 19], [30, 22, 31, 18, 26, 27, 29], [24, 28, 33, 56, 52, 38, 42, 36, 32], [41, 47], [34, 39, 43, 44, 40, 45], [37, 46, 58, 54, 48], [55, 49, 50, 51, 53, 57, 59, 60]]
47: [[7, 35, 11, 3, 2], [1, 13, 21, 5, 6, 15, 4, 9, 10, 8, 12, 16, 31, 17, 18], [23, 22, 14, 24, 19, 27], [26], [29, 20, 25, 30, 28, 33, 41, 37, 34, 32, 36, 44], [38, 40, 46, 42, 43, 57, 47, 45], [50, 54, 39, 55, 49, 48, 52], [53, 60, 59, 56, 51, 58]]
48: [[7, 35, 11, 3, 2, 1], [13, 21], [4, 6, 14, 5, 9], [26, 8, 10, 15, 12, 28, 20, 19, 17, 18, 22, 31, 23, 30, 27], [29, 16, 25, 55, 37], [58, 36, 54, 33, 24, 46, 34, 41, 45, 42], [38, 39], [32, 40, 43, 44, 49, 50, 47, 51, 60, 48, 52, 53, 56, 57, 59]]
49: [[7, 35, 11, 3, 2], [1, 13, 21, 5], [6, 14, 4, 8, 9], [10, 12, 15, 23, 17], [16, 27, 31, 18, 22, 28], [19, 24], [20, 30, 29, 25, 26, 32, 40], [37, 47, 36, 39, 34], [38, 42, 45, 44, 43, 58, 41], [33, 49, 54, 50, 46, 48, 55], [53, 52, 51, 57, 56, 60], [59]]
50: [[7, 35, 11, 3, 2, 1], [13, 21, 4, 5, 14, 24, 9, 8, 28, 6, 10, 12], [15, 16, 18, 17, 26, 19, 22, 20, 27, 29, 23, 30, 31, 25, 36, 50, 46, 32, 34, 38, 39, 33, 37, 44, 42, 40, 48, 45, 41, 43, 52, 55, 49, 47, 54, 53, 57, 51, 58, 56, 60, 59]]
51: [[7, 35, 11, 3, 2], [1, 13, 21, 4, 6], [8, 5], [9, 14, 23, 26, 28], [10, 30, 29, 15, 19, 18, 12, 17, 20, 16, 22, 25, 24, 27, 31], [41, 38, 37, 32, 33], [34, 36, 39, 43, 40], [42, 44, 45, 47, 46, 57, 58, 49, 53, 50, 48, 51, 52, 54, 55], [56, 59, 60]]
52: [[7, 35, 11, 3, 2], [1, 13, 21, 5, 4], [14], [10, 9, 8, 12, 6, 16, 30, 28, 15, 25, 19, 18, 17], [22, 31, 20, 23, 26, 24, 27, 29, 33, 60, 32, 46, 34, 47, 36, 37, 40, 43, 38, 41, 58, 44, 42, 39, 45, 50, 52, 55, 51, 49, 57], [59, 53, 48, 54, 56]]
53: [[7, 35, 11, 3, 2, 1], [13, 21, 5, 6, 12], [4, 9, 8, 10, 14], [15, 16, 18, 20, 25, 19, 17], [22, 23, 30, 26, 24, 27], [28, 29, 31, 32, 41, 48, 38], [42, 34, 36], [40, 47], [37, 44, 43, 55, 39, 46], [33, 45, 58, 54, 51], [50, 57, 49, 52, 53, 56, 59, 60]]
54: [[7, 35, 11, 3, 2], [1, 13, 21, 5, 6], [14, 4, 8, 10, 9, 12, 16, 15, 17, 23], [22, 26, 20, 18, 19, 27, 29, 25, 24, 28, 30, 31, 37, 41, 36], [38, 32, 33, 34, 39, 40, 44, 43, 47, 57, 42, 45, 54, 46, 50, 51, 48, 49, 53, 52, 60, 59, 56, 55, 58]]
55: [[7, 35, 11, 3, 2], [1, 13, 21, 5, 6, 14, 4, 9, 8, 10, 27, 12, 15, 29, 17, 16, 26, 18, 28, 22, 20, 31, 23, 19, 25, 24, 30, 37, 56, 32, 33, 36], [38, 40, 34, 44, 45, 42, 46, 41], [43, 47, 55, 54, 50, 39, 48, 51, 52, 53, 59, 49, 57, 58, 60]]
56: [[7, 35, 11, 3, 2], [1, 13, 21, 4, 5, 14, 30], [8, 6, 9, 15, 10, 12, 26, 16, 17], [28, 18], [19, 20, 22, 23, 24, 31], [25, 27, 29, 32, 36], [37, 38, 42, 33, 39], [41, 34, 40, 47, 43, 44, 46, 45, 48, 53], [49, 55, 51, 50, 52, 54, 57, 56, 59, 58, 60]]
57: [[7, 35, 11, 3, 2], [1, 13, 21, 5, 6, 4, 14, 8, 9, 24, 30, 10, 12, 31, 17, 15], [23, 19, 18, 26, 27, 16, 29, 20, 22, 25, 28, 33, 45, 34, 32, 36], [37, 40, 41, 47, 44], [38, 42, 39], [46, 43, 56, 51, 52, 53, 49, 48, 55, 54, 50, 57, 59, 58, 60]]
58: [[7, 35, 11, 3, 2], [1, 13, 21, 5, 4, 10, 30, 9, 14, 6, 26, 31, 8, 23, 18], [17, 12, 16, 15, 28, 22], [19, 20, 24, 29, 25, 27, 33, 48, 32], [38, 37], [36, 34, 43, 39], [40, 47, 42, 45, 44, 41, 49, 46, 50, 51, 53, 54, 52, 55, 56, 59, 57, 58, 60]]
59: [[7], [35, 11, 3, 2, 1, 13, 21, 4, 6, 5], [14, 9, 8, 10, 12, 15], [28, 18, 16, 31, 23], [19, 17, 20, 27, 30], [22, 24, 25, 26, 29, 32, 40, 37, 34, 48], [33, 36, 39, 43, 42], [44, 41, 45], [49, 46, 38, 50, 47, 51, 53, 52, 55, 54, 57, 59, 58, 56, 60]]
60: [[7, 35, 11, 3, 2, 1], [13, 21, 4, 6, 14], [8, 5, 9, 12, 10], [15, 31, 19, 16, 20, 18, 17, 22, 23, 26, 28, 29, 25, 24, 27, 30, 36, 32, 37, 38, 33, 39, 34], [40, 45, 46, 41, 43, 51, 42, 44, 53, 50, 47, 52, 49, 54, 56, 58, 55, 59, 48, 57, 60]]
61: [[7, 35, 11, 3, 2, 1], [13, 21, 4, 6, 5], [9, 8], [10, 15, 28, 12], [26, 18, 24, 16, 20, 19, 17, 22], [14, 23, 31, 25, 27, 30, 29, 32, 44, 52, 34, 48, 36, 33, 38, 45, 39, 40, 37, 41, 47, 58, 42, 59, 43, 46, 49, 55, 50, 54, 51, 53, 56, 57, 60]]
62: [[7, 35, 11, 3, 2], [1, 13, 21, 5, 6], [8, 14, 9, 4], [24, 10, 29, 19, 16, 18, 31, 26, 20, 23, 12, 15, 30, 17, 22, 25, 27, 28, 32, 34, 38, 36], [33, 40, 37, 47, 46, 42, 41, 45, 39, 43], [44, 53, 50, 49, 51], [55, 48, 52, 54, 56], [58, 57, 59, 60]]
63: [[7, 35, 11, 3, 2], [1, 13, 21, 5, 4, 14, 6, 8, 9, 10, 24, 12, 31, 23, 27, 18, 17, 19, 15, 28, 16, 20, 25, 22, 26, 29, 30, 40, 50, 37, 54, 33, 44, 32, 56, 38, 46, 41, 34], [58, 39, 45, 47, 36, 42, 43, 48, 53, 49, 51, 55, 57, 52, 59, 60]]
64: [[7, 35, 11, 3, 2], [1, 13, 21, 4], [6, 8, 5, 9, 15, 14, 10, 12, 17, 22, 26, 19, 16, 20, 24, 18, 23, 29, 25, 31, 27, 28, 30, 41, 47, 37, 38, 32, 44, 34, 33, 36, 39, 42, 46, 43, 40, 45, 51, 53, 59, 54, 52, 49, 55, 56], [50, 48, 57, 58, 60]]
65: [[7, 35, 11, 3, 2], [1, 13, 21, 6, 4, 8], [12, 24, 14, 10, 9, 5, 30, 15, 22, 16, 20, 23, 17, 18], [31, 25, 26, 28, 19, 27, 29, 49, 44, 50, 32, 33], [36, 34, 40, 38, 39, 37, 46, 52, 41, 45, 43, 42, 51, 48, 56, 47, 55, 53, 57, 54, 58, 59, 60]]
66: [[7, 35, 11, 3, 2, 1], [13, 21, 12, 4, 14], [5, 6, 29, 10, 8, 9], [18, 16, 17, 15, 19], [23, 20, 22, 26, 27, 28, 31, 24, 25, 30, 37, 48, 32, 38, 33, 34, 36], [39, 41, 45, 40, 46, 42], [43], [44, 52, 50, 47, 49, 55, 54, 51, 53, 57, 59, 56, 58, 60]]
67: [[7, 35, 11, 3, 2], [1, 13, 21, 5, 4], [10, 6, 8, 9, 12, 14], [15, 19, 27, 24], [17, 16, 18, 26, 22], [20, 28, 23, 30, 25, 29, 31, 32, 45], [53], [33, 40], [36, 38, 43, 47, 34, 37], [39, 42, 46, 54, 59], [41, 48], [52, 44, 49, 51, 58, 55, 60, 50, 56, 57]]
68: [[7, 35, 11, 3, 2], [1, 13, 21, 4, 6], [14, 8, 5, 9, 12, 10, 30, 15, 16, 20], [26, 17, 19, 18, 23, 22], [24, 31, 25, 29, 27, 28], [33], [43, 36, 34, 32, 37, 38, 46, 39, 41, 42], [47, 40, 45, 44, 54, 48, 49, 51, 55, 50, 52, 53], [56, 57, 59, 60, 58]]
69: [[7, 35, 11, 3, 2], [1, 13, 21, 4, 6, 12, 28, 9, 10, 5, 14], [15, 30, 24, 17, 8, 19, 16, 18, 20, 23, 22, 25, 26, 27], [29], [52, 33, 41, 37], [46, 36, 31, 38, 32], [34, 43, 39, 40, 44, 45, 47], [51, 50], [49, 42, 48, 57, 56], [54, 53, 59, 58, 55, 60]]
70: [[7], [35, 11, 3, 2, 1, 13, 21, 5, 6, 15], [24, 8, 10, 4, 9, 12], [29, 26, 14, 31, 19], [17, 16, 23, 22, 30, 18], [20, 25, 27, 28, 32, 56, 33, 34, 36, 38, 37], [46, 43, 39, 40, 41, 42, 45], [50, 44, 48, 47], [55, 53, 51, 52, 54, 49, 58, 59, 57, 60]]
71: [[7, 35, 11, 3, 2, 1], [13, 21], [5, 6, 4, 14, 8, 12, 9, 30, 15, 27, 17, 26, 25, 23, 16], [10, 19, 20, 18, 22, 24, 29, 28, 31, 33, 42, 38, 32, 40, 34, 36, 39, 37, 44, 47, 43, 41, 46, 45, 53, 48, 52, 51, 49, 50, 54, 57, 55, 59, 58, 60, 56]]
72: [[7, 35, 11, 3, 2, 1], [13, 4, 5, 12, 21, 6], [20, 8], [9, 26, 23, 29, 30, 14, 18, 15, 10], [19, 28, 16, 17, 22, 27, 31, 24, 25, 32, 41, 34, 37, 38, 39, 36, 46, 42, 43, 40, 44, 51, 45, 33, 47, 50, 48, 55, 49, 52, 53, 58, 57, 56, 54, 59, 60]]
73: [[7, 35, 11, 3, 2], [1, 13, 21, 5], [6, 14, 22, 9, 4, 8, 12, 10, 31, 15, 16, 24], [17, 25, 18, 23, 30, 20, 29, 19, 28, 26], [27, 33, 44, 53, 34, 32, 36, 37, 42, 38, 43, 39, 46, 40, 47, 60, 57, 49, 52, 51, 41, 45, 54, 48, 55, 50, 56, 58, 59]]
74: [[7, 35, 11, 3, 2, 1], [13, 21], [4, 6, 12, 5, 9], [10, 15, 27, 8, 14, 29, 16, 20, 19, 18, 17, 23, 24, 26, 31], [30, 28, 25, 53, 37], [58, 36, 22, 33, 32, 34, 38, 41, 45, 42], [46, 39], [40, 47, 55, 44, 49, 43, 48, 51, 60, 50, 52, 54, 56, 57, 59]]
75: [[7, 35, 11, 3, 2], [1, 13, 21, 5, 6, 4, 8, 9, 10, 14, 26, 16, 12, 15, 17, 20, 22, 18, 24, 19, 27, 30, 23, 29, 28, 31, 25, 37, 40, 38, 36, 32, 33, 34, 45, 41, 44, 43, 42, 57, 47, 46, 48, 52, 39, 51, 50, 49, 53, 56, 58, 55], [60, 59, 54]]
76: [[7, 35, 11, 3, 2], [1, 13, 21, 4, 5, 6, 26, 12, 9, 8, 15, 10, 14, 27, 17, 16, 30, 19, 18, 23, 20, 28, 24, 29, 25, 31, 22, 36, 32, 37, 38, 41, 33, 39, 40, 45, 34, 47, 42, 51, 46, 44, 43, 58, 48, 52, 49, 50, 54, 55], [53, 57, 56, 59, 60]]
77: [[7, 35, 11, 3, 2], [1, 13, 21, 4, 6], [8], [5, 26, 10, 9, 24, 12, 31], [14, 16, 15, 17, 27, 18], [19, 20, 22, 29, 28, 25], [30, 23, 32, 34, 39], [46, 37, 36, 38, 40, 41], [42, 44, 43, 59, 47, 45], [58, 48, 49, 53, 33], [51, 52, 50, 54, 55, 56, 60, 57]]
78: [[7, 35, 11, 3, 2], [1, 13, 21, 5, 6, 24, 4, 9, 30, 25, 10, 14, 16, 22, 8, 27, 12, 15, 17, 19, 23, 20, 26, 28, 18, 29, 31, 33, 37, 53, 32, 49, 46, 34, 45, 36, 43, 38, 39, 40, 44, 41, 51, 42, 47, 54], [52, 58, 55, 50, 48, 57, 59, 56, 60]]
79: [[7, 35, 11, 3, 2], [1, 13, 21, 5, 6, 12, 4, 9, 8, 10, 14, 15, 27, 31, 18, 25, 22, 26, 16, 20, 17, 19, 23, 30, 28, 24, 29, 32, 41, 36, 39, 38, 45, 34, 37, 33, 43, 42, 44, 40, 47, 46, 49, 55, 51, 52], [48, 50, 53, 57, 60, 54, 58, 59, 56]]
80: [[7, 35, 11, 3, 2], [1, 13, 21, 5, 4, 14, 12, 8, 9, 6, 30, 10, 15, 20, 27, 26, 18, 16, 19, 24, 22, 17, 23, 25, 29, 31, 28, 32, 52, 36, 34, 39, 37, 33, 40, 38, 44, 41, 42], [58, 45, 43, 47, 46, 56, 50, 48, 49, 53, 51], [55, 57, 54, 59, 60]]
81: [[7, 35, 11, 3, 2, 1, 13, 21, 5, 6, 14], [4, 8, 9, 27, 12, 19, 10, 28, 16, 23, 24, 15, 31, 17, 20, 22, 25, 30, 18, 29, 26, 33, 44, 48, 39, 32, 37, 38, 34, 40, 45, 42, 36], [59, 47, 46, 58, 41, 43, 51, 49, 52, 53], [50, 55, 54, 56, 57, 60]]
82: [[7, 35, 11, 3, 2], [1, 13, 21, 5, 6], [4], [12, 9, 8, 10, 14, 15, 23], [17, 16, 19, 22, 20], [18, 26, 31, 25, 28, 27], [24, 29, 30, 41, 38, 37, 36, 33, 34, 39, 32], [40, 46, 43, 44, 49, 47, 42, 45, 56, 53], [57, 54, 52, 48, 50, 55, 59, 58, 51, 60]]
83: [[7, 35, 11, 3, 2, 1], [13, 21, 5, 4, 9], [12, 6, 8, 24, 10, 14, 15, 29, 22, 30, 20, 17, 16, 19, 18, 25, 27, 31, 23, 26, 28, 32, 33, 36], [34, 38, 39, 45, 47, 42, 40, 41, 43, 58, 44, 46], [48, 49, 52, 51, 50, 59, 54, 53, 37, 55, 56, 60, 57]]
84: [[7, 35, 11, 3, 2], [1, 13, 21, 5, 6, 16, 12, 9, 4, 10, 8, 14, 31, 18, 19, 15, 17, 20, 30, 22, 25, 23, 26], [27, 29, 24, 28, 33, 52, 37, 34, 41, 36, 32, 43, 47, 38, 39, 40, 44, 42, 45, 46, 48, 51, 53, 50, 55, 49, 58, 54, 56, 57, 59, 60]]
85: [[7, 35, 11, 3], [2, 1, 13, 21, 5, 6, 12, 4, 9, 8, 14, 10, 15, 30, 20, 16, 18, 17, 19, 22, 27, 23, 24, 26, 31, 25, 28, 29, 33, 34, 37, 38, 32, 39, 40, 45, 36, 41, 43, 47, 42, 44, 46, 51, 53, 59], [50, 52, 48, 49, 54, 57, 55, 56, 58, 60]]
86: [[7, 35, 11, 3, 2], [1, 13, 21, 5, 6, 4, 28, 9, 12, 8, 10, 14, 30, 19, 17, 15], [26, 16, 18, 23, 20, 24], [22, 27, 25, 29, 31], [32, 37, 33, 34], [36, 38, 46, 40, 47, 39, 45, 42, 59, 43], [41, 44, 58, 49, 56, 50, 48, 53, 54, 60, 52, 55, 51, 57]]
87: [[7, 35, 11, 3, 2, 1], [13, 21, 5, 6, 12], [22, 4, 8, 24, 14], [9, 28, 30, 10, 16], [26, 17, 15], [18], [19, 23, 25, 29, 20, 27, 31, 53, 36, 37, 33, 38, 34, 32, 45], [47, 40, 41, 42, 43, 39], [44, 60, 51, 46, 55, 48, 50, 52, 49, 58, 57, 54, 56, 59]]
88: [[7, 35, 11, 3, 2], [1, 13, 5, 4, 21], [14], [9, 8, 15, 16, 12, 10, 18], [20], [17, 26, 22, 24, 19, 23, 31], [25, 27, 28, 29, 30], [37, 40, 33, 32, 34, 6], [36, 38, 39, 41, 45], [46, 43, 59, 47, 42, 54, 51], [44, 49, 50, 52, 55, 53], [48, 56, 60, 57, 58]]
89: [[7, 35, 11, 3, 2], [1], [13, 21, 4, 6, 8, 12], [9, 5], [14, 10, 17, 24, 22], [15, 19, 27, 20, 18, 16, 23, 28, 26, 25, 29, 31, 30, 32, 56], [36, 33, 37, 45, 38, 34, 43, 39, 41, 40, 42, 44, 46, 49, 50, 57, 47, 48, 53, 51, 54, 55, 52, 59, 58, 60]]
90: [[7, 35, 11, 3, 2], [1, 13, 21, 4, 6], [8, 5, 9, 15], [14, 10, 16, 29, 23], [12, 20, 17, 30, 28, 19], [31, 18], [26, 25, 22, 24, 27], [36, 37, 33, 34, 32, 45, 38, 39, 40, 41, 42, 47], [43, 44, 46, 51, 53, 59, 50, 52, 49, 55, 48], [56, 57, 54, 58, 60]]
91: [[7, 35, 11, 3, 2, 1, 13], [21, 5, 6, 12, 20, 8, 14, 4, 9, 10, 31, 23, 15, 19, 22, 17, 27, 16, 30, 18, 24, 25, 28], [26, 29, 33, 32, 34, 52, 41, 38, 37, 39, 45, 36, 40, 46, 59, 42, 43, 56, 53, 50, 44, 47, 48, 57, 49, 51, 54, 55, 58, 60]]
92: [[7, 35, 11, 3, 2, 1, 13, 21, 5, 6, 12, 14, 8, 4], [28, 10, 15, 19, 16, 9, 18, 29, 22, 20, 17, 27, 23, 24, 25, 26, 31, 30, 33, 34, 38, 32, 36, 44, 37], [40, 39, 43, 41, 42, 45, 47, 46, 50, 49, 48, 51, 52, 54, 53, 56, 58, 55, 59, 57, 60]]
93: [[7, 35, 11, 3, 2, 1, 13], [21, 4, 6, 14, 5, 9, 12, 8, 10, 25, 15, 19, 16, 17, 18, 28, 20, 22, 23, 31, 24, 27, 30, 29, 26, 37, 59, 36, 38, 42, 39, 32, 33, 46, 43, 34, 47, 60, 40, 41, 44, 49, 50, 48, 45, 58, 51], [52, 54, 57, 55, 53, 56]]
94: [[7, 35, 11, 3, 2], [1, 13, 21, 4, 5, 15, 6, 8, 9, 24], [12], [26, 29, 22, 16, 10], [14, 18, 25, 28, 20, 17, 19, 23, 27, 30, 31, 33], [41, 36, 32, 34, 38, 43, 44, 39, 40, 42], [46, 37, 45, 55, 49, 47, 48, 54, 50, 51, 52, 53, 56, 57, 58, 59, 60]]
95: [[7, 35, 11, 3, 2, 1, 13], [21, 5, 6, 12, 4], [9, 8, 20, 14], [10, 15, 19, 24, 23, 22, 16, 17, 18, 30, 27, 25, 26, 28, 29, 31, 33, 34, 36, 42], [32, 37, 55, 44, 40, 38, 41, 39, 43, 47], [45, 46, 53, 58, 49, 50, 51, 48, 52, 57, 54, 56, 59, 60]]
96: [[7, 35, 11, 3, 2, 1, 13, 21], [5, 4, 14, 6, 8, 9, 26, 10, 12, 31, 23, 27, 17, 15, 19, 24], [20, 16, 22, 25, 18, 30, 29, 28, 41, 58, 33, 32, 37, 46, 36, 39, 42, 47, 40, 43, 56, 38, 44, 45, 52, 34, 48, 50, 55, 59, 51, 49, 53, 57, 54, 60]]
97: [[7, 35, 11, 3, 2], [1, 13, 21, 5, 4, 12, 6, 15, 10, 9, 8], [14, 28, 26, 25, 17], [18], [19, 20, 16, 23, 30, 22], [31, 24, 29, 27, 37, 32, 38], [33, 41, 36, 44, 45, 40, 43, 39, 46], [55, 42], [47, 34, 49, 51, 53, 54, 52], [50, 57, 48, 59, 56, 58, 60]]
98: [[7, 35, 11, 3, 2, 1, 13, 21], [5, 4, 14, 8, 28, 9, 24, 6, 10, 15, 12, 26, 20, 30, 16, 17, 18, 22, 23, 19, 27, 25, 29, 31, 32, 52, 48, 34, 38, 33, 36, 39, 46, 44, 37, 41, 56, 40, 47, 42, 43, 45, 60, 54, 51, 59, 55], [57], [49, 50, 53, 58]]
99: [[7, 35, 11, 3, 2, 1], [13, 21, 5, 4, 10, 6, 8, 12, 9, 14, 16], [30, 18, 28, 29, 23], [17, 19, 20, 22, 24], [15, 26, 25, 27, 31, 32, 45, 49, 36, 57], [39, 33, 42, 41, 43, 40], [47, 58, 34, 38, 37], [44, 48], [46, 53, 54, 59, 51, 55, 56, 50, 52, 60]]
100: [[7, 35, 11, 3, 2, 1, 13, 21, 4, 5, 8], [28, 12, 10, 9, 6, 14, 22, 19, 18, 17, 24, 15, 27, 20, 16, 26, 23, 30, 25, 31, 29, 32, 40, 36, 33, 38, 37, 41, 39, 43, 42, 34, 45], [49, 44, 46, 58, 50, 47, 54, 53, 48, 51], [55, 52, 56, 59, 57, 60]]
101: [[7, 35, 11, 3, 2, 1, 13, 21, 4, 5, 6, 30, 9, 12, 29, 28, 8], [15, 23, 17, 27, 22, 20, 26, 10, 18, 14], [16, 19, 25, 24, 31, 33, 32, 34, 38, 36, 37, 39, 41, 44, 42, 43, 40, 58, 46, 45, 47, 50, 48, 51, 49, 53, 52, 55, 54, 57, 56, 59, 60]]
102: [[7, 35, 11, 3, 2, 1, 13, 21, 5, 6, 14, 20, 8, 22, 25, 27, 15, 4, 31, 24, 9, 10, 19, 26, 12, 16, 28, 23, 30, 17, 18, 29, 33], [40, 52, 37, 36, 41, 45, 32, 44, 39, 34], [38, 43, 46, 42, 59, 47, 48, 53, 49, 54, 51, 50, 55, 60, 57, 56, 58]]
103: [[7, 35, 11, 3, 2], [1, 13], [21, 5, 6, 4], [22, 9, 24, 14, 8, 15, 10, 27], [18, 12, 25, 16, 23, 17, 26, 19, 20, 28, 29, 31, 30, 36, 34, 39, 32], [33, 44, 37, 41, 47, 46, 38, 40, 50, 43, 45, 42, 51, 49, 54, 55, 48, 53, 52, 57, 58, 56, 59, 60]]
104: [[7, 35, 11, 3, 2], [1, 13, 21, 4, 6], [8, 20, 5, 14, 9], [10, 12, 17, 22, 25], [19, 16, 31, 15, 23, 29, 18, 24, 26, 27], [28, 30, 33, 45, 36], [39, 32, 44, 34, 42], [37], [38, 40, 41, 43, 46, 47, 48, 52, 54, 49], [53, 51, 55, 60, 56, 50, 57], [59, 58]]
105: [[7, 35, 11, 3, 2, 1, 13, 21, 4, 5, 12, 6, 9, 15], [8, 30, 28, 10, 14, 18, 23, 16, 20, 19, 22, 29, 17, 24, 26, 25, 27, 31, 32, 48, 37, 34, 33, 36, 42, 38, 45, 40, 39, 41, 57, 46], [44, 43, 49, 47, 55, 52, 50, 56, 51, 53, 54, 58, 59, 60]]
106: [[7, 35, 11, 3, 2], [1, 13, 21], [5, 14, 12, 6, 9], [10, 8, 22, 4, 15, 27, 17, 16], [23, 18, 24, 19, 20, 25], [29, 30, 28, 26, 31, 33], [40], [36, 37, 32, 39, 34, 38, 41, 44, 42, 46, 58], [45, 43, 52, 51, 47, 49, 48, 50], [54, 53, 57, 55, 60, 59, 56]]
107: [[7, 35, 11, 3, 2, 1], [13, 21, 5, 4, 14], [6, 8, 26, 9, 10], [12, 22, 16, 28, 27, 17, 19, 18, 20, 31], [23, 15, 24, 29, 25], [30, 36, 56, 37, 32, 33], [42, 39, 40, 44, 43], [45, 38, 58, 41, 34, 46, 50, 54, 47, 49, 48], [52, 51, 53, 57, 55, 59], [60]]
108: [[7, 35, 11, 3, 2], [1, 13, 21, 4, 6, 14, 24, 9, 20, 5, 12, 8, 25, 18], [16], [26, 10, 19, 15], [23, 22, 27, 17, 28], [30, 29, 31, 33, 49, 32, 36], [50], [40, 38, 41, 42, 45, 47, 34, 37, 39, 44, 59, 55], [43, 58, 46, 57, 48, 54, 51, 52, 60, 53, 56]]
109: [[7, 35, 11, 3, 2, 1, 13, 21, 5, 4], [6, 29, 8, 10, 14], [12, 9, 30, 15, 27, 25, 20, 16, 17, 22, 23, 19, 18, 26, 31, 24, 28, 33, 34, 32, 40, 38, 39, 37, 36, 42, 41, 45], [46, 43, 44, 48, 51, 47, 60, 52, 50, 53, 54, 49], [56, 58, 57, 55, 59]]
110: [[7, 35, 11, 3, 2, 1, 13], [21], [4, 6, 12, 8, 9, 24, 29, 26, 5, 10, 31, 14], [30, 15, 22, 20, 23, 19, 27, 17, 18, 28, 25, 32, 36, 34, 38, 16, 33, 37, 39, 43, 42, 45, 47, 46, 49, 40, 44, 48, 53, 41, 50, 51, 58, 59, 52, 57, 55, 60, 54, 56]]
111: [[7, 35, 11, 3, 2, 1, 13, 21], [5, 4, 14, 30, 12, 8, 9, 6, 10, 15, 20, 31, 25, 17, 16, 22, 26, 18, 19, 23, 27, 29], [24, 28, 49, 44, 32, 34, 36, 33, 37, 38, 46, 41, 42, 43], [39, 40, 45, 47, 50, 52, 54, 48, 51, 58, 53, 56, 55, 59, 57, 60]]
112: [[7, 35, 11, 3, 2, 1], [13, 21, 4, 5, 12], [6, 8, 15, 14, 9, 10, 19, 22], [25, 18, 23, 17, 16], [24, 27, 20, 26, 28], [29, 30, 31, 41, 57], [53, 38, 36, 46, 43, 32, 33, 42, 44, 34], [39, 45, 40, 37, 58, 50, 52, 47, 51, 48, 60, 49, 55, 54, 59, 56]]
113: [[7, 35, 11, 3], [2, 1, 13, 21, 5, 6, 12, 4, 8, 9, 14, 30, 10, 23, 25, 19, 24, 22, 18, 15, 16, 27, 17, 28, 29, 20, 26, 31, 36, 56, 37, 38, 32, 45, 34, 46, 41, 39, 33, 42, 57, 43, 40, 48, 52, 53, 44, 50, 51, 47, 49, 54, 55], [60, 59, 58]]
114: [[7, 35, 11, 3, 2], [1, 13, 21, 4, 6], [12, 5, 8, 15], [14, 9, 22, 25, 10], [29, 23, 20, 27, 16, 17, 18], [31, 19, 24, 26, 28, 30, 32, 38, 36, 33, 37, 34, 42, 40, 39, 44, 43, 47, 58, 45, 46, 55, 41, 57, 54, 48, 53, 50, 51, 49, 52, 56, 59, 60]]
115: [[7, 35, 11, 3, 2], [1, 13, 5, 6, 4, 9, 8, 10, 15, 12, 30], [14], [25, 21, 16, 19, 24, 28], [22, 17, 18, 20, 23, 26], [29, 27, 31, 33, 39, 32], [34, 37, 36], [38, 41, 46, 43, 42, 44], [47, 40, 45, 59, 48, 49], [54, 51], [50, 52, 53, 57, 56], [55, 58, 60]]
116: [[7, 35, 11, 3, 2, 1, 13], [21, 4, 5, 14, 12], [9, 8, 28, 10, 15, 25, 16, 17, 18, 22, 6], [24, 19, 26, 20, 31, 23, 27], [29, 30, 32, 50, 38], [36, 33, 34, 47], [42, 39, 44, 40, 37, 49, 45, 43, 41, 46], [51, 48, 53, 54, 55, 52, 57, 59, 58, 56, 60]]
117: [[7, 35, 11, 3], [2, 1, 13, 21, 5, 6, 12, 8, 9, 4, 17, 23, 10], [15, 29, 14, 28, 18, 22, 16, 25, 19, 24, 30, 26, 20, 27, 31, 41], [43, 37, 50, 32, 38, 34, 33, 47, 45, 36, 46, 39, 44, 40], [48, 42, 49, 54, 53, 51, 60], [52, 55, 56, 57, 58, 59]]
118: [[7, 35, 11, 3, 2, 1], [13, 21, 5, 4], [12, 6, 9, 8, 14], [10, 22, 19, 31, 30, 17, 23, 15, 26], [24], [28, 16], [18, 25, 20, 29, 27, 32], [45, 37, 43, 34, 33, 36, 39, 38, 46, 40, 41], [58, 44, 47, 48, 51, 52, 50, 49], [53, 55, 42, 59, 54, 60, 56, 57]]
119: [[7, 35, 11, 3, 2], [1, 13, 21, 4, 9, 14], [12, 5, 10, 24, 15, 8, 31, 23, 16], [17, 18], [19, 6, 20, 26, 22, 25, 27, 29], [30, 28, 32, 36, 33], [38, 37, 39, 34, 41, 42, 46, 40, 43], [59, 44, 45, 47, 49, 50], [55, 51, 54, 56, 52], [53, 57, 48, 58, 60]]
120: [[7, 35, 11, 3, 2, 1, 13, 20, 4, 6, 14], [24, 8, 5, 9, 10], [12, 15, 21, 16, 22, 18, 17, 25, 23, 26], [28, 19, 29, 27, 30, 31], [32, 33, 38, 34, 37, 43], [36], [40, 39, 42, 45, 47, 59, 41, 46, 50, 44], [48, 49, 51, 52, 55, 54, 57, 56, 58, 53, 60]]
121: [[7, 35, 11, 3, 2, 1, 13, 21, 4, 6, 14, 5, 9, 12], [8, 24, 10, 16, 17], [20, 23, 18, 19, 26, 31, 27, 22, 29, 25], [30, 28, 52, 32, 15, 36, 37, 51, 41, 33], [42, 39, 34, 38, 43, 44, 47, 45, 57, 50, 40, 60, 55, 46, 48, 53, 58, 59, 49, 54, 56]]
