0: [[35, 27, 1, 7, 2, 11, 43, 46], [12, 3, 4, 5, 14, 28, 30, 6, 9, 8, 10, 13, 15, 16, 18, 21, 17, 23, 29, 25, 22, 24], [20, 26, 19, 31, 36, 33, 32, 51, 39, 37, 38, 40, 42, 44, 45], [41, 34, 52, 49, 47, 48, 55, 50, 53, 54, 57, 58, 56, 59, 60]]
1: [[35, 27, 1, 7, 2, 11, 43, 46], [12, 3, 4, 5, 14, 28, 30, 6, 9, 8, 10, 13, 15, 18, 23, 21, 17, 22, 25, 16, 31, 24], [20, 26, 19, 29, 36, 33, 32, 51, 39, 37, 38, 40, 42, 44, 45], [41, 34, 52, 49, 47, 48, 55, 50, 53, 54, 57, 58, 56, 59, 60]]
2: [[35, 27, 1, 7, 2, 11, 43, 46], [12, 3, 4, 5, 14, 28, 30, 8, 10, 9, 6, 26, 29, 13, 21, 15, 17, 18, 16, 23, 24, 25], [20, 19, 22, 31, 36, 33, 32, 51, 39, 37, 38, 40, 42, 44, 45], [41, 34, 52, 49, 47, 48, 55, 50, 53, 54, 57, 58, 56, 59, 60]]
3: [[35, 27, 1, 7, 2, 11, 43, 46], [12, 3, 4, 5, 14, 28, 30, 10, 8, 9, 6, 24, 29, 31, 21, 13, 15, 17, 18, 23, 16, 26], [20, 19, 22, 25, 36, 33, 32, 51, 39, 37, 38, 40, 42, 44, 45], [41, 34, 52, 49, 47, 48, 55, 50, 53, 54, 57, 58, 56, 59, 60]]
4: [[35, 27, 1, 7, 2, 11, 43, 46], [12, 3, 4, 5, 14, 28, 30, 6, 9, 8, 10, 21, 24, 16, 17, 19, 18, 13, 23, 15, 29, 22], [20, 31, 26, 25, 36, 33, 32, 51, 39, 37, 38, 40, 42, 44, 45], [41, 34, 52, 49, 47, 48, 55, 50, 53, 54, 57, 58, 56, 59, 60]]
5: [[35, 27, 1, 7, 2, 11, 43, 46], [12, 3, 4, 5, 14, 28, 30, 10, 8, 9, 6, 15, 13, 29, 21, 17, 22, 16, 18, 19, 23, 24], [20, 26, 31, 25, 36, 33, 32, 51, 39, 37, 38, 40, 42, 44, 45], [41, 34, 52, 49, 47, 48, 55, 50, 53, 54, 57, 58, 56, 59, 60]]
6: [[35, 27, 1, 7, 2, 11, 43, 46], [12, 3, 4, 5, 14, 28, 30, 6, 8, 9, 10, 13, 15, 18, 17, 16, 19, 23, 21, 22, 29, 24], [20, 26, 31, 25, 36, 33, 32, 51, 39, 37, 38, 40, 42, 44, 45], [41, 34, 52, 49, 47, 48, 55, 50, 53, 54, 57, 58, 56, 59, 60]]
7: [[35, 27, 1, 7, 2, 11, 43, 46], [12, 3, 4, 5, 14, 28, 30, 6, 8, 9, 10, 15, 13, 21, 17, 18, 23, 16, 22, 19, 29, 24], [20, 26, 25, 31, 36, 33, 32, 51, 39, 37, 38, 40, 42, 44, 45], [41, 34, 52, 49, 47, 48, 55, 50, 53, 54, 57, 58, 56, 59, 60]]
8: [[35, 27, 1, 7, 2, 11, 43, 46], [12, 3, 4, 5, 14, 28, 30, 6, 8, 9, 10, 15, 13, 21, 17, 18, 23, 16, 22, 19, 29, 24], [20, 26, 25, 31, 36, 33, 32, 51, 39, 37, 38, 40, 42, 44, 45], [41, 34, 52, 49, 47, 48, 55, 50, 53, 54, 57, 58, 56, 59, 60]]
9: [[35, 27, 1, 7, 2, 11, 43, 46], [12, 3, 4, 5, 14, 28, 30, 6, 8, 9, 10, 13, 15, 21, 17, 16, 19, 18, 22, 23, 29, 24], [20, 26, 25, 31, 36, 33, 32, 51, 39, 37, 38, 40, 42, 44, 45], [41, 34, 52, 49, 47, 48, 55, 50, 53, 54, 57, 58, 56, 59, 60]]
10: [[35, 27, 1, 7, 2, 11, 43, 46], [12, 3, 4, 5, 14, 28, 30, 6, 8, 9, 10, 13, 15, 21, 17, 16, 19, 18, 22, 23, 29, 24], [20, 26, 25, 31, 36, 33, 32, 51, 39, 37, 38, 40, 42, 44, 45], [41, 34, 52, 49, 47, 48, 55, 50, 53, 54, 57, 58, 56, 59, 60]]
11: [[35, 27, 1, 7, 2, 11, 43, 46], [12, 3, 4, 5, 14, 28, 30, 6, 8, 10, 9, 29, 15, 23, 19, 16, 21, 13, 17, 18, 24, 22], [20, 26, 31, 25, 36, 33, 32, 51, 39, 37, 38, 40, 42, 44, 45], [41, 34, 52, 49, 47, 48, 55, 50, 53, 54, 57, 58, 56, 59, 60]]
12: [[35, 27, 1, 7, 2, 11, 43, 46], [12, 3, 4, 5, 14, 28, 30, 6, 9, 13, 15, 8, 31, 18, 23, 19, 16, 17, 22, 24, 21, 10], [20, 25, 26, 29, 36, 33, 32, 51, 39, 37, 38, 40, 42, 44, 45], [41, 34, 52, 49, 47, 48, 55, 50, 53, 54, 57, 58, 56, 59, 60]]
13: [[35, 27, 1, 7, 2, 11, 43, 46], [12, 3, 4, 5, 14, 28, 30, 6, 8, 9, 10, 13, 15, 21, 17, 18, 19, 16, 22, 23, 24, 31], [20, 26, 29, 25, 36, 33, 32, 51, 39, 37, 38, 40, 42, 44, 45], [41, 34, 52, 49, 47, 48, 55, 50, 53, 54, 57, 58, 56, 59, 60]]
14: [[35, 27, 1, 7, 2, 11, 43, 46], [12, 3, 4, 5, 14, 28, 30, 6, 9, 8, 10, 31, 15, 13, 17, 16, 18, 19, 22, 23, 21, 24], [20, 25, 26, 29, 36, 33, 32, 51, 39, 37, 38, 40, 42, 44, 45], [41, 34, 52, 49, 47, 48, 55, 50, 53, 54, 57, 58, 56, 59, 60]]
15: [[35, 27, 1, 7, 2, 11, 43, 46], [12, 3, 4, 5, 14, 28, 30, 6, 8, 9, 10, 15, 13, 18, 17, 16, 19, 21, 22, 31, 23, 24], [20, 26, 25, 29, 36, 33, 32, 51, 39, 37, 38, 40, 42, 44, 45], [41, 34, 52, 49, 47, 48, 55, 50, 53, 54, 57, 58, 56, 59, 60]]
16: [[35, 27, 1, 7, 2, 11, 43, 46], [12, 3, 4, 5, 14, 28, 30, 6, 9, 8, 10, 13, 31, 15, 19, 17, 21, 22, 23, 16, 18, 24], [20, 25, 26, 29, 36, 33, 32, 51, 39, 37, 38, 40, 42, 44, 45], [41, 34, 52, 49, 47, 48, 55, 50, 53, 54, 57, 58, 56, 59, 60]]
17: [[35, 27, 1, 7, 2, 11, 43, 46], [12, 3, 4, 5, 14, 28, 30, 6, 9, 10, 8, 13, 15, 31, 18, 17, 16, 19, 23, 21, 22, 24], [20, 26, 25, 29, 36, 33, 32, 51, 39, 37, 38, 40, 42, 44, 45], [41, 34, 52, 49, 47, 48, 55, 50, 53, 54, 57, 58, 56, 59, 60]]
18: [[35, 27, 1, 7, 2, 11, 43, 46], [12, 3, 4, 5, 14, 28, 30, 6, 8, 9, 10, 13, 15, 18, 16, 22, 19, 17, 23, 24, 21, 31], [20, 26, 25, 29, 36, 33, 32, 51, 39, 37, 38, 40, 42, 44, 45], [41, 34, 52, 49, 47, 48, 55, 50, 53, 54, 57, 58, 56, 59, 60]]
19: [[35, 27, 1, 7, 2, 11, 43, 46], [12, 3, 4, 5, 14, 28, 30, 6, 9, 8, 10, 13, 31, 15, 23, 18, 22, 16, 17, 21, 19, 24], [20, 26, 29, 25, 36, 33, 32, 51, 39, 37, 38, 40, 42, 44, 45], [41, 34, 52, 49, 47, 48, 55, 50, 53, 54, 57, 58, 56, 59, 60]]
20: [[35, 27, 1, 7, 2, 11, 43, 46], [12, 3, 4, 5, 14, 28, 30, 6, 8, 9, 10, 13, 15, 21, 17, 18, 19, 16, 22, 23, 24, 31], [20, 26, 29, 25, 36, 33, 32, 51, 39, 37, 38, 40, 42, 44, 45], [41, 34, 52, 49, 47, 48, 55, 50, 53, 54, 57, 58, 56, 59, 60]]
21: [[35, 27, 1, 7, 2, 11, 43, 46], [12, 3, 4, 5, 14, 28, 30, 8, 9, 13, 15, 19, 22, 17, 16, 23, 18, 25, 24, 10, 21, 6], [20, 26, 31, 29, 36, 33, 32, 51, 39, 37, 38, 40, 42, 44, 45], [41, 34, 52, 49, 47, 48, 55, 50, 53, 54, 57, 58, 56, 59, 60]]
22: [[35, 27, 1, 7, 2, 11, 43, 46], [12, 3, 4, 5, 14, 28, 30, 6, 8, 9, 10, 13, 15, 23, 17, 18, 16, 19, 22, 25, 21, 24], [20, 26, 29, 31, 36, 33, 32, 51, 39, 37, 38, 40, 42, 44, 45], [41, 34, 52, 49, 47, 48, 55, 50, 53, 54, 57, 58, 56, 59, 60]]
23: [[35, 27, 1, 7, 2, 11, 43, 46], [12, 3, 4, 5, 14, 28, 30, 6, 8, 9, 10, 15, 13, 21, 17, 18, 22, 23, 19, 24, 16, 25], [20, 26, 31, 29, 36, 33, 32, 51, 39, 37, 38, 40, 42, 44, 45], [41, 34, 52, 49, 47, 48, 55, 50, 53, 54, 57, 58, 56, 59, 60]]
24: [[35, 27, 1, 7, 2, 11, 43, 46], [12, 3, 4, 5, 14, 28, 30, 6, 8, 9, 10, 13, 15, 17, 16, 21, 18, 19, 22, 24, 23, 25], [20, 26, 29, 31, 36, 33, 32, 51, 39, 37, 38, 40, 42, 44, 45], [41, 34, 52, 49, 47, 48, 55, 50, 53, 54, 57, 58, 56, 59, 60]]
25: [[35, 27, 1, 7, 2, 11, 43, 46], [12, 3, 4, 5, 14, 28, 30, 6, 8, 9, 10, 13, 15, 22, 17, 16, 19, 18, 23, 24, 21, 25], [20, 26, 29, 31, 36, 33, 32, 51, 39, 37, 38, 40, 42, 44, 45], [41, 34, 52, 49, 47, 48, 55, 50, 53, 54, 57, 58, 56, 59, 60]]
26: [[35, 27, 1, 7, 2, 11, 43, 46], [12, 3, 4, 5, 14, 28, 30, 6, 9, 10, 8, 13, 15, 19, 18, 17, 22, 25, 21, 23, 16, 24], [20, 26, 31, 29, 36, 33, 32, 51, 39, 37, 38, 40, 42, 44, 45], [41, 34, 52, 49, 47, 48, 55, 50, 53, 54, 57, 58, 56, 59, 60]]
27: [[35, 27, 1, 7, 2, 11, 43, 46], [12, 3, 4, 5, 14, 28, 30, 8, 6, 13, 15, 25, 9, 16, 10, 18, 17, 21, 19, 22, 23, 24], [20, 26, 29, 31, 36, 33, 32, 51, 39, 37, 38, 40, 42, 44, 45], [41, 34, 52, 49, 47, 48, 55, 50, 53, 54, 57, 58, 56, 59, 60]]
28: [[35, 27, 1, 7, 2, 11, 43, 46], [12, 3, 4, 5, 14, 28, 30, 6, 9, 8, 10, 13, 15, 24, 22, 18, 21, 17, 25, 16, 19, 23], [20, 26, 29, 31, 36, 33, 32, 51, 39, 37, 38, 40, 42, 44, 45], [41, 34, 52, 49, 47, 48, 55, 50, 53, 54, 57, 58, 56, 59, 60]]
29: [[35, 27, 1, 7, 2, 11, 43, 46], [12, 3, 4, 5, 14, 28, 30, 6, 9, 8, 10, 13, 15, 22, 17, 18, 16, 21, 19, 23, 25, 24], [20, 26, 31, 29, 36, 33, 32, 51, 39, 37, 38, 40, 42, 44, 45], [41, 34, 52, 49, 47, 48, 55, 50, 53, 54, 57, 58, 56, 59, 60]]
30: [[35, 27, 1, 7, 2, 11, 43, 46], [12, 3, 4, 5, 14, 28, 30, 6, 9, 10, 8, 13, 15, 19, 18, 17, 16, 22, 21, 23, 25, 24], [20, 26, 31, 29, 36, 33, 32, 51, 39, 37, 38, 40, 42, 44, 45], [41, 34, 52, 49, 47, 48, 55, 50, 53, 54, 57, 58, 56, 59, 60]]
31: [[35, 27, 1, 7, 2, 11, 43, 46], [12, 3, 4, 5, 14, 28, 30, 6, 9, 8, 10, 13, 15, 16, 23, 17, 18, 22, 19, 21, 24, 25], [20, 26, 29, 31, 36, 33, 32, 51, 39, 37, 38, 40, 42, 44, 45], [41, 34, 52, 49, 47, 48, 55, 50, 53, 54, 57, 58, 56, 59, 60]]
32: [[35, 27, 1, 7, 2, 11, 43, 46], [12, 3, 4, 5, 14, 28, 30, 13, 9, 22, 19, 8, 15, 23, 16, 17, 18, 24, 25, 10, 21, 6], [20, 26, 29, 31, 36, 33, 32, 51, 39, 37, 38, 40, 42, 44, 45], [41, 34, 52, 49, 47, 48, 55, 50, 53, 54, 57, 58, 56, 59, 60]]
33: [[35, 27, 1, 7, 2, 11, 43, 46], [12, 3, 4, 5, 14, 28, 30, 9, 8, 13, 15, 23, 19, 17, 16, 22, 24, 25, 18, 10, 21, 6], [20, 26, 29, 31, 36, 33, 32, 51, 39, 37, 38, 40, 42, 44, 45], [41, 34, 52, 49, 47, 48, 55, 50, 53, 54, 57, 58, 56, 59, 60]]
34: [[35, 27, 1, 7, 2, 11, 43, 46], [12, 3, 4, 5, 14, 28, 30, 6, 13, 8, 10, 9, 15, 17, 18, 19, 23, 16, 21, 22, 25, 24], [20, 26, 29, 31, 36, 33, 32, 51, 39, 37, 38, 40, 42, 44, 45], [41, 34, 52, 49, 47, 48, 55, 50, 53, 54, 57, 58, 56, 59, 60]]
35: [[35, 27, 1, 7, 2, 11, 43, 46], [12, 3, 4, 5, 14, 28, 30, 8, 9, 13, 15, 19, 22, 17, 16, 23, 18, 25, 24, 10, 21, 6], [20, 26, 31, 29, 36, 33, 32, 51, 39, 37, 38, 40, 42, 44, 45], [41, 34, 52, 49, 47, 48, 55, 50, 53, 54, 57, 58, 56, 59, 60]]
36: [[35, 27, 1, 7, 2, 11, 43, 46], [12, 3, 4, 5, 14, 28, 30, 6, 8, 9, 10, 13, 15, 21, 17, 18, 19, 22, 29, 23, 16, 25], [20, 31, 24, 26, 36, 33, 32, 51, 39, 37, 38, 40, 42, 44, 45], [41, 34, 52, 49, 47, 48, 55, 50, 53, 54, 57, 58, 56, 59, 60]]
37: [[35, 27, 1, 7, 2, 11, 43, 46], [12, 3, 4, 5, 14, 28, 30, 6, 8, 10, 9, 31, 29, 23, 13, 18, 21, 17, 16, 19, 15, 22], [20, 24, 25, 26, 36, 33, 32, 51, 39, 37, 38, 40, 42, 44, 45], [41, 34, 52, 49, 47, 48, 55, 50, 53, 54, 57, 58, 56, 59, 60]]
38: [[35, 27, 1, 7, 2, 11, 43, 46], [12, 3, 4, 5, 14, 28, 30, 6, 8, 9, 10, 13, 29, 15, 21, 17, 19, 16, 18, 23, 24, 25], [20, 22, 26, 31, 36, 33, 32, 51, 39, 37, 38, 40, 42, 44, 45], [41, 34, 52, 49, 47, 48, 55, 50, 53, 54, 57, 58, 56, 59, 60]]
39: [[35, 27, 1, 7, 2, 11, 43, 46], [12, 3, 4, 5, 14, 28, 30, 6, 9, 8, 10, 13, 15, 19, 17, 18, 16, 22, 21, 24, 23, 26], [20, 25, 29, 31, 36, 33, 32, 51, 39, 37, 38, 40, 42, 44, 45], [41, 34, 52, 49, 47, 48, 55, 50, 53, 54, 57, 58, 56, 59, 60]]
40: [[35, 27, 1, 7, 2, 11, 43, 46], [12, 3, 4, 5, 14, 28, 30, 6, 9, 8, 10, 13, 15, 18, 17, 23, 19, 21, 22, 16, 26, 24], [20, 25, 31, 29, 36, 33, 32, 51, 39, 37, 38, 40, 42, 44, 45], [41, 34, 52, 49, 47, 48, 55, 50, 53, 54, 57, 58, 56, 59, 60]]
41: [[35, 27, 1, 7, 2, 11, 43, 46], [12, 3, 4, 5, 14, 28, 30, 6, 15, 8, 9, 13, 23, 10, 22, 17, 26, 18, 21, 16, 19, 24], [20, 25, 31, 29, 36, 33, 32, 51, 39, 37, 38, 40, 42, 44, 45], [41, 34, 52, 49, 47, 48, 55, 50, 53, 54, 57, 58, 56, 59, 60]]
42: [[35, 27, 1, 7, 2, 11, 43, 46], [12, 3, 4, 5, 14, 28, 30, 6, 9, 8, 10, 21, 13, 19, 15, 31, 17, 16, 23, 18, 24, 25], [22, 20, 26, 29, 36, 33, 32, 51, 39, 37, 38, 40, 42, 44, 45], [41, 34, 52, 49, 47, 48, 55, 50, 53, 54, 57, 58, 56, 59, 60]]
43: [[35, 27, 1, 7, 2, 11, 43, 46], [12, 3, 4, 5, 14, 28, 30, 6, 8, 9, 10, 31, 15, 19, 21, 18, 17, 25, 13, 22, 16, 23], [20, 26, 24, 29, 36, 33, 32, 51, 39, 37, 38, 40, 42, 44, 45], [41, 34, 52, 49, 47, 48, 55, 50, 53, 54, 57, 58, 56, 59, 60]]
44: [[35, 27, 1, 7, 2, 11, 43, 46], [12, 3, 4, 5, 14, 28, 30, 6, 8, 9, 10, 13, 31, 15, 17, 16, 18, 19, 21, 22, 23, 25], [20, 24, 26, 29, 36, 33, 32, 51, 39, 37, 38, 40, 42, 44, 45], [41, 34, 52, 49, 47, 48, 55, 50, 53, 54, 57, 58, 56, 59, 60]]
45: [[35, 27, 1, 7, 2, 11, 43, 46], [12, 3, 4, 5, 14, 28, 30, 6, 9, 8, 10, 13, 31, 19, 21, 15, 17, 16, 18, 22, 23, 25], [20, 26, 29, 24, 36, 33, 32, 51, 39, 37, 38, 40, 42, 44, 45], [41, 34, 52, 49, 47, 48, 55, 50, 53, 54, 57, 58, 56, 59, 60]]
46: [[35, 27, 1, 7, 2, 11, 43, 46], [12, 3, 4, 5, 14, 28, 30, 6, 8, 9, 10, 21, 13, 23, 22, 15, 29, 19, 16, 18, 17, 26], [20, 24, 25, 31, 36, 33, 32, 51, 39, 37, 38, 40, 42, 44, 45], [41, 34, 52, 49, 47, 48, 55, 50, 53, 54, 57, 58, 56, 59, 60]]
47: [[35, 27, 1, 7, 2, 11, 43, 46], [12, 3, 4, 5, 14, 28, 30, 6, 8, 9, 13, 10, 15, 16, 21, 17, 18, 19, 23, 22, 29, 26], [20, 25, 31, 24, 36, 33, 32, 51, 39, 37, 38, 40, 42, 44, 45], [41, 34, 52, 49, 47, 48, 55, 50, 53, 54, 57, 58, 56, 59, 60]]
48: [[35, 27, 1, 7, 2, 11, 43, 46], [12, 3, 4, 5, 14, 28, 30, 6, 9, 8, 13, 10, 15, 16, 17, 18, 19, 21, 23, 22, 29, 26], [20, 24, 25, 31, 36, 33, 32, 51, 39, 37, 38, 40, 42, 44, 45], [41, 34, 52, 49, 47, 48, 55, 50, 53, 54, 57, 58, 56, 59, 60]]
49: [[35, 27, 1, 7, 2, 11, 43, 46], [12, 3, 4, 5, 14, 28, 30, 8, 6, 13, 9, 19, 10, 17, 21, 23, 16, 25, 15, 26, 18, 22], [20, 24, 31, 29, 36, 33, 32, 51, 39, 37, 38, 40, 42, 44, 45], [41, 34, 52, 49, 47, 48, 55, 50, 53, 54, 57, 58, 56, 59, 60]]
50: [[35, 27, 1, 7, 2, 11, 43, 46], [12, 3, 4, 5, 14, 28, 30, 6, 8, 9, 10, 25, 15, 13, 21, 22, 19, 18, 17, 26, 16, 23], [20, 24, 29, 31, 36, 33, 32, 51, 39, 37, 38, 40, 42, 44, 45], [41, 34, 52, 49, 47, 48, 55, 50, 53, 54, 57, 58, 56, 59, 60]]
51: [[35, 27, 1, 7, 2, 11, 43, 46], [12, 3, 4, 5, 14, 28, 30, 6, 9, 10, 8, 13, 31, 18, 15, 19, 16, 17, 21, 22, 23, 26], [20, 24, 29, 25, 36, 33, 32, 51, 39, 37, 38, 40, 42, 44, 45], [41, 34, 52, 49, 47, 48, 55, 50, 53, 54, 57, 58, 56, 59, 60]]
52: [[35, 27, 1, 7, 2, 11, 43, 46], [12, 3, 4, 5, 14, 28, 30, 6, 8, 9, 10, 31, 15, 23, 19, 18, 13, 16, 21, 26, 17, 22], [20, 24, 25, 29, 36, 33, 32, 51, 39, 37, 38, 40, 42, 44, 45], [41, 34, 52, 49, 47, 48, 55, 50, 53, 54, 57, 58, 56, 59, 60]]
53: [[35, 27, 1, 7, 2, 11, 43, 46], [12, 3, 4, 5, 14, 28, 30, 6, 9, 10, 8, 13, 31, 18, 15, 19, 16, 17, 21, 22, 23, 26], [20, 24, 29, 25, 36, 33, 32, 51, 39, 37, 38, 40, 42, 44, 45], [41, 34, 52, 49, 47, 48, 55, 50, 53, 54, 57, 58, 56, 59, 60]]
54: [[35, 27, 1, 7, 2, 11, 43, 46], [12, 3, 4, 5, 14, 28, 30, 6, 9, 8, 10, 29, 23, 13, 21, 25, 19, 17, 16, 18, 15, 26], [20, 22, 24, 31, 36, 33, 32, 51, 39, 37, 38, 40, 42, 44, 45], [41, 34, 52, 49, 47, 48, 55, 50, 53, 54, 57, 58, 56, 59, 60]]
55: [[35, 27, 1, 7, 2, 11, 43, 46], [12, 3, 4, 5, 14, 28, 30, 6, 8, 9, 13, 10, 15, 16, 21, 19, 24, 17, 25, 18, 29, 26], [20, 22, 23, 31, 36, 33, 32, 51, 39, 37, 38, 40, 42, 44, 45], [41, 34, 52, 49, 47, 48, 55, 50, 53, 54, 57, 58, 56, 59, 60]]
56: [[35, 27, 1, 7, 2, 11, 43, 46], [12, 3, 4, 5, 14, 28, 30, 15, 8, 9, 6, 24, 31, 10, 22, 18, 16, 13, 25, 17, 19, 21], [20, 26, 29, 23, 36, 33, 32, 51, 39, 37, 38, 40, 42, 44, 45], [41, 34, 52, 49, 47, 48, 55, 50, 53, 54, 57, 58, 56, 59, 60]]
57: [[35, 27, 1, 7, 2, 11, 43, 46], [12, 3, 4, 5, 14, 28, 30, 6, 8, 9, 13, 16, 15, 17, 21, 18, 10, 24, 19, 22, 29, 26], [20, 25, 31, 23, 36, 33, 32, 51, 39, 37, 38, 40, 42, 44, 45], [41, 34, 52, 49, 47, 48, 55, 50, 53, 54, 57, 58, 56, 59, 60]]
58: [[35, 27, 1, 7, 2, 11, 43, 46], [12, 3, 4, 5, 14, 28, 30, 6, 9, 8, 13, 10, 31, 23, 22, 21, 19, 18, 25, 16, 26, 24], [29, 15, 17, 20, 36, 33, 32, 51, 39, 37, 38, 40, 42, 44, 45], [41, 34, 52, 49, 47, 48, 55, 50, 53, 54, 57, 58, 56, 59, 60]]
59: [[35, 27, 1, 7, 2, 11, 43, 46], [12, 3, 4, 5, 14, 28, 30, 6, 8, 9, 10, 15, 29, 23, 17, 22, 25, 16, 24, 21, 13, 19], [18, 20, 26, 31, 36, 33, 32, 51, 39, 37, 38, 40, 42, 44, 45], [41, 34, 52, 49, 47, 48, 55, 50, 53, 54, 57, 58, 56, 59, 60]]
60: [[35, 27, 1, 7, 2, 11, 43, 46], [12, 3, 4, 5, 14, 28, 30, 6, 8, 9, 10, 29, 13, 21, 19, 18, 15, 16, 17, 22, 26, 25], [24, 20, 23, 31, 36, 33, 32, 51, 39, 37, 38, 40, 42, 44, 45], [41, 34, 52, 49, 47, 48, 55, 50, 53, 54, 57, 58, 56, 59, 60]]
61: [[35, 27, 1, 7, 2, 11, 43, 46], [12, 3, 4, 5, 14, 28, 30, 15, 6, 10, 9, 13, 31, 16, 23, 17, 20, 19, 21, 8, 18, 24], [22, 25, 26, 29, 36, 33, 32, 51, 39, 37, 38, 40, 42, 44, 45], [41, 34, 52, 49, 47, 48, 55, 50, 53, 54, 57, 58, 56, 59, 60]]
62: [[35, 27, 1, 7, 2, 11, 43, 46], [12, 3, 4, 5, 14, 28, 30, 6, 8, 9, 10, 13, 31, 23, 18, 20, 19, 15, 21, 16, 24, 17], [29, 22, 25, 26, 36, 33, 32, 51, 39, 37, 38, 40, 42, 44, 45], [41, 34, 52, 49, 47, 48, 55, 50, 53, 54, 57, 58, 56, 59, 60]]
63: [[35, 27, 1, 7, 2, 11, 43, 46], [12, 3, 4, 5, 14, 28, 30, 8, 9, 31, 19, 13, 15, 23, 16, 20, 18, 17, 24, 10, 21, 6], [22, 26, 25, 29, 36, 33, 32, 51, 39, 37, 38, 40, 42, 44, 45], [41, 34, 52, 49, 47, 48, 55, 50, 53, 54, 57, 58, 56, 59, 60]]
64: [[35, 27, 1, 7, 2, 11, 43, 46], [12, 3, 4, 5, 14, 28, 30, 6, 9, 8, 10, 13, 15, 19, 21, 18, 22, 16, 23, 20, 31, 24], [17, 26, 25, 29, 36, 33, 32, 51, 39, 37, 38, 40, 42, 44, 45], [41, 34, 52, 49, 47, 48, 55, 50, 53, 54, 57, 58, 56, 59, 60]]
65: [[35, 27, 1, 7, 2, 11, 43, 46], [12, 3, 4, 5, 14, 28, 30, 6, 9, 8, 26, 10, 15, 21, 22, 13, 18, 16, 24, 19, 20, 23], [17, 29, 31, 25, 36, 33, 32, 51, 39, 37, 38, 40, 42, 44, 45], [41, 34, 52, 49, 47, 48, 55, 50, 53, 54, 57, 58, 56, 59, 60]]
66: [[35, 27, 1, 7, 2, 11, 43, 46], [12, 3, 4, 5, 14, 28, 30, 6, 9, 10, 8, 13, 15, 19, 18, 16, 22, 20, 17, 21, 23, 24], [25, 26, 31, 29, 36, 33, 32, 51, 39, 37, 38, 40, 42, 44, 45], [41, 34, 52, 49, 47, 48, 55, 50, 53, 54, 57, 58, 56, 59, 60]]
67: [[35, 27, 1, 7, 2, 11, 43, 46], [12, 3, 4, 5, 14, 28, 30, 6, 9, 10, 8, 15, 13, 23, 19, 21, 17, 18, 16, 20, 22, 24], [25, 26, 31, 29, 36, 33, 32, 51, 39, 37, 38, 40, 42, 44, 45], [41, 34, 52, 49, 47, 48, 55, 50, 53, 54, 57, 58, 56, 59, 60]]
68: [[35, 27, 1, 7, 2, 11, 43, 46], [12, 3, 4, 5, 14, 28, 30, 6, 9, 8, 10, 13, 15, 18, 17, 16, 21, 19, 23, 20, 22, 24], [25, 26, 29, 31, 36, 33, 32, 51, 39, 37, 38, 40, 42, 44, 45], [41, 34, 52, 49, 47, 48, 55, 50, 53, 54, 57, 58, 56, 59, 60]]
69: [[35, 27, 1, 7, 2, 11, 43, 46], [12, 3, 4, 5, 14, 28, 30, 6, 8, 9, 10, 13, 15, 23, 21, 18, 16, 17, 19, 20, 22, 24], [29, 26, 31, 25, 36, 33, 32, 51, 39, 37, 38, 40, 42, 44, 45], [41, 34, 52, 49, 47, 48, 55, 50, 53, 54, 57, 58, 56, 59, 60]]
70: [[35, 27, 1, 7, 2, 11, 43, 46], [12, 3, 4, 5, 14, 28, 30, 10, 6, 13, 15, 17, 24, 8, 21, 9, 22, 19, 23, 16, 18, 20], [26, 25, 31, 29, 36, 33, 32, 51, 39, 37, 38, 40, 42, 44, 45], [41, 34, 52, 49, 47, 48, 55, 50, 53, 54, 57, 58, 56, 59, 60]]
71: [[35, 27, 1, 7, 2, 11, 43, 46], [12, 3, 4, 5, 14, 28, 30, 6, 8, 9, 10, 13, 15, 23, 16, 18, 17, 19, 20, 21, 22, 24], [25, 26, 29, 31, 36, 33, 32, 51, 39, 37, 38, 40, 42, 44, 45], [41, 34, 52, 49, 47, 48, 55, 50, 53, 54, 57, 58, 56, 59, 60]]
72: [[35, 27, 1, 7, 2, 11, 43, 46], [12, 3, 4, 5, 14, 28, 30, 6, 8, 9, 10, 13, 15, 23, 19, 20, 18, 21, 16, 17, 22, 24], [26, 29, 31, 25, 36, 33, 32, 51, 39, 37, 38, 40, 42, 44, 45], [41, 34, 52, 49, 47, 48, 55, 50, 53, 54, 57, 58, 56, 59, 60]]
73: [[35, 27, 1, 7, 2, 11, 43, 46], [12, 3, 4, 5, 14, 28, 30, 8, 6, 9, 15, 23, 21, 10, 16, 22, 13, 19, 17, 18, 20, 24], [29, 26, 31, 25, 36, 33, 32, 51, 39, 37, 38, 40, 42, 44, 45], [41, 34, 52, 49, 47, 48, 55, 50, 53, 54, 57, 58, 56, 59, 60]]
74: [[35, 27, 1, 7, 2, 11, 43, 46], [12, 3, 4, 5, 14, 28, 30, 6, 9, 8, 13, 10, 15, 23, 17, 20, 16, 18, 19, 21, 22, 24], [25, 26, 31, 29, 36, 33, 32, 51, 39, 37, 38, 40, 42, 44, 45], [41, 34, 52, 49, 47, 48, 55, 50, 53, 54, 57, 58, 56, 59, 60]]
75: [[35, 27, 1, 7, 2, 11, 43, 46], [12, 3, 4, 5, 14, 28, 30, 6, 9, 10, 8, 15, 13, 23, 17, 16, 19, 18, 21, 20, 22, 24], [25, 26, 31, 29, 36, 33, 32, 51, 39, 37, 38, 40, 42, 44, 45], [41, 34, 52, 49, 47, 48, 55, 50, 53, 54, 57, 58, 56, 59, 60]]
76: [[35, 27, 1, 7, 2, 11, 43, 46], [12, 3, 4, 5, 14, 28, 30, 6, 8, 9, 10, 21, 13, 19, 17, 18, 15, 20, 22, 16, 23, 24], [25, 29, 26, 31, 36, 33, 32, 51, 39, 37, 38, 40, 42, 44, 45], [41, 34, 52, 49, 47, 48, 55, 50, 53, 54, 57, 58, 56, 59, 60]]
77: [[35, 27, 1, 7, 2, 11, 43, 46], [12, 3, 4, 5, 14, 28, 30, 6, 9, 10, 8, 15, 13, 23, 19, 21, 17, 18, 16, 20, 22, 24], [25, 26, 31, 29, 36, 33, 32, 51, 39, 37, 38, 40, 42, 44, 45], [41, 34, 52, 49, 47, 48, 55, 50, 53, 54, 57, 58, 56, 59, 60]]
78: [[35, 27, 1, 7, 2, 11, 43, 46], [12, 3, 4, 5, 14, 28, 30, 10, 6, 9, 8, 17, 15, 13, 21, 22, 18, 19, 20, 26, 23, 24], [25, 16, 29, 31, 36, 33, 32, 51, 39, 37, 38, 40, 42, 44, 45], [41, 34, 52, 49, 47, 48, 55, 50, 53, 54, 57, 58, 56, 59, 60]]
79: [[35, 27, 1, 7, 2, 11, 43, 46], [12, 3, 4, 5, 14, 28, 30, 8, 9, 26, 31, 18, 29, 17, 13, 16, 19, 15, 20, 10, 21, 6], [22, 23, 24, 25, 36, 33, 32, 51, 39, 37, 38, 40, 42, 44, 45], [41, 34, 52, 49, 47, 48, 55, 50, 53, 54, 57, 58, 56, 59, 60]]
80: [[35, 27, 1, 7, 2, 11, 43, 46], [12, 3, 4, 5, 14, 28, 30, 6, 8, 9, 10, 21, 15, 19, 13, 18, 25, 23, 16, 17, 20, 24], [22, 26, 29, 31, 36, 33, 32, 51, 39, 37, 38, 40, 42, 44, 45], [41, 34, 52, 49, 47, 48, 55, 50, 53, 54, 57, 58, 56, 59, 60]]
81: [[35, 27, 1, 7, 2, 11, 43, 46], [12, 3, 4, 5, 14, 28, 30, 6, 15, 8, 9, 10, 23, 25, 13, 17, 16, 18, 21, 19, 20, 24], [22, 26, 31, 29, 36, 33, 32, 51, 39, 37, 38, 40, 42, 44, 45], [41, 34, 52, 49, 47, 48, 55, 50, 53, 54, 57, 58, 56, 59, 60]]
82: [[35, 27, 1, 7, 2, 11, 43, 46], [12, 3, 4, 5, 14, 28, 30, 6, 8, 13, 9, 21, 10, 19, 16, 23, 17, 15, 25, 24, 20, 18], [22, 26, 31, 29, 36, 33, 32, 51, 39, 37, 38, 40, 42, 44, 45], [41, 34, 52, 49, 47, 48, 55, 50, 53, 54, 57, 58, 56, 59, 60]]
83: [[35, 27, 1, 7, 2, 11, 43, 46], [12, 3, 4, 5, 14, 28, 30, 6, 9, 8, 10, 13, 23, 18, 17, 15, 19, 20, 21, 24, 16, 25], [22, 26, 29, 31, 36, 33, 32, 51, 39, 37, 38, 40, 42, 44, 45], [41, 34, 52, 49, 47, 48, 55, 50, 53, 54, 57, 58, 56, 59, 60]]
84: [[35, 27, 1, 7, 2, 11, 43, 46], [12, 3, 4, 5, 14, 28, 30, 6, 9, 8, 10, 15, 13, 23, 17, 18, 20, 21, 16, 19, 25, 24], [22, 26, 31, 29, 36, 33, 32, 51, 39, 37, 38, 40, 42, 44, 45], [41, 34, 52, 49, 47, 48, 55, 50, 53, 54, 57, 58, 56, 59, 60]]
85: [[35, 27, 1, 7, 2, 11, 43, 46], [12, 3, 4, 5, 14, 28, 30, 6, 9, 8, 10, 13, 15, 23, 19, 18, 21, 16, 24, 17, 20, 25], [22, 26, 31, 29, 36, 33, 32, 51, 39, 37, 38, 40, 42, 44, 45], [41, 34, 52, 49, 47, 48, 55, 50, 53, 54, 57, 58, 56, 59, 60]]
86: [[35, 27, 1, 7, 2, 11, 43, 46], [12, 3, 4, 5, 14, 28, 30, 6, 8, 9, 10, 13, 31, 15, 19, 16, 21, 17, 23, 18, 20, 26], [22, 25, 24, 29, 36, 33, 32, 51, 39, 37, 38, 40, 42, 44, 45], [41, 34, 52, 49, 47, 48, 55, 50, 53, 54, 57, 58, 56, 59, 60]]
87: [[35, 27, 1, 7, 2, 11, 43, 46], [12, 3, 4, 5, 14, 28, 30, 6, 8, 9, 10, 21, 31, 23, 15, 17, 13, 16, 19, 18, 20, 26], [22, 24, 25, 29, 36, 33, 32, 51, 39, 37, 38, 40, 42, 44, 45], [41, 34, 52, 49, 47, 48, 55, 50, 53, 54, 57, 58, 56, 59, 60]]
88: [[35, 27, 1, 7, 2, 11, 43, 46], [12, 3, 4, 5, 14, 28, 30, 6, 8, 9, 10, 13, 31, 23, 17, 15, 19, 18, 20, 21, 16, 26], [22, 24, 25, 29, 36, 33, 32, 51, 39, 37, 38, 40, 42, 44, 45], [41, 34, 52, 49, 47, 48, 55, 50, 53, 54, 57, 58, 56, 59, 60]]
89: [[35, 27, 1, 7, 2, 11, 43, 46], [12, 3, 4, 5, 14, 28, 30, 6, 8, 13, 15, 17, 21, 16, 18, 10, 9, 29, 19, 23, 24, 20], [25, 26, 31, 22, 36, 33, 32, 51, 39, 37, 38, 40, 42, 44, 45], [41, 34, 52, 49, 47, 48, 55, 50, 53, 54, 57, 58, 56, 59, 60]]
90: [[35, 27, 1, 7, 2, 11, 43, 46], [12, 3, 4, 5, 14, 28, 30, 6, 9, 8, 10, 13, 15, 21, 18, 16, 17, 23, 20, 19, 31, 22], [24, 26, 29, 25, 36, 33, 32, 51, 39, 37, 38, 40, 42, 44, 45], [41, 34, 52, 49, 47, 48, 55, 50, 53, 54, 57, 58, 56, 59, 60]]
91: [[35, 27, 1, 7, 2, 11, 43, 46], [12, 3, 4, 5, 14, 28, 30, 6, 8, 9, 10, 13, 15, 23, 19, 16, 21, 17, 20, 18, 31, 22], [24, 26, 29, 25, 36, 33, 32, 51, 39, 37, 38, 40, 42, 44, 45], [41, 34, 52, 49, 47, 48, 55, 50, 53, 54, 57, 58, 56, 59, 60]]
92: [[35, 27, 1, 7, 2, 11, 43, 46], [12, 3, 4, 5, 14, 28, 30, 6, 8, 9, 10, 13, 15, 21, 18, 16, 19, 23, 20, 22, 31, 17], [24, 26, 29, 25, 36, 33, 32, 51, 39, 37, 38, 40, 42, 44, 45], [41, 34, 52, 49, 47, 48, 55, 50, 53, 54, 57, 58, 56, 59, 60]]
93: [[35, 27, 1, 7, 2, 11, 43, 46], [12, 3, 4, 5, 14, 28, 30, 6, 8, 9, 10, 13, 15, 18, 20, 16, 17, 19, 22, 21, 23, 31], [24, 26, 25, 29, 36, 33, 32, 51, 39, 37, 38, 40, 42, 44, 45], [41, 34, 52, 49, 47, 48, 55, 50, 53, 54, 57, 58, 56, 59, 60]]
94: [[35, 27, 1, 7, 2, 11, 43, 46], [12, 3, 4, 5, 14, 28, 30, 6, 8, 9, 10, 13, 18, 19, 17, 15, 20, 16, 22, 21, 23, 31], [25, 24, 26, 29, 36, 33, 32, 51, 39, 37, 38, 40, 42, 44, 45], [41, 34, 52, 49, 47, 48, 55, 50, 53, 54, 57, 58, 56, 59, 60]]
95: [[35, 27, 1, 7, 2, 11, 43, 46], [12, 3, 4, 5, 14, 28, 30, 6, 8, 10, 15, 13, 31, 22, 17, 19, 16, 9, 21, 20, 18, 23], [26, 24, 29, 25, 36, 33, 32, 51, 39, 37, 38, 40, 42, 44, 45], [41, 34, 52, 49, 47, 48, 55, 50, 53, 54, 57, 58, 56, 59, 60]]
96: [[35, 27, 1, 7, 2, 11, 43, 46], [12, 3, 4, 5, 14, 28, 30, 6, 9, 10, 8, 31, 13, 19, 18, 15, 20, 22, 16, 17, 21, 23], [24, 26, 25, 29, 36, 33, 32, 51, 39, 37, 38, 40, 42, 44, 45], [41, 34, 52, 49, 47, 48, 55, 50, 53, 54, 57, 58, 56, 59, 60]]
97: [[35, 27, 1, 7, 2, 11, 43, 46], [12, 3, 4, 5, 14, 28, 30, 6, 8, 9, 10, 31, 15, 23, 17, 18, 13, 16, 20, 19, 25, 21], [22, 26, 24, 29, 36, 33, 32, 51, 39, 37, 38, 40, 42, 44, 45], [41, 34, 52, 49, 47, 48, 55, 50, 53, 54, 57, 58, 56, 59, 60]]
98: [[35, 27, 1, 7, 2, 11, 43, 46], [12, 3, 4, 5, 14, 28, 30, 6, 8, 9, 10, 15, 13, 23, 18, 22, 16, 25, 17, 24, 20, 21], [26, 19, 31, 29, 36, 33, 32, 51, 39, 37, 38, 40, 42, 44, 45], [41, 34, 52, 49, 47, 48, 55, 50, 53, 54, 57, 58, 56, 59, 60]]
99: [[35, 27, 1, 7, 2, 11, 43, 46], [12, 3, 4, 5, 14, 28, 30, 6, 9, 8, 10, 13, 15, 23, 19, 16, 20, 17, 18, 22, 21, 25], [24, 26, 29, 31, 36, 33, 32, 51, 39, 37, 38, 40, 42, 44, 45], [41, 34, 52, 49, 47, 48, 55, 50, 53, 54, 57, 58, 56, 59, 60]]
100: [[35, 27, 1, 7, 2, 11, 43, 46], [12, 3, 4, 5, 14, 28, 30, 6, 9, 8, 10, 13, 15, 21, 17, 16, 22, 19, 23, 25, 20, 18], [31, 24, 26, 29, 36, 33, 32, 51, 39, 37, 38, 40, 42, 44, 45], [41, 34, 52, 49, 47, 48, 55, 50, 53, 54, 57, 58, 56, 59, 60]]
101: [[35, 27, 1, 7, 2, 11, 43, 46], [12, 3, 4, 5, 14, 28, 30, 10, 9, 13, 8, 16, 24, 15, 17, 20, 22, 18, 19, 6, 31, 21], [23, 25, 26, 29, 36, 33, 32, 51, 39, 37, 38, 40, 42, 44, 45], [41, 34, 52, 49, 47, 48, 55, 50, 53, 54, 57, 58, 56, 59, 60]]
102: [[35, 27, 1, 7, 2, 11, 43, 46], [12, 3, 4, 5, 14, 28, 30, 6, 9, 10, 8, 13, 31, 19, 18, 16, 15, 17, 21, 22, 20, 24], [25, 23, 29, 26, 36, 33, 32, 51, 39, 37, 38, 40, 42, 44, 45], [41, 34, 52, 49, 47, 48, 55, 50, 53, 54, 57, 58, 56, 59, 60]]
103: [[35, 27, 1, 7, 2, 11, 43, 46], [12, 3, 4, 5, 14, 28, 30, 6, 13, 9, 10, 8, 31, 18, 17, 15, 22, 19, 24, 20, 21, 25], [16, 26, 29, 23, 36, 33, 32, 51, 39, 37, 38, 40, 42, 44, 45], [41, 34, 52, 49, 47, 48, 55, 50, 53, 54, 57, 58, 56, 59, 60]]
104: [[35, 27, 1, 7, 2, 11, 43, 46], [12, 3, 4, 5, 14, 28, 30, 6, 9, 13, 10, 17, 29, 21, 15, 19, 16, 18, 22, 8, 20, 23], [26, 25, 24, 31, 36, 33, 32, 51, 39, 37, 38, 40, 42, 44, 45], [41, 34, 52, 49, 47, 48, 55, 50, 53, 54, 57, 58, 56, 59, 60]]
105: [[35, 27, 1, 7, 2, 11, 43, 46], [12, 3, 4, 5, 14, 28, 30, 8, 9, 13, 29, 15, 23, 17, 22, 18, 19, 20, 16, 10, 21, 6], [24, 26, 25, 31, 36, 33, 32, 51, 39, 37, 38, 40, 42, 44, 45], [41, 34, 52, 49, 47, 48, 55, 50, 53, 54, 57, 58, 56, 59, 60]]
106: [[35, 27, 1, 7, 2, 11, 43, 46], [12, 3, 4, 5, 14, 28, 30, 6, 8, 13, 9, 21, 29, 22, 19, 23, 18, 15, 16, 10, 17, 20], [24, 25, 26, 31, 36, 33, 32, 51, 39, 37, 38, 40, 42, 44, 45], [41, 34, 52, 49, 47, 48, 55, 50, 53, 54, 57, 58, 56, 59, 60]]
107: [[35, 27, 1, 7, 2, 11, 43, 46], [12, 3, 4, 5, 14, 28, 30, 6, 9, 8, 10, 13, 15, 29, 20, 17, 16, 19, 21, 22, 24, 23], [25, 26, 18, 31, 36, 33, 32, 51, 39, 37, 38, 40, 42, 44, 45], [41, 34, 52, 49, 47, 48, 55, 50, 53, 54, 57, 58, 56, 59, 60]]
108: [[35, 27, 1, 7, 2, 11, 43, 46], [12, 3, 4, 5, 14, 28, 30, 6, 8, 13, 10, 9, 31, 19, 16, 15, 17, 18, 21, 22, 20, 26], [23, 25, 29, 24, 36, 33, 32, 51, 39, 37, 38, 40, 42, 44, 45], [41, 34, 52, 49, 47, 48, 55, 50, 53, 54, 57, 58, 56, 59, 60]]
109: [[35, 27, 1, 7, 2, 11, 43, 46], [12, 3, 4, 5, 14, 28, 30, 8, 9, 13, 23, 15, 22, 20, 24, 17, 16, 19, 26, 10, 21, 6], [18, 25, 31, 29, 36, 33, 32, 51, 39, 37, 38, 40, 42, 44, 45], [41, 34, 52, 49, 47, 48, 55, 50, 53, 54, 57, 58, 56, 59, 60]]
110: [[35, 27, 1, 7, 2, 11, 43, 46], [12, 3, 4, 5, 14, 28, 30, 8, 9, 15, 13, 20, 17, 19, 18, 22, 23, 24, 29, 10, 21, 6], [16, 25, 26, 31, 36, 33, 32, 51, 39, 37, 38, 40, 42, 44, 45], [41, 34, 52, 49, 47, 48, 55, 50, 53, 54, 57, 58, 56, 59, 60]]
111: [[35, 27, 1, 7, 2, 11, 43, 46], [12, 3, 4, 5, 14, 28, 30, 6, 8, 9, 10, 21, 13, 15, 19, 18, 31, 17, 20, 22, 16, 25], [24, 26, 29, 23, 36, 33, 32, 51, 39, 37, 38, 40, 42, 44, 45], [41, 34, 52, 49, 47, 48, 55, 50, 53, 54, 57, 58, 56, 59, 60]]
112: [[35, 27, 1, 7, 2, 11, 43, 46], [12, 3, 4, 5, 14, 28, 30, 6, 9, 8, 10, 13, 15, 19, 18, 17, 16, 20, 21, 22, 29, 24], [23, 26, 31, 25, 36, 33, 32, 51, 39, 37, 38, 40, 42, 44, 45], [41, 34, 52, 49, 47, 48, 55, 50, 53, 54, 57, 58, 56, 59, 60]]
113: [[35, 27, 1, 7, 2, 11, 43, 46], [12, 3, 4, 5, 14, 28, 30, 6, 8, 9, 10, 29, 31, 22, 15, 18, 20, 13, 21, 16, 17, 19], [23, 24, 26, 25, 36, 33, 32, 51, 39, 37, 38, 40, 42, 44, 45], [41, 34, 52, 49, 47, 48, 55, 50, 53, 54, 57, 58, 56, 59, 60]]
114: [[35, 27, 1, 7, 2, 11, 43, 46], [12, 3, 4, 5, 14, 28, 30, 6, 9, 8, 10, 13, 15, 19, 21, 22, 26, 29, 16, 17, 18, 20], [23, 24, 25, 31, 36, 33, 32, 51, 39, 37, 38, 40, 42, 44, 45], [41, 34, 52, 49, 47, 48, 55, 50, 53, 54, 57, 58, 56, 59, 60]]
115: [[35, 27, 1, 7, 2, 11, 43, 46], [12, 3, 4, 5, 14, 28, 30, 6, 8, 13, 9, 10, 15, 20, 19, 18, 17, 21, 29, 26, 16, 22], [23, 24, 25, 31, 36, 33, 32, 51, 39, 37, 38, 40, 42, 44, 45], [41, 34, 52, 49, 47, 48, 55, 50, 53, 54, 57, 58, 56, 59, 60]]
116: [[35, 27, 1, 7, 2, 11, 43, 46], [12, 3, 4, 5, 14, 28, 30, 6, 8, 9, 10, 13, 15, 23, 19, 18, 16, 24, 17, 26, 22, 25], [21, 20, 29, 31, 36, 33, 32, 51, 39, 37, 38, 40, 42, 44, 45], [41, 34, 52, 49, 47, 48, 55, 50, 53, 54, 57, 58, 56, 59, 60]]
117: [[35, 27, 1, 7, 2, 11, 43, 46], [12, 3, 4, 5, 14, 28, 30, 6, 8, 10, 15, 9, 23, 13, 18, 20, 16, 19, 17, 25, 22, 24], [26, 21, 29, 31, 36, 33, 32, 51, 39, 37, 38, 40, 42, 44, 45], [41, 34, 52, 49, 47, 48, 55, 50, 53, 54, 57, 58, 56, 59, 60]]
118: [[35, 27, 1, 7, 2, 11, 43, 46], [12, 3, 4, 5, 14, 28, 30, 6, 8, 9, 10, 13, 15, 23, 24, 18, 20, 17, 16, 19, 22, 25], [21, 31, 26, 29, 36, 33, 32, 51, 39, 37, 38, 40, 42, 44, 45], [41, 34, 52, 49, 47, 48, 55, 50, 53, 54, 57, 58, 56, 59, 60]]
119: [[35, 27, 1, 7, 2, 11, 43, 46], [12, 3, 4, 5, 14, 28, 30, 8, 13, 9, 10, 19, 20, 6, 15, 22, 16, 25, 24, 26, 17, 23], [18, 21, 31, 29, 36, 33, 32, 51, 39, 37, 38, 40, 42, 44, 45], [41, 34, 52, 49, 47, 48, 55, 50, 53, 54, 57, 58, 56, 59, 60]]
120: [[35, 27, 1, 7, 2, 11, 43, 46], [12, 3, 4, 5, 14, 28, 30, 6, 8, 9, 10, 13, 31, 15, 17, 16, 20, 18, 22, 23, 19, 25], [21, 26, 29, 24, 36, 33, 32, 51, 39, 37, 38, 40, 42, 44, 45], [41, 34, 52, 49, 47, 48, 55, 50, 53, 54, 57, 58, 56, 59, 60]]
121: [[35, 27, 1, 7, 2, 11, 43, 46], [12, 3, 4, 5, 14, 28, 30, 6, 8, 9, 10, 29, 13, 19, 17, 16, 31, 22, 15, 18, 20, 24], [21, 23, 25, 26, 36, 33, 32, 51, 39, 37, 38, 40, 42, 44, 45], [41, 34, 52, 49, 47, 48, 55, 50, 53, 54, 57, 58, 56, 59, 60]]
