0: [[18, 3], [10, 9, 39, 4, 1], [12, 2, 5], [43, 6, 7, 26, 8], [11, 14, 15], [23, 29, 13, 16], [17, 19, 21, 20], [28, 22, 25], [24, 50], [27, 31, 47, 32], [30, 35, 33], [34, 44, 37], [38, 42, 40], [45, 36], [63, 60, 46, 41], [51, 53], [56, 49, 54], [61, 52, 48], [55, 58, 57, 62], [59, 67, 68, 64], [65, 66], [73, 71], [69, 78, 70], [76, 72, 75], [74, 77], [79, 82], [81, 85, 80, 83], [84, 87, 86, 88]]
1: [[18, 3], [10, 9, 39], [4, 1, 12], [2, 5, 43], [6, 7], [26, 8, 11], [14, 15], [23, 29, 13, 16], [17, 19, 21], [20, 28, 22], [25, 24, 50], [27, 31, 47], [33, 30], [35, 32], [34, 36], [37, 40, 38, 42], [41, 60, 57, 45], [44, 61, 55, 62], [48, 46, 54], [49, 51, 59, 52], [58, 53], [56, 63, 67], [68, 64, 65, 66], [73, 71], [69, 78, 70], [76, 72, 75, 74], [77, 79, 82, 81], [85, 80, 83, 84], [87, 86, 88]]
2: [[18, 3], [10, 9, 39], [4, 1, 12, 2], [5, 43, 6, 7], [26, 8, 11], [14, 15], [23, 29, 13, 16], [17, 19, 21], [20, 28, 22, 25], [24, 50, 27], [31, 47, 33, 30], [35, 40, 34], [37, 36, 38, 44], [42, 32, 57], [45, 46, 41, 49], [62, 52, 60], [54, 55], [48, 51, 53], [56, 58, 59, 63], [61, 67, 68], [64, 65, 66, 73, 71], [69, 78, 70, 76], [72, 75, 74, 77], [79, 82], [81, 85], [80, 83, 84, 87], [86, 88]]
3: [[18, 3], [10, 9, 39], [4, 1, 12], [2, 5, 43], [6, 7], [26, 8, 11], [14, 15], [23, 29, 13, 16], [17, 19, 21], [20, 28, 22], [25, 24, 50], [27, 31, 47], [33, 30], [35, 40, 34, 44], [36, 32, 37, 38, 42, 61, 57, 41, 46, 53, 49], [45, 48, 51, 54, 55, 52, 56, 60, 62, 58, 63, 59, 67], [68, 64, 65, 66, 73, 71, 69, 78, 70, 76, 72, 75, 74, 77, 79, 82, 81, 85, 80, 83, 84, 87, 86, 88]]
4: [[18, 3], [10, 9], [39, 4, 1], [12, 2, 5], [43, 6], [7, 26, 8, 11], [14, 15], [23, 29, 13, 16], [17, 19, 21, 20], [28, 22, 25], [24, 50, 27], [31, 47], [33, 30, 35, 40], [34, 44, 37], [32, 36, 42], [38, 41, 56], [45, 58, 46], [49, 61, 48], [53, 52, 55, 51], [54, 59, 57], [60, 62, 63], [67, 68, 64, 65], [66, 73, 71, 69], [78, 70, 76], [72, 75, 74, 77], [79, 82], [81, 85, 80], [83, 84], [87, 86, 88]]
5: [[18, 3], [10, 9, 39, 4, 1], [12, 2, 5], [43, 6, 7, 26, 8], [11, 14, 15], [23, 29, 13, 16], [17, 19, 21, 20], [28, 22, 25], [24, 50], [27, 31, 47, 32], [30, 35, 33], [34, 44, 36], [38, 42, 41], [37, 40], [63, 56, 45, 49], [54, 46], [48, 51, 52], [61, 53, 62, 55], [58, 59, 60, 57], [67, 68, 64, 65, 66, 73, 71, 69, 78], [70, 76, 72, 75], [74, 77, 79, 82], [81, 85, 80, 83, 84, 87, 86, 88]]
6: [[18, 3], [10, 9, 39], [4, 1, 12], [2, 5], [43, 6], [7, 26, 8, 11], [14, 15], [23, 29, 13], [16, 17], [19, 21, 20], [28, 22], [25, 24, 50, 27], [31, 47, 33, 30], [35, 40, 34, 44], [36, 32, 42, 37], [38, 49, 53], [60, 61, 41, 55], [54, 45, 48], [57, 46, 63], [51, 58], [56, 52, 59, 62], [67, 68, 64, 65], [66, 73, 71], [69, 78, 70, 76], [72, 75, 74, 77], [79, 82, 81], [85, 80, 83], [84, 87, 86], [88]]
7: [[18, 3], [10, 9, 39], [4, 1, 12], [2, 5, 43, 6], [7, 26, 8, 11], [14, 15], [23, 29, 13, 16], [17, 19, 21], [20, 28, 22], [25, 24, 50, 27], [31, 47, 33], [30, 35, 36, 34], [37, 38, 32], [46, 42, 45, 61], [44, 40], [41, 54, 60, 48], [51, 49], [53, 55, 52], [57, 56, 62, 58], [59, 63, 67, 68], [64, 65, 66, 73], [71, 69, 78, 70], [76, 72, 75, 74], [77, 79, 82, 81], [85, 80, 83, 84], [87, 86, 88]]
8: [[18, 3], [10, 9, 39], [4, 1, 12], [2, 5, 43, 6], [7, 26, 8, 11], [14, 15], [23, 29, 13, 16], [17, 19, 21, 20], [28, 22, 25], [24, 50, 27], [31, 47], [32, 30, 35, 33], [34, 36, 37], [44, 38, 41], [45, 42, 61], [40, 46, 48], [57, 60, 51], [53, 52, 55, 49], [56, 59, 54], [58, 63, 62], [67, 68, 64, 65], [66, 73, 71, 69], [78, 70], [76, 72, 75, 74, 77], [79, 82, 81], [85, 80, 83, 84, 87, 86], [88]]
9: [[18, 3], [10, 9, 39], [4, 1, 12, 2], [5, 43, 6, 7], [26, 8, 11], [14, 15], [23, 29, 13], [16, 17, 19, 21], [20, 28, 22, 25], [24, 50], [27, 31, 47, 33, 30], [35, 36], [34, 45, 32, 37], [38, 41, 42, 40, 57, 44, 46, 49, 51, 53, 56, 48, 60, 54, 52], [62, 55, 58, 61, 59, 63, 67], [68, 64, 65, 66, 73, 71, 69, 78, 70, 76, 72, 75, 74, 77, 79, 82, 81, 85, 80, 83, 84, 87, 86, 88]]
10: [[18, 3], [10, 9, 39], [4, 1, 12, 2], [5, 43, 6, 7], [26, 8, 11], [14, 15], [23, 29, 13, 16], [17], [19, 21, 20, 28], [22, 25, 24], [50, 27, 31], [47, 33, 30], [35, 40], [34, 36, 32, 46], [38, 45, 42], [37, 41, 56, 52], [60, 44, 49, 54], [48, 55, 57, 61], [53, 51, 58, 62], [59, 63], [67, 68, 64, 65], [66, 73, 71, 69, 78, 70], [76, 72], [75, 74, 77, 79], [82, 81, 85, 80, 83, 84], [87, 86, 88]]
11: [[18, 3], [10, 9, 39], [4, 1, 12, 2], [5, 43, 6], [7, 26], [8, 11, 14, 15], [23, 29, 13], [16, 17, 19, 21], [20, 28], [22, 25, 24, 50], [27, 31], [47, 33, 30, 35], [40, 34, 36], [38, 32, 37], [44, 42, 41, 60], [52, 45, 63, 46], [48, 49, 51, 53], [56, 55, 54, 59], [62, 57, 61, 58, 67, 68, 64, 65, 66, 73, 71, 69, 78, 70, 76, 72, 75, 74, 77], [79, 82, 81, 85, 80, 83, 84, 87, 86], [88]]
12: [[18, 3], [10, 9, 39], [4, 1, 12, 2], [5, 43, 6, 7], [26, 8, 11], [14, 15], [23, 29, 13, 16], [17, 19, 21], [20, 28, 22, 25], [24, 50, 27, 31], [47, 33, 30, 35], [40, 34, 44], [32, 37, 36, 46, 38, 60, 41, 42, 45, 59, 61], [49, 53, 52, 48, 54, 55, 56, 62, 51, 57, 58, 63, 67, 68, 64, 65, 66, 73, 71, 69, 78, 70, 76], [72, 75, 74, 77, 79, 82, 81, 85, 80, 83], [84, 87, 86, 88]]
13: [[18, 3], [10, 9, 39], [4, 1, 12, 2], [5, 43, 6, 7], [26, 8, 11], [14, 15], [23, 29, 13, 16], [17], [19, 21, 20, 28], [22, 25, 24], [50, 27, 31], [47, 33, 30], [35, 40], [34, 36, 32, 46], [38, 45, 42], [37, 41, 56, 52], [60, 44, 49, 54], [48, 55, 57, 61], [53, 51, 58, 62], [59, 63], [67, 68, 64, 65], [66, 73, 71, 69, 78, 70], [76, 72], [75, 74, 77, 79], [82, 81, 85, 80, 83, 84], [87, 86, 88]]
14: [[18, 3], [10, 9, 39], [4, 1, 12, 2], [5, 43, 6, 7], [26, 8, 11], [14, 15], [23, 29, 13, 16], [17, 19, 21], [20, 28, 22], [25, 24, 50], [27, 31, 47, 33], [30, 35, 44], [34, 41, 36, 37], [32, 46, 38], [45, 42, 56], [40, 59, 51], [53, 54, 48, 52, 49, 55, 57, 62, 61, 58, 60, 63, 67, 68, 64, 65, 66, 73, 71, 69, 78, 70, 76, 72, 75, 74, 77, 79, 82, 81, 85, 80], [83, 84, 87, 86, 88]]
15: [[18, 3], [10, 9, 39], [4, 1, 12, 2], [5, 43, 6, 7], [26, 8, 11], [14, 15], [23, 29, 13, 16], [17, 19, 21], [20, 28, 22, 25], [24, 50, 27], [31, 47], [33, 30, 35], [32, 34], [36, 37, 41], [38, 42, 45, 40], [60, 62, 44, 46], [49, 48, 52], [51, 54, 53, 55], [58, 56, 59, 61], [57, 63, 67, 68], [64, 65, 66], [73, 71, 69, 78], [70, 76, 72], [75, 74], [77, 79, 82, 81], [85, 80, 83, 84, 87, 86, 88]]
16: [[18, 3], [10, 9, 39], [4, 1, 12, 2], [5, 43, 6, 7], [26, 8, 11], [14, 15], [23, 29, 13], [16, 17, 19, 21], [20, 28, 22, 25], [24, 50, 27, 31], [47, 33, 30, 35], [32, 34], [37, 36, 38, 46], [40, 45], [42, 61, 60, 41], [44, 54, 48, 52, 49, 55, 51, 53, 56, 63, 62, 57, 58, 59, 67, 68, 64, 65, 66, 73, 71, 69, 78, 70, 76, 72, 75, 74, 77, 79, 82, 81, 85, 80, 83, 84, 87, 86, 88]]
17: [[18, 3], [10, 9, 39], [4, 1, 12], [2, 5], [43, 6, 7], [26, 8, 11], [14, 15, 23], [29, 13, 16], [17, 19, 21], [20, 28, 22], [25, 24, 50], [27, 31, 47], [33, 30], [35, 32, 34], [45, 36, 37, 38], [42, 41, 60, 40], [44, 46, 63], [56, 62], [53, 51, 48], [57, 49, 54, 52], [55, 58], [59, 61, 67, 68], [64, 65, 66], [73, 71, 69, 78], [70, 76], [72, 75, 74, 77], [79, 82], [81, 85], [80, 83, 84, 87, 86, 88]]
18: [[18, 3], [10, 9, 39], [4, 1, 12], [2, 5, 43, 6], [7, 26, 8, 11], [14, 15], [23, 29, 13, 16], [17, 19, 21, 20], [28, 22, 25], [24, 50, 27], [31, 47], [33, 30, 35, 32], [34, 36, 37], [44, 38, 41], [45, 46, 60], [40, 42, 48], [49, 56, 51], [53, 54, 55, 57], [58, 59, 61], [52, 62, 63], [67, 68, 64, 65], [66, 73, 71, 69], [78, 70, 76], [72, 75, 74, 77], [79, 82], [81, 85, 80], [83, 84], [87, 86, 88]]
19: [[18, 3], [10, 9, 39], [4, 1, 12], [2, 5, 43], [6, 7], [26, 8, 11], [14, 15], [23, 29, 13, 16], [17, 19, 21], [20, 28, 22], [25, 24, 50], [27, 31, 47], [33, 30], [35, 32], [34, 36], [37, 38, 42, 41], [45, 44, 59, 58], [46, 49, 55], [40, 48, 51], [54, 52, 53, 56], [63, 60], [62, 61, 57], [67, 68, 64, 65], [66, 73], [71, 69, 78], [70, 76, 72, 75], [74, 77, 79, 82], [81, 85, 80, 83], [84, 87, 86, 88]]
20: [[18, 3], [10, 9, 39], [4, 1, 12], [2, 5, 43, 6], [7, 26, 8, 11], [14, 15], [23, 29, 13, 16], [17, 19, 21, 20], [28, 22, 25, 24], [50, 27, 31, 47], [33, 30, 35], [40, 38, 34, 32], [42, 36], [41, 37, 45], [44, 46], [52, 60, 51, 59, 49, 54, 48, 53, 56, 57, 55, 62, 58, 61, 63, 67, 68, 64, 65], [66, 73], [71, 69, 78, 70, 76, 72, 75, 74, 77, 79, 82, 81, 85, 80, 83, 84, 87, 86], [88]]
21: [[18, 3], [10, 9, 39], [4, 1, 12], [2, 5, 43, 6], [7, 26], [8, 11, 14, 15], [23, 29, 13], [16, 17, 19], [21, 20], [28, 22, 25], [24, 50], [27, 31, 47], [33, 30, 35], [40, 34], [44, 36, 37], [32, 41, 42, 45], [57, 46, 63], [51, 38, 48, 53], [59, 58, 55, 62], [49, 52, 54, 60], [56, 61, 67], [68, 64, 65], [66, 73, 71, 69], [78, 70, 76], [72, 75], [74, 77], [79, 82], [81, 85, 80, 83], [84, 87, 86, 88]]
22: [[18, 3], [10, 9, 39], [4, 1, 12, 2], [5, 43, 6, 7], [26, 8, 11], [14, 15], [23, 29, 13, 16], [17, 19, 21], [20, 28, 22], [25, 24, 50], [27, 31, 47, 33], [30, 35, 32], [34, 37, 36], [40, 38, 42, 46, 60, 57, 44, 41, 45, 49, 51, 55, 52, 48, 61], [54, 53, 56, 59, 58, 62, 63, 67, 68, 64, 65, 66, 73, 71, 69, 78, 70, 76, 72, 75, 74, 77, 79, 82, 81, 85, 80, 83, 84, 87, 86, 88]]
23: [[18, 3], [10, 9, 39], [4, 1, 12], [2, 5, 43], [6, 7], [26, 8, 11], [14, 15], [23, 29, 13, 16], [17, 19, 21], [20, 28, 22], [25, 24, 50], [27, 31, 47], [33, 30], [35, 40], [34, 36], [37, 32, 38, 41], [45, 60, 57, 42], [44, 53, 55], [56, 48, 46], [54, 49, 63, 51], [52, 58], [59, 62, 61], [67, 68, 64, 65], [66, 73], [71, 69, 78], [70, 76, 72, 75], [74, 77, 79, 82], [81, 85, 80, 83], [84, 87, 86, 88]]
24: [[18, 3], [10, 9, 39], [4, 1, 12], [2, 5, 43, 6], [7, 26, 8], [11, 14, 15, 23], [29, 13, 16, 17], [19, 21, 20, 28], [22, 25, 24, 50], [27, 31, 47], [33, 30, 35], [40, 34, 37], [36, 46], [32, 42, 38, 41], [60, 44, 48], [45, 49, 58, 51], [52, 54, 55, 59], [53, 56], [57, 63, 62, 61], [67, 68], [64, 65], [66, 73, 71, 69], [78, 70, 76], [72, 75, 74, 77], [79, 82], [81, 85, 80], [83, 84], [87, 86, 88]]
25: [[18, 3], [10, 9, 39], [4, 1, 12, 2], [5, 43, 6, 7], [26, 8, 11], [14, 15], [23, 29, 13], [16, 17, 19, 21], [20, 28, 22, 25], [24, 50, 27, 31], [47, 33, 30, 35], [32, 34, 37], [38, 36, 46, 57], [40, 60, 41], [56, 42, 61, 51, 44], [45, 48, 52], [49, 53, 62, 63, 54, 55, 59, 58, 67, 68, 64, 65, 66, 73, 71, 69, 78, 70, 76, 72, 75, 74, 77, 79, 82, 81, 85, 80, 83, 84, 87, 86, 88]]
26: [[18, 3], [10, 9, 39], [4, 1, 12], [2, 5, 43], [6, 7], [26, 8, 11], [14, 15], [23, 29, 13, 16], [17, 19, 21, 20], [28, 22], [25, 24, 50], [27, 31, 47], [33, 30, 35, 36], [34, 44, 41], [32, 37, 38, 40], [42, 60, 57], [59, 48, 49, 45], [56, 46, 51, 52], [54, 53, 58, 62], [55, 61, 63], [67, 68, 64, 65], [66, 73], [71, 69, 78, 70], [76, 72, 75, 74], [77, 79, 82, 81], [85, 80, 83], [84, 87, 86, 88]]
27: [[18, 3], [10, 9, 39], [4, 1, 12], [2, 5, 43, 6], [7, 26, 8, 11], [14, 15], [23, 29, 13, 16], [17, 19, 21, 20], [28, 22, 25, 24], [50, 27], [31, 47, 33, 30, 35, 44], [34, 38, 32, 37, 36, 41, 46, 45, 61, 42, 40, 52, 49, 51, 54, 56, 48, 55, 57, 59, 58, 53, 62, 60, 63, 67, 68, 64, 65, 66, 73, 71], [69, 78, 70, 76, 72, 75, 74, 77, 79, 82, 81, 85, 80, 83, 84, 87, 86, 88]]
28: [[18, 3], [10, 9, 39], [4, 1, 12, 2], [5, 43, 6], [7, 26, 8], [11, 14, 15], [23, 29, 13, 16], [17, 19, 21, 20], [28, 22, 25], [24, 50, 27, 31], [47, 32, 30, 35], [33, 34, 36], [37, 46, 40], [49, 38, 41], [61, 57, 45, 42], [51, 44], [52, 48, 54], [55, 53, 56, 59, 62], [60, 58, 63], [67, 68], [64, 65, 66, 73], [71, 69, 78], [70, 76, 72], [75, 74, 77], [79, 82], [81, 85, 80], [83, 84, 87, 86, 88]]
29: [[18, 3], [10, 9, 39], [4, 1, 12, 2], [5, 43, 6, 7], [26, 8, 11], [14, 15, 23], [29, 13, 16], [17, 19, 21], [20, 28, 22, 25], [24, 50, 27, 31], [47, 33, 30, 35], [36, 34], [44, 40, 32], [38, 37, 42, 45], [60, 41, 55, 46], [61, 52, 49], [48, 53], [54, 56, 58], [59, 62, 57, 51], [63, 67, 68, 64], [65, 66], [73, 71], [69, 78, 70, 76], [72, 75, 74, 77], [79, 82, 81, 85, 80, 83, 84, 87, 86, 88]]
30: [[18, 3], [10, 9, 39, 4, 1], [12, 2, 5], [43, 6, 7, 26, 8], [11, 14, 15], [23, 29, 13, 16], [17, 19, 21, 20], [28, 22, 25], [24, 50], [27, 31, 47, 32], [30, 35, 33], [34, 44, 38], [37, 40, 41], [36, 45], [61, 56, 42, 46], [54, 55], [49, 51, 52], [60, 48, 57, 53], [58, 63, 62, 59], [67, 68, 64, 65, 66, 73, 71, 69, 78], [70, 76, 72, 75], [74, 77, 79, 82, 81, 85, 80, 83, 84, 87, 86, 88]]
31: [[18, 3], [10, 9, 39], [4, 1, 12, 2], [5, 43, 6, 7], [26, 8, 11], [14, 15], [23, 29, 13, 16], [17, 19, 21], [20, 28, 22, 25], [24, 50, 27], [31, 47], [33, 30, 35], [34, 38], [36, 44, 32], [46, 42, 41, 40], [56, 62, 45, 61], [53, 49, 37], [59, 54, 48, 55], [63, 51, 52, 58], [57, 60, 67, 68, 64], [65, 66, 73], [71, 69, 78, 70], [76, 72, 75], [74, 77], [79, 82, 81, 85, 80, 83, 84], [87, 86, 88]]
32: [[18, 3], [10, 9, 39], [4, 1, 12, 2], [5, 43, 6, 7], [26, 8], [11, 14, 15], [23, 29, 13, 16], [17, 19, 21, 20], [28, 22, 25, 24], [50, 27, 31, 47], [33, 30, 35, 32], [34, 45], [36, 44, 37, 40], [38, 58, 41, 57], [52, 61, 42], [59, 49, 51], [53, 55, 56, 46, 54, 48, 60, 63, 62, 67, 68, 64, 65, 66, 73, 71, 69, 78, 70, 76], [72, 75, 74, 77, 79, 82, 81, 85, 80, 83, 84, 87, 86, 88]]
33: [[18, 3], [10, 9, 39], [4, 1, 12, 2], [5, 43, 6, 7], [26, 8, 11], [14, 15], [23, 29, 13, 16], [17, 19, 21], [20, 28, 22, 25], [24, 50, 27], [31, 47, 33, 30], [35, 40, 34], [45, 32, 36, 38], [42, 37], [56, 60, 61, 58, 51, 41, 48, 59, 63, 55, 52, 44, 62, 46, 49], [53, 54, 57, 67, 68, 64, 65, 66, 73, 71, 69, 78, 70, 76, 72, 75, 74, 77, 79, 82, 81, 85, 80, 83, 84, 87], [86, 88]]
34: [[18, 3], [10, 9, 39, 4, 1], [12, 2, 5], [43, 6, 7, 26, 8], [11, 14, 15], [23, 29, 13, 16], [17, 19, 21, 20], [28, 22, 25], [24, 50], [27, 31, 47, 33], [30, 35, 40], [34, 36, 32], [37, 42, 38], [41, 44], [57, 45, 46], [49, 51, 53], [61, 52, 55, 59], [56, 58, 54, 48], [63, 60, 62, 67], [68, 64], [65, 66, 73, 71], [69, 78, 70], [76, 72, 75, 74], [77, 79, 82, 81], [85, 80, 83, 84], [87, 86, 88]]
35: [[18, 3], [10, 9, 39], [4, 1, 12], [2, 5, 43], [6, 7], [26, 8, 11], [14, 15], [23, 29, 13, 16], [17, 19, 21], [20, 28], [22, 25, 24, 50], [27, 31, 47, 33], [30, 35, 40, 36, 34, 45, 32, 38, 41, 37, 46, 57, 42, 44, 55, 49, 52, 48, 54, 53, 56, 63, 51, 61, 58, 62, 59, 60, 67, 68, 64, 65, 66, 73, 71, 69, 78, 70, 76, 72, 75, 74, 77, 79, 82, 81, 85, 80, 83, 84, 87, 86, 88]]
36: [[18, 3], [10, 9, 39], [4, 1, 12, 2], [5, 43, 6, 7], [26, 8, 11], [14, 15], [23, 29, 13, 16], [17, 19, 21], [20, 28, 22, 25], [24, 50, 27], [31, 47, 33, 30], [35, 40, 34], [45, 36, 32, 37], [38, 44, 41, 56], [42, 57, 51, 63, 52, 48, 46, 49, 61, 54, 58], [53, 55, 59, 60, 62], [67, 68, 64, 65], [66, 73, 71, 69, 78, 70, 76, 72, 75, 74, 77, 79, 82, 81, 85, 80, 83, 84, 87, 86, 88]]
37: [[18, 3], [10, 9, 39], [4, 1, 12, 2], [5, 43, 6, 7], [26, 8, 11], [14, 15], [23, 29, 13, 16], [17, 19, 21, 20, 28, 22, 25, 24, 50], [27, 31, 47, 33, 30, 35, 32, 34, 37, 36, 38, 40, 46, 42, 41, 63, 60, 44, 52, 45, 48, 51, 59, 53, 49, 54, 56, 57, 58, 61, 62, 55, 67, 68, 64, 65, 66, 73, 71, 69, 78, 70, 76, 72, 75, 74, 77, 79, 82, 81, 85, 80, 83, 84, 87, 86, 88]]
38: [[18, 3], [10, 9, 39], [4, 1, 12], [2, 5, 43, 6], [7, 26, 8, 11], [14, 15], [23, 29, 13], [16, 17, 19, 21], [20, 28, 22, 25], [24, 50, 27], [31, 47, 33, 30], [35, 41, 34, 36, 32, 37, 38, 44, 42, 56, 40, 45, 62, 61, 46], [49, 48, 51, 52, 53, 60, 58, 54], [55, 63, 57, 59, 67, 68, 64, 65, 66, 73, 71, 69, 78, 70, 76, 72, 75, 74, 77, 79, 82, 81, 85, 80, 83, 84, 87, 86, 88]]
39: [[18, 3], [10, 9, 39], [4, 1, 12], [2, 5, 43, 6], [7, 26, 8, 11], [14, 15], [23, 29, 13], [16, 17, 19, 21], [20, 28, 22, 25], [24, 50, 27], [31, 47, 33, 30], [35, 41, 34, 36, 32, 37, 38, 44, 42, 56, 40, 45, 62, 61, 46], [49, 48, 51, 52, 53, 60, 58, 54], [55, 63, 57, 59, 67, 68, 64, 65, 66, 73, 71, 69, 78, 70, 76, 72, 75, 74, 77, 79, 82, 81, 85, 80, 83, 84, 87, 86, 88]]
40: [[18, 3], [10, 9, 39], [4, 1, 12, 2], [5, 43, 6], [7, 26, 8], [11, 14, 15], [23, 29, 13, 16], [17, 19, 21, 20], [28, 22, 25], [24, 50, 27, 31], [47, 33, 30, 35], [41, 34, 36], [37, 38, 45], [54, 44, 40], [57, 53, 46, 42], [49, 60, 51], [32, 52, 55], [48, 56, 59, 62], [63, 58], [61, 67, 68], [64, 65], [66, 73, 71], [69, 78], [70, 76, 72, 75, 74, 77, 79, 82, 81, 85, 80, 83, 84, 87, 86], [88]]
41: [[18, 3], [10, 9, 39], [4, 1, 12], [2, 5, 43, 6], [7, 26, 8, 11], [14, 15], [23, 29, 13], [16, 17, 19, 21], [20, 28, 22, 25], [24, 50, 27], [31, 47, 33, 30], [35, 41, 34, 36, 32, 37, 38, 44, 42, 56, 40, 45, 62, 61, 46], [49, 48, 51, 52, 53, 60, 58, 54], [55, 63, 57, 59, 67, 68, 64, 65, 66, 73, 71, 69, 78, 70, 76, 72, 75, 74, 77, 79, 82, 81, 85, 80, 83, 84, 87, 86, 88]]
42: [[18, 3], [10, 9, 39], [4, 1, 12, 2], [5, 43], [6, 7, 26], [8, 11, 14, 15], [23, 29, 13, 16], [17, 19, 21], [20, 28, 22, 25], [24, 50, 27, 31], [47], [33, 30, 35], [40, 34], [37, 36], [32, 46, 38, 42], [60, 52, 56], [45, 57, 61], [49, 53, 41], [44, 63, 48, 51], [54, 55, 59], [58, 62, 67, 68, 64, 65, 66, 73, 71, 69, 78], [70, 76, 72, 75, 74, 77, 79, 82, 81, 85, 80, 83, 84, 87, 86, 88]]
43: [[18, 3], [10, 9, 39], [4, 1, 12, 2], [5, 43, 6, 7], [26, 8, 11], [14, 15], [23, 29, 13, 16], [17, 19, 21], [20, 28, 22, 25], [24, 50, 27], [31, 47, 32, 30], [35, 40, 34, 36], [37, 46, 44, 33], [38, 41], [61, 42, 45], [59, 49, 60], [55, 48, 58], [51, 52], [53, 56, 54, 57], [63, 62, 67], [68, 64, 65, 66], [73, 71, 69, 78], [70, 76], [72, 75, 74, 77], [79, 82], [81, 85], [80, 83, 84, 87, 86, 88]]
44: [[18, 3], [10, 9, 39], [4, 1, 12, 2], [5, 43, 6, 7], [26, 8, 11], [14, 15], [23, 29, 13, 16], [17, 19, 21], [20, 28, 22, 25, 24, 50, 27, 31], [47, 33, 30, 35, 40, 34, 36, 32, 37, 46, 38, 42, 45, 44, 58, 41], [61, 48, 49, 51, 52, 53, 55, 59, 56, 60, 54, 63, 57, 62, 67, 68, 64, 65, 66, 73, 71, 69, 78, 70, 76, 72, 75, 74, 77, 79, 82, 81, 85, 80, 83, 84, 87, 86, 88]]
45: [[18, 3], [10, 9, 39], [4, 1, 12, 2], [5, 43, 6], [7, 26, 8, 11], [14, 15, 23, 29, 13], [16, 17, 19], [21, 20], [28, 22, 25, 24], [50, 27, 31, 47], [33, 30, 35], [40, 34, 37, 36], [32, 38, 42], [44, 41, 60, 46], [54, 62, 56, 49], [51, 48, 53, 59], [45, 52, 55, 58], [61, 63, 57], [67, 68], [64, 65], [66, 73, 71, 69, 78, 70, 76, 72, 75, 74, 77, 79], [82, 81, 85, 80, 83, 84], [87, 86, 88]]
46: [[18, 3], [10, 9, 39, 4], [1, 12, 2], [5, 43], [6, 7, 26, 8], [11, 14, 15], [23, 29, 13, 16], [17, 19, 21], [20, 28, 22], [25, 24, 50], [27, 31, 47, 33], [30, 35, 32], [34, 44, 37], [36, 40, 52, 41], [57, 59, 62, 45], [60, 58, 38], [53, 49], [61, 42, 54, 46], [55, 48, 51, 56], [63, 67, 68], [64, 65, 66, 73, 71], [69, 78, 70, 76], [72, 75, 74, 77], [79, 82, 81], [85, 80, 83], [84, 87, 86], [88]]
47: [[18, 3], [10, 9, 39], [4, 1, 12, 2], [5, 43, 6, 7], [26, 8, 11], [14, 15], [23, 29, 13, 16, 17, 19, 21, 20], [28], [22, 25, 24, 50], [27, 31, 47, 33, 30, 35], [40, 34, 44, 32, 37, 38, 45, 36, 41, 56, 62], [58, 51, 46], [52, 42, 57, 60, 53, 55, 63, 48, 49, 54, 59, 61, 67, 68, 64, 65, 66, 73, 71, 69, 78, 70, 76, 72, 75, 74, 77, 79, 82, 81, 85, 80, 83, 84, 87, 86, 88]]
48: [[18, 3], [10, 9, 39], [4, 1, 12], [2, 5, 43], [6, 7, 26, 8], [11], [14, 15, 23], [29, 13, 16, 17, 19], [21, 20, 28, 22], [25, 24, 50, 27], [31, 47], [33, 30, 35, 32], [34, 37, 38, 40], [46, 41, 36, 60], [44, 42, 48, 61], [55, 45, 51, 49], [52, 53, 54], [59, 56, 58, 62], [57, 63, 67, 68], [64, 65, 66], [73, 71, 69, 78], [70, 76, 72], [75, 74, 77], [79, 82, 81], [85, 80, 83, 84], [87, 86, 88]]
49: [[18, 3], [10, 9, 39], [4, 1, 12, 2], [5, 43], [6, 7, 26], [8, 11, 14, 15], [23, 29, 13, 16], [17, 19, 21], [20, 28, 22, 25], [24, 50, 27, 31], [47], [33, 30, 35], [40, 34], [45, 36], [37, 38], [41, 42, 60, 46, 44, 32, 48, 61, 62, 49, 51, 55, 52, 53, 54, 56, 63, 57, 58, 59, 67, 68, 64, 65, 66, 73, 71, 69, 78, 70, 76, 72, 75, 74, 77, 79, 82, 81, 85, 80, 83, 84, 87, 86, 88]]
50: [[18, 3], [10, 9, 39], [4, 1, 12, 2], [5, 43, 6], [7, 26], [8, 11, 14], [15, 23, 29], [13, 16, 17, 19, 21, 20, 28], [22, 25, 24, 50], [27, 31, 47, 33], [30, 35, 32, 34], [44, 46, 36, 37], [40, 41, 42, 62], [56, 45, 38], [51, 61, 48, 53], [54, 63, 52], [49, 55, 57], [58, 59], [60, 67, 68, 64], [65, 66, 73], [71, 69, 78, 70], [76, 72, 75, 74, 77], [79, 82], [81, 85, 80, 83], [84, 87], [86, 88]]
51: [[18, 3], [10, 9, 39], [4, 1, 12, 2], [5, 43, 6], [7, 26, 8], [11, 14, 15], [23, 29, 13, 16], [17, 19, 21], [20, 28, 22, 25], [24, 50, 27, 31], [47, 33, 30, 35, 40, 34, 37, 32, 36, 38, 41, 45, 60, 44, 42, 46, 53, 55, 49, 48, 54, 51, 52, 56, 57, 59, 58, 63, 62, 61, 67, 68, 64, 65, 66, 73, 71, 69, 78, 70, 76, 72, 75, 74, 77, 79, 82, 81, 85, 80, 83, 84, 87, 86, 88]]
52: [[18, 3], [10, 9, 39], [4, 1, 12], [2, 5, 43, 6], [7, 26, 8], [11, 14], [15, 23, 29, 13], [16, 17, 19, 21], [20, 28], [22, 25, 24, 50, 27], [31, 47, 33], [30, 35], [40, 34, 36, 32], [37, 42, 38], [45, 57, 60], [46, 41, 44, 53], [51, 49], [52, 48, 61, 62, 54], [56, 58, 55, 59], [63, 67, 68], [64, 65, 66, 73, 71], [69, 78, 70, 76], [72, 75, 74, 77], [79, 82, 81], [85, 80, 83], [84, 87, 86], [88]]
53: [[18, 3], [10, 9, 39], [4, 1, 12, 2], [5, 43, 6, 7], [26, 8, 11, 14], [15, 23, 29, 13], [16, 17, 19, 21], [20, 28], [22, 25, 24, 50], [27, 31, 47, 33], [30, 35, 40], [34, 45, 36], [32, 38, 42], [44, 60, 37, 41], [52, 61, 51], [46, 48, 53, 55], [49, 54, 56, 57, 58, 59, 62, 63, 67, 68], [64, 65, 66, 73, 71, 69, 78, 70, 76, 72, 75, 74, 77, 79, 82, 81, 85, 80, 83, 84, 87, 86, 88]]
54: [[18, 3], [10, 9, 39], [4, 1, 12], [2, 5], [43, 6, 7], [26, 8, 11], [14, 15, 23], [29, 13, 16], [17, 19, 21], [20, 28], [22, 25, 24, 50], [27, 31, 47], [33, 30, 35], [32, 36, 45, 44], [34, 38, 37, 41], [42, 60, 40, 61], [55, 53], [46, 48, 49, 52], [56, 51, 59], [57, 62], [54, 58, 63, 67], [68, 64, 65, 66], [73, 71, 69, 78], [70, 76], [72, 75, 74, 77], [79, 82], [81, 85, 80, 83], [84, 87, 86, 88]]
55: [[18, 3], [10, 9, 39], [4, 1, 12, 2], [5, 43], [6, 7, 26], [8, 11, 14, 15], [23, 29, 13, 16], [17, 19, 21], [20, 28, 22, 25], [24, 50, 27, 31], [47], [32, 30, 35], [33, 34], [44, 37], [36, 46, 40, 38], [42, 53, 56], [45, 41, 59], [61, 48, 51], [54, 52, 49], [57, 55], [60, 63, 62, 58], [67, 68, 64], [65, 66, 73], [71, 69, 78], [70, 76], [72, 75, 74], [77, 79, 82, 81, 85], [80, 83, 84, 87, 86, 88]]
56: [[18, 3], [10, 9, 39], [4, 1, 12, 2], [5, 43, 6, 7], [26, 8, 11, 14], [15, 23, 29, 13], [16, 17, 19, 21], [20, 28, 22], [25, 24, 50, 27], [31, 47], [33, 30, 35, 40], [34, 45, 36, 32], [42, 37, 44, 38], [41, 56, 48, 60, 57, 46], [51, 53, 52], [49, 54, 58, 59, 61, 63, 62, 55, 67], [68, 64, 65, 66, 73, 71, 69, 78, 70, 76, 72, 75, 74, 77, 79, 82, 81, 85, 80, 83, 84, 87, 86, 88]]
57: [[18, 3], [10, 9, 39], [4, 1, 12, 2], [5, 43, 6, 7], [26, 8, 11], [14, 15, 23], [29, 13, 16], [17, 19, 21], [20, 28, 22, 25], [24, 50], [27, 31, 47], [33, 30], [35, 32, 34], [36, 38, 46, 44, 41, 37, 40, 60, 45, 42, 53, 51, 56, 55, 49, 54, 52, 58, 48, 59, 57, 62, 63, 61, 67, 68, 64, 65, 66, 73, 71, 69, 78, 70, 76, 72, 75, 74, 77, 79, 82, 81, 85, 80, 83, 84, 87, 86, 88]]
58: [[18, 3], [10, 9, 39], [4, 1, 12, 2], [5, 43, 6, 7], [26, 8, 11], [14, 15], [23, 29, 13], [16, 17, 19, 21], [20, 28, 22, 25], [24, 50, 27], [31, 47], [33, 30, 35, 32], [34, 38, 40, 37], [46, 41, 36, 45], [56, 42, 62, 61], [44, 58, 48], [53, 60], [54, 59, 57], [49, 51, 55, 52], [63, 67, 68, 64], [65, 66, 73], [71, 69, 78, 70], [76, 72, 75, 74], [77, 79, 82, 81], [85, 80, 83, 84], [87, 86, 88]]
59: [[18, 3], [10, 9, 39], [4, 1, 12, 2], [5, 43, 6, 7], [26, 8, 11], [14, 15], [23, 29, 13], [16, 17, 19, 21], [20, 28, 22, 25], [24, 50, 27], [31, 47, 33], [30, 35, 40, 34, 44, 38, 32, 36], [45], [37, 57, 41, 56], [42, 61, 49, 46, 51, 48], [52, 53, 55, 58, 54, 62, 60, 63, 59, 67, 68], [64, 65, 66, 73, 71, 69, 78, 70, 76, 72, 75, 74, 77, 79, 82, 81, 85, 80, 83, 84, 87, 86, 88]]
60: [[18, 3], [10, 9, 39], [4, 1], [12, 2, 5], [43, 6, 7], [26, 8, 11], [14, 15, 23], [29, 13, 16], [17, 19, 21], [20, 28, 22], [25, 24, 50], [27, 31, 47, 33], [30, 35], [40, 38, 37, 36], [32, 34, 46, 44], [42, 41, 45], [57, 52, 53], [48, 49, 56, 60], [54, 63, 55], [58, 51, 62, 61], [59, 67], [68, 64, 65], [66, 73, 71, 69], [78, 70, 76], [72, 75, 74, 77], [79, 82], [81, 85, 80, 83], [84, 87, 86, 88]]
61: [[18, 3], [10, 9, 39], [4, 1], [12, 2, 5, 43], [6, 7, 26, 8], [11, 14, 15], [23, 29, 13, 16], [17, 19, 21], [20, 28], [22, 25, 24, 50], [27, 31, 47, 33], [30, 35], [40, 34, 45, 36], [32, 46, 38, 41], [57, 37, 42], [49, 44, 51], [52, 48, 53], [56, 61, 54, 55], [62, 60, 58], [63, 59, 67, 68], [64, 65, 66, 73, 71, 69, 78, 70, 76, 72], [75, 74, 77, 79, 82, 81, 85, 80, 83, 84, 87, 86, 88]]
62: [[18, 3], [10, 9, 39], [4, 1, 12, 2], [5, 43, 6, 7], [26, 8, 11], [14, 15], [23, 29, 13, 16], [17, 19, 21], [20, 28, 22, 25], [24, 50, 27], [31, 47, 33, 30], [35, 40], [34, 45, 37], [36, 38, 41, 32], [57, 60, 42, 59], [44, 48, 52, 54], [46, 55, 58, 49], [53, 63, 51, 61], [62, 56, 67, 68], [64, 65, 66, 73, 71, 69, 78, 70, 76, 72, 75, 74, 77, 79, 82, 81, 85, 80, 83, 84, 87, 86], [88]]
63: [[18, 3], [10, 9, 39], [4, 1, 12], [2, 5, 43, 6], [7, 26, 8, 11], [14, 15], [23, 29, 13, 16], [17, 19, 21, 20], [28, 22, 25, 24], [50, 27], [31, 47, 33], [30, 35], [40, 34, 36], [32, 37, 44], [38, 41, 42], [57, 45], [61, 51], [48, 56, 49], [52, 55, 54, 46], [63, 59, 62, 53], [58, 60], [67, 68, 64, 65, 66], [73, 71, 69], [78, 70, 76], [72, 75], [74, 77, 79, 82], [81, 85], [80, 83, 84, 87], [86, 88]]
64: [[18, 3], [10, 9, 39], [4, 1, 12, 2], [5, 43, 6, 7], [26, 8, 11], [14, 15], [23, 29, 13], [16, 17, 19], [21, 20, 28, 22], [25, 24, 50], [27, 31, 47, 32], [30, 35, 40, 34], [44, 36, 33], [58, 37, 42, 41], [46, 59], [52, 61, 51], [38, 49], [48, 53, 45, 54, 55, 62, 60, 57, 56, 63, 67, 68, 64, 65, 66, 73, 71, 69, 78], [70, 76, 72, 75, 74, 77, 79, 82, 81, 85, 80, 83, 84, 87, 86, 88]]
65: [[18, 3], [10, 9, 39], [4, 1, 12, 2], [5, 43, 6, 7], [26, 8, 11], [14, 15], [23, 29, 13], [16, 17, 19], [21, 20, 28, 22], [25, 24, 50, 27], [31, 47], [33, 30], [35, 40, 34], [37, 32, 44], [38, 36], [45, 54], [60, 41, 42, 53], [55, 46, 56, 48], [51, 49, 62, 57, 52, 58, 59, 63, 61, 67, 68, 64, 65, 66, 73, 71, 69, 78, 70, 76, 72, 75, 74, 77, 79, 82, 81, 85, 80, 83, 84, 87, 86, 88]]
66: [[18, 3], [10, 9, 39], [4, 1, 12], [2, 5, 43, 6], [7, 26, 8, 11], [14, 15, 23], [29, 13, 16], [17, 19, 21, 20], [28, 22, 25], [24, 50, 27], [31, 47, 33], [30, 35, 40], [34, 37], [38, 32, 44, 57], [45, 60, 41], [48, 42, 46, 51], [36, 52, 53], [54, 49, 55, 56], [63, 59, 61, 62, 58], [67, 68, 64, 65], [66, 73, 71, 69], [78, 70, 76, 72], [75, 74, 77], [79, 82, 81, 85], [80, 83, 84], [87, 86, 88]]
67: [[18, 3], [10, 9, 39], [4, 1, 12, 2], [5, 43, 6, 7], [26, 8, 11], [14, 15, 23], [29, 13, 16], [17, 19, 21], [20, 28, 22, 25], [24, 50, 27], [31, 47, 33, 30], [35, 40, 34], [44, 32, 38], [36, 37, 45, 42], [60, 41, 46, 61], [51, 49, 54], [55, 48, 59, 52], [53, 56], [58, 57, 62], [63, 67], [68, 64, 65], [66, 73, 71, 69, 78, 70, 76, 72, 75, 74, 77, 79, 82, 81, 85, 80, 83, 84, 87, 86, 88]]
68: [[18, 3], [10, 9, 39], [4, 1, 12, 2], [5, 43, 6, 7], [26, 8, 11], [14, 15], [23, 29, 13], [16, 17, 19], [21, 20, 28], [22, 25, 24, 50], [27, 31, 47, 33], [30, 35, 36, 34, 44, 32, 45], [38, 37, 40, 41, 60, 46, 42, 51, 48, 52, 54, 49, 56, 53, 55, 58, 57, 59, 61, 62, 63, 67, 68, 64, 65, 66, 73, 71, 69, 78, 70, 76, 72, 75, 74, 77, 79, 82, 81, 85, 80, 83, 84, 87, 86, 88]]
69: [[18, 3], [10, 9, 39], [4, 1, 12], [2, 5, 43, 6], [7, 26, 8], [11, 14, 15], [23, 29, 13], [16, 17, 19, 21], [20, 28, 22], [25, 24, 50, 27], [31, 47, 33], [30, 35, 32], [38, 37, 44], [34, 40, 41], [42, 36, 61], [56, 45, 54, 46], [57, 49, 51, 48], [52, 53, 63, 55, 59, 58, 60, 62, 67, 68, 64, 65, 66, 73, 71, 69, 78, 70, 76, 72, 75, 74, 77, 79, 82, 81, 85, 80, 83, 84, 87, 86, 88]]
70: [[18, 3, 10, 9], [39, 4, 1, 12], [2, 5, 43, 6], [7, 26], [8, 11, 14, 15], [23, 29, 13], [16, 17], [19, 21, 20, 28], [22, 25, 24, 50], [27, 31, 47, 33], [30, 35], [32, 36, 45, 34], [42, 38], [44, 37, 40, 41], [60, 48, 55, 61], [46, 49, 57, 52, 51, 53, 59, 54, 62, 56, 58, 63, 67, 68, 64, 65, 66, 73, 71, 69, 78, 70, 76, 72, 75, 74, 77, 79, 82, 81, 85, 80, 83, 84, 87, 86, 88]]
71: [[18, 3], [10, 9, 39], [4, 1, 12], [2, 5, 43, 6], [7, 26, 8], [11, 14], [15, 23, 29, 13], [16, 17, 19, 21, 20], [28, 22, 25, 24], [50, 27], [31, 47, 33, 30], [35, 40, 34], [36, 32], [37, 38, 44, 42], [41, 60, 45], [49, 48, 51], [52, 46, 53, 55], [63, 56, 54, 57], [59, 58, 61], [62, 67, 68], [64, 65, 66, 73], [71, 69, 78], [70, 76, 72, 75, 74], [77, 79, 82, 81], [85, 80, 83, 84, 87, 86, 88]]
72: [[18, 3], [10, 9, 39], [4, 1, 12, 2], [5, 43, 6, 7], [26, 8, 11], [14, 15], [23, 29, 13, 16], [17, 19, 21, 20], [28, 22, 25], [24, 50], [27, 31, 47, 33], [30, 35, 40], [34, 44, 36], [45, 38, 32], [41, 52, 37, 42], [46, 62, 53], [54, 49, 48, 55, 59], [51, 57, 56, 58], [63, 60, 61, 67, 68, 64, 65, 66, 73, 71, 69, 78, 70, 76, 72, 75, 74, 77, 79, 82, 81, 85, 80, 83, 84, 87, 86, 88]]
73: [[18, 3], [10, 9, 39], [4, 1, 12, 2], [5, 43, 6, 7], [26, 8, 11], [14, 15], [23, 29, 13], [16, 17, 19, 21], [20, 28, 22, 25], [24, 50, 27], [31, 47], [33, 30, 35, 36], [34, 40, 32, 37], [38, 41, 46, 45], [57, 42, 62, 61], [48, 49, 44, 56, 60, 54], [51, 59, 52, 53, 55, 58, 63, 67, 68, 64, 65, 66, 73, 71, 69, 78, 70, 76, 72, 75, 74, 77, 79, 82, 81, 85, 80, 83, 84, 87, 86, 88]]
74: [[18, 3], [10, 9, 39, 4], [1, 12], [2, 5, 43], [6, 7, 26, 8], [11, 14, 15], [23, 29, 13, 16, 17], [19, 21, 20, 28], [22, 25, 24, 50], [27, 31, 47], [32, 30, 35], [40, 34, 36], [41, 37], [42, 44, 38, 33, 56], [61, 46, 45], [51, 54, 49], [48, 62, 52], [53, 60, 55, 58], [57, 59, 63], [67, 68, 64, 65], [66, 73, 71, 69], [78, 70, 76], [72, 75, 74], [77, 79, 82], [81], [85, 80, 83, 84], [87, 86, 88]]
75: [[18, 3], [10, 9, 39], [4, 1, 12, 2], [5, 43, 6, 7], [26, 8, 11], [14, 15], [23, 29, 13], [16, 17, 19, 21], [20, 28, 22, 25], [24, 50, 27], [31, 47], [33, 30, 35, 36], [34, 40, 32, 37], [38, 41, 46, 45], [57, 42, 62, 61], [48, 49, 44, 56, 60, 54], [51, 59, 52, 53, 55, 58, 63, 67, 68, 64, 65, 66, 73, 71, 69, 78, 70, 76, 72, 75, 74, 77, 79, 82, 81, 85, 80, 83, 84, 87, 86, 88]]
76: [[18, 3], [10, 9, 39], [4, 1, 12, 2], [5, 43, 6, 7], [26, 8, 11], [14, 15], [23, 29, 13], [16, 17, 19, 21], [20, 28], [22, 25, 24, 50, 27, 31, 47, 32, 30, 35, 40, 34, 45, 37, 33, 36, 38, 42, 61, 56, 41], [60, 62, 55, 44, 57, 63, 52, 54, 48, 46, 49, 51, 53, 59, 58, 67, 68, 64, 65, 66, 73, 71, 69, 78, 70], [76, 72, 75, 74, 77, 79, 82, 81, 85, 80, 83, 84, 87, 86, 88]]
77: [[18, 3], [10, 9, 39], [4, 1, 12, 2], [5, 43, 6, 7], [26, 8, 11], [14, 15], [23, 29, 13, 16], [17, 19, 21], [20, 28, 22], [25, 24, 50], [27, 31, 47, 32], [30, 35, 38], [34, 44, 36, 33], [40, 37, 42, 41], [58, 45, 46], [61, 52, 53], [49, 48, 54], [51, 55, 59], [56, 57, 60], [62, 63, 67], [68, 64, 65, 66], [73, 71, 69, 78, 70, 76, 72, 75, 74, 77, 79], [82, 81, 85, 80, 83, 84], [87, 86, 88]]
78: [[18, 3], [10, 9, 39, 4, 1], [12, 2, 5], [43, 6, 7, 26, 8], [11, 14, 15], [23, 29, 13, 16], [17, 19, 21], [20, 28, 22], [25, 24], [50, 27, 31, 47], [32, 30, 35], [33, 34, 36, 37], [38, 46, 41, 42], [44, 57], [40, 45, 51, 49], [60, 61], [48, 54], [55, 52, 56, 53, 59, 63, 62, 58, 67, 68, 64, 65, 66, 73, 71, 69, 78, 70, 76, 72, 75, 74, 77, 79, 82, 81, 85, 80, 83, 84, 87, 86, 88]]
79: [[18, 3, 10], [9, 39, 4], [1, 12], [2, 5, 43], [6, 7, 26, 8], [11, 14, 15, 23], [29, 13, 16], [17, 19, 21, 20], [28, 22, 25, 24], [50, 27], [31, 47, 33], [30, 35, 36], [34, 45, 37, 32], [38, 42, 40], [56, 60, 41, 57], [52, 48, 61], [44, 46, 51, 58], [54, 49, 53, 55], [62, 59, 63, 67], [68, 64, 65], [66, 73], [71, 69, 78, 70], [76, 72, 75, 74], [77, 79, 82, 81], [85, 80, 83], [84, 87, 86, 88]]
80: [[18, 3], [10, 9, 39], [4, 1, 12, 2], [5, 43, 6, 7], [26, 8, 11], [14, 15], [23, 29, 13, 16], [17, 19, 21], [20, 28, 22, 25], [24, 50, 27, 31], [47, 32, 30, 35], [33, 34, 44], [36, 37, 38], [46, 41, 40, 57, 45, 42, 48, 51, 52, 49, 53, 54, 56, 55, 62], [58, 63, 59, 61, 60, 67, 68, 64, 65], [66, 73, 71, 69, 78, 70, 76, 72, 75, 74, 77, 79, 82, 81, 85, 80, 83, 84, 87, 86, 88]]
81: [[18, 3], [10, 9, 39, 4, 1], [12, 2, 5], [43, 6, 7, 26, 8], [11, 14, 15], [23, 29, 13, 16], [17, 19, 21, 20], [28, 22, 25, 24], [50, 27, 31], [47, 32, 30], [35, 33, 34, 37, 36, 38, 42, 40, 45, 44, 57, 56, 46, 52, 55], [48, 41, 49, 54, 51, 53, 59, 63, 61], [60, 62, 58, 67, 68, 64, 65, 66, 73, 71, 69, 78, 70, 76, 72, 75, 74, 77, 79, 82, 81, 85, 80, 83, 84, 87, 86, 88]]
82: [[18, 3], [10, 9, 39], [4, 1, 12, 2], [5, 43, 6], [7, 26, 8], [11, 14, 15], [23, 29, 13, 16], [17, 19, 21, 20], [28], [22, 25, 24], [50, 27, 31], [47, 33, 30, 35], [32, 34, 36, 38], [37, 42, 41], [40, 57], [46, 44, 48, 60], [62, 45, 51, 52], [49, 54, 56, 59], [53, 58, 55, 61], [63, 67, 68, 64], [65, 66], [73, 71, 69, 78], [70, 76, 72, 75, 74], [77, 79, 82, 81], [85, 80, 83], [84, 87, 86, 88]]
83: [[18, 3], [10, 9, 39], [4, 1, 12], [2, 5], [43, 6, 7, 26], [8, 11, 14, 15], [23, 29, 13], [16, 17, 19], [21, 20, 28], [22, 25, 24, 50], [27, 31, 47], [33, 30, 35], [40, 34, 36, 32], [44, 37, 41, 38], [42, 56, 46], [52, 48, 61, 57], [49, 45], [53, 51, 55], [59, 58], [60, 54, 63], [62, 67, 68, 64, 65, 66, 73, 71, 69, 78, 70, 76, 72, 75, 74, 77, 79, 82, 81, 85, 80, 83, 84, 87, 86, 88]]
84: [[18, 3], [10, 9, 39], [4, 1, 12, 2], [5, 43, 6, 7], [26, 8, 11], [14, 15], [23, 29, 13, 16, 17, 19, 21, 20, 28, 22], [25, 24, 50, 27, 31, 47, 33, 30, 35, 40, 34, 45], [36, 32, 37, 42, 44, 46, 41, 48, 57, 63, 62], [38, 56, 49], [54, 51, 52, 61], [53, 55, 60], [59, 58, 67, 68], [64, 65, 66, 73, 71, 69, 78, 70, 76, 72], [75, 74, 77, 79, 82, 81, 85, 80, 83, 84], [87, 86, 88]]
85: [[18, 3], [10, 9, 39, 4, 1], [12, 2, 5], [43, 6, 7, 26, 8], [11, 14, 15], [23, 29, 13, 16], [17, 19, 21, 20], [28, 22, 25], [24, 50], [27, 31, 47, 32], [30, 35, 41], [34, 36, 33], [38, 37, 40], [42, 60], [63, 46, 44, 45], [48, 52], [53, 51, 54, 62], [55, 49, 56, 58], [57, 59, 61, 67], [68, 64, 65, 66, 73, 71, 69, 78, 70, 76, 72, 75, 74, 77, 79, 82, 81, 85, 80, 83, 84, 87], [86, 88]]
86: [[18, 3], [10, 9, 39], [4, 1, 12], [2, 5, 43, 6], [7, 26, 8, 11], [14, 15], [23, 29, 13, 16], [17], [19, 21, 20, 28, 22, 25, 24, 50, 27, 31, 47, 33, 30, 35, 32, 38, 37, 36, 46, 34, 45, 44, 40, 61, 41, 42, 48, 49, 58, 51, 53, 52, 54, 55, 59, 57, 60, 62, 56, 63, 67, 68, 64, 65, 66, 73, 71, 69, 78, 70, 76, 72, 75, 74, 77, 79, 82, 81, 85, 80, 83, 84, 87, 86, 88]]
87: [[18, 3], [10, 9, 39], [4, 1, 12, 2], [5, 43, 6, 7], [26, 8, 11], [14, 15], [23, 29, 13], [16, 17, 19, 21], [20, 28, 22, 25], [24, 50, 27, 31], [47, 33, 30, 35], [40, 34, 37], [32, 36, 46, 57], [38, 62, 61, 44], [42, 41], [48, 49, 45, 52], [51, 55], [56, 54], [63, 53, 60, 59, 58, 67, 68, 64, 65, 66, 73, 71, 69, 78, 70, 76, 72, 75, 74, 77, 79, 82, 81, 85, 80, 83, 84, 87, 86, 88]]
88: [[18, 3], [10, 9, 39, 4, 1], [12, 2, 5], [43, 6, 7, 26, 8], [11, 14, 15], [23, 29, 13, 16], [17, 19, 21, 20], [28, 22], [25, 24], [50, 27, 31], [47, 33, 30, 35], [45, 34, 36], [32, 37, 38, 41], [40, 44], [42, 62, 57, 46], [54, 48, 55, 63], [49, 51, 53, 56], [59, 58, 52, 60, 61, 67], [68, 64, 65], [66, 73, 71, 69, 78, 70, 76, 72, 75], [74, 77, 79, 82, 81, 85, 80, 83, 84, 87, 86, 88]]
89: [[18, 3], [10, 9, 39], [4, 1], [12, 2, 5, 43], [6, 7, 26], [8, 11, 14, 15], [23, 29, 13, 16], [17, 19, 21, 20, 28, 22, 25, 24, 50, 27, 31, 47, 33, 30, 35, 40, 34, 36, 32, 37, 38, 41, 42, 45, 57, 44, 62, 55, 46, 51, 49, 59], [48, 53, 52, 54, 56, 60, 61, 58, 63, 67, 68, 64, 65, 66, 73, 71], [69, 78, 70, 76, 72, 75, 74, 77, 79, 82, 81, 85, 80, 83, 84, 87, 86, 88]]
90: [[18, 3], [10, 9, 39], [4, 1, 12, 2], [5, 43, 6], [7, 26, 8, 11], [14, 15, 23], [29, 13, 16], [17, 19, 21, 20], [28, 22, 25, 24], [50, 27, 31, 47], [33, 30], [35, 40, 38, 44], [36, 32, 34], [37, 46], [41, 57, 45, 42], [48, 49, 59], [55, 51, 54], [53, 52, 63, 56], [58, 60, 61, 62], [67, 68, 64], [65, 66, 73], [71, 69, 78, 70, 76, 72, 75, 74, 77, 79, 82, 81, 85, 80, 83, 84, 87, 86, 88]]
91: [[18, 3], [10, 9, 39], [4, 1, 12, 2], [5, 43, 6, 7], [26, 8, 11], [14, 15], [23, 29, 13], [16, 17, 19], [21, 20, 28, 22], [25, 24, 50, 27], [31, 47], [33, 30], [35, 32, 34], [37, 38, 45], [40, 41], [44, 36], [60, 46, 42, 63], [55, 53, 57, 48, 49, 52, 51, 54, 56, 58, 59, 61], [62, 67, 68, 64, 65, 66, 73, 71, 69, 78, 70, 76, 72, 75, 74, 77, 79, 82, 81, 85, 80, 83, 84, 87, 86, 88]]
92: [[18, 3], [10, 9, 39], [4, 1, 12, 2], [5, 43, 6], [7, 26, 8, 11], [14, 15, 23], [29, 13, 16], [17, 19, 21, 20], [28, 22, 25, 24], [50, 27, 31, 47, 33, 30, 35, 40, 34, 44, 37, 32, 38, 42, 46, 36, 61, 41, 55, 56, 45, 62, 53, 51, 54, 52, 48, 49, 59, 58, 60, 63, 57, 67, 68, 64, 65, 66, 73, 71, 69, 78, 70, 76, 72, 75, 74, 77, 79, 82, 81, 85, 80, 83, 84, 87, 86, 88]]
93: [[18, 3], [10, 9, 39], [4, 1, 12], [2, 5, 43], [6, 7, 26, 8], [11, 14, 15], [23, 29, 13, 16], [17, 19, 21], [20, 28, 22], [25, 24], [50, 27, 31], [47, 32, 30], [35, 33, 34, 42], [36, 44, 40, 41], [37, 38, 60, 45], [46, 62, 52, 55], [49, 48, 54], [51, 56, 57, 53], [58, 59, 61], [63, 67, 68, 64], [65, 66], [73, 71, 69, 78], [70, 76, 72, 75], [74, 77, 79, 82], [81, 85, 80], [83, 84, 87], [86, 88]]
94: [[18, 3], [10, 9, 39], [4, 1, 12], [2, 5, 43], [6, 7], [26, 8, 11], [14, 15], [23, 29, 13, 16], [17, 19, 21, 20, 28, 22, 25, 24, 50, 27, 31, 47, 33, 30, 35, 36, 34, 37, 40, 32, 45, 38, 41, 42, 56, 44, 48, 58, 49, 52, 60, 46, 51], [53, 57, 59, 54, 62, 55, 61, 63, 67, 68, 64, 65, 66, 73, 71, 69, 78, 70, 76, 72, 75, 74, 77, 79, 82, 81], [85, 80, 83, 84, 87, 86, 88]]
95: [[18, 3], [10, 9, 39], [4, 1, 12, 2], [5, 43, 6, 7], [26, 8, 11, 14], [15, 23, 29, 13], [16, 17, 19, 21, 20], [28, 22], [25, 24, 50, 27], [31, 47, 33, 30], [35, 40, 34], [45, 32, 36], [37, 46, 38], [44, 41, 42, 49], [63, 48, 55], [52, 51, 53, 54, 56], [57, 59, 60, 58, 62], [61, 67, 68], [64, 65], [66, 73, 71, 69, 78, 70, 76, 72, 75, 74], [77, 79, 82, 81, 85, 80, 83, 84, 87, 86, 88]]
96: [[18, 3], [10, 9, 39, 4], [1, 12, 2, 5], [43, 6, 7], [26, 8], [11, 14, 15], [23, 29, 13, 16], [17, 19, 21, 20], [28, 22], [25, 24, 50, 27], [31, 47], [32, 30, 35, 40], [38, 45, 33], [36, 42, 34, 44], [41, 37], [46, 48, 49], [59, 51, 53, 54], [52, 60, 56, 61], [55, 57, 58, 62], [63, 67, 68], [64, 65, 66, 73], [71, 69, 78], [70], [76, 72, 75, 74, 77, 79, 82, 81, 85, 80, 83, 84, 87, 86, 88]]
97: [[18, 3], [10, 9, 39], [4, 1, 12, 2], [5, 43, 6, 7], [26, 8, 11, 14], [15, 23, 29, 13], [16, 17, 19, 21], [20, 28], [22, 25, 24, 50], [27, 31, 47, 33], [30, 35, 40, 34], [37, 36, 32, 38, 44, 41, 60, 45, 42, 53, 46, 51, 54, 49, 52, 63, 55, 62, 58, 61, 56, 59, 48, 57, 67, 68, 64, 65, 66, 73, 71, 69, 78, 70, 76, 72, 75, 74, 77, 79, 82, 81, 85, 80, 83, 84, 87, 86, 88]]
98: [[18, 3], [10, 9, 39], [4, 1, 12, 2], [5, 43, 6, 7], [26, 8, 11], [14, 15], [23, 29], [13, 16, 17], [19, 21, 20, 28], [22, 25, 24, 50], [27, 31, 47, 33, 30, 35], [32, 38, 45], [34, 40, 36, 44, 41, 37, 60, 62, 61], [63, 51, 49, 42, 46, 55, 56, 53, 57, 48, 58, 52, 54], [59, 67, 68, 64, 65, 66, 73, 71, 69, 78, 70, 76, 72, 75, 74, 77, 79, 82, 81, 85, 80, 83, 84, 87, 86, 88]]
99: [[18, 3], [10, 9, 39], [4, 1, 12, 2], [5, 43, 6, 7], [26, 8, 11], [14, 15, 23], [29, 13, 16], [17, 19, 21], [20, 28, 22, 25], [24, 50, 27], [31, 47, 33, 30], [35, 32, 34], [44, 36, 38], [40, 45, 37, 46], [60, 41, 62, 53], [51, 42, 54], [55, 49, 63, 52], [48, 59], [58, 56, 57], [61, 67], [68, 64, 65], [66, 73, 71, 69, 78, 70, 76, 72, 75, 74, 77, 79, 82, 81, 85, 80, 83, 84, 87, 86, 88]]
100: [[18, 3], [10, 9, 39], [4, 1], [12, 2, 5], [43, 6, 7], [26, 8, 11, 14], [15, 23], [29, 13, 16], [17, 19, 21], [20, 28, 22], [25, 24, 50], [27, 31, 47], [33, 30, 35, 40], [34, 44, 37, 32, 38, 36, 42, 46, 49, 41, 51, 45, 48, 61, 52, 53, 54, 55, 59, 56, 57, 62, 58, 63, 60, 67, 68, 64, 65, 66, 73, 71, 69, 78, 70, 76, 72, 75, 74, 77, 79, 82, 81, 85, 80, 83, 84, 87, 86, 88]]
101: [[18, 3], [10, 9, 39], [4, 1], [12, 2, 5, 43], [6, 7, 26, 8], [11, 14, 15], [23, 29], [13, 16, 17, 19], [21, 20, 28, 22], [25, 24], [50, 27, 31, 47], [33, 30, 35, 32], [34, 36, 42], [37, 38, 41], [46, 44, 56, 40], [62, 51], [45, 61, 49], [63, 52], [57, 48, 53, 55], [58, 59, 54, 60], [67, 68, 64], [65, 66], [73, 71, 69, 78], [70, 76, 72, 75], [74, 77, 79, 82], [81, 85, 80], [83, 84], [87, 86, 88]]
102: [[18, 3], [10, 9, 39], [4, 1, 12], [2, 5], [43, 6, 7], [26, 8], [11, 14, 15], [23, 29, 13, 16], [17, 19], [21, 20, 28, 22], [25, 24, 50], [27, 31, 47, 33], [30, 35, 40], [38, 37, 32, 34], [36, 42], [41, 56, 45], [44, 62], [61, 46, 49, 48, 51, 52, 53, 57, 58, 55, 54, 63, 59, 60, 67, 68, 64, 65, 66], [73, 71], [69, 78, 70, 76, 72, 75, 74, 77, 79, 82, 81, 85, 80, 83, 84, 87, 86, 88]]
103: [[18, 3], [10, 9, 39], [4, 1], [12, 2, 5, 43], [6, 7, 26, 8], [11, 14, 15], [23, 29, 13, 16, 17, 19, 21, 20, 28, 22, 25, 24, 50, 27, 31, 47, 32, 30, 35, 40, 34, 36, 33, 42, 37, 45, 46, 41, 48, 44, 55], [51, 38, 52, 49, 53, 56, 54, 62, 60, 58, 59, 57, 61, 63, 67, 68, 64, 65, 66, 73, 71, 69, 78, 70, 76, 72, 75, 74, 77, 79, 82, 81, 85, 80, 83, 84, 87, 86, 88]]
104: [[18, 3], [10, 9, 39], [4, 1, 12, 2], [5, 43, 6, 7], [26, 8, 11], [14, 15], [23, 29, 13, 16], [17, 19, 21], [20, 28, 22], [25, 24, 50, 27], [31, 47, 33], [30, 35, 32, 38], [37, 36, 34, 40], [42, 46, 60], [41, 45, 44, 53], [55, 54], [49, 57, 48, 51], [52, 61, 56, 58], [59, 63, 62], [67, 68, 64], [65, 66, 73], [71, 69, 78, 70], [76, 72, 75], [74, 77, 79, 82], [81, 85, 80, 83, 84, 87, 86, 88]]
105: [[18, 3], [10, 9, 39], [4, 1, 12, 2], [5, 43, 6], [7, 26, 8], [11, 14, 15, 23], [29, 13, 16, 17], [19, 21, 20, 28], [22, 25, 24], [50, 27], [31, 47, 33, 30], [35, 40, 34], [44, 36, 38], [41, 32, 45], [37, 62, 56], [42, 58, 57, 46], [51, 53, 48, 63], [49, 54, 55], [59, 52, 60, 61], [67, 68, 64, 65], [66, 73, 71, 69], [78, 70, 76], [72, 75, 74, 77], [79, 82], [81, 85, 80], [83, 84], [87, 86, 88]]
106: [[18, 3], [10, 9, 39], [4, 1], [12, 2, 5], [43, 6, 7], [26, 8, 11], [14, 15, 23], [29, 13, 16], [17, 19], [21, 20, 28], [22, 25], [24, 50], [27, 31, 47], [33, 30, 35], [32, 34, 45], [36, 42, 38, 37], [44, 56], [60, 40, 46, 53], [54, 55, 48, 41], [52, 49, 51], [59, 57, 62], [58, 61], [63, 67, 68], [64, 65, 66], [73, 71, 69, 78], [70, 76, 72, 75], [74, 77, 79, 82], [81, 85, 80, 83], [84, 87, 86, 88]]
107: [[18, 3], [10, 9, 39], [4, 1, 12, 2], [5, 43, 6, 7], [26, 8, 11], [14, 15, 23, 29, 13, 16, 17, 19, 21, 20, 28, 22, 25, 24], [50, 27, 31, 47, 33, 30, 35, 36, 34, 37, 32, 38, 40, 44, 42, 41, 56, 46, 58, 59, 60, 55, 45, 51, 53, 52, 54, 57, 48, 49, 61, 62, 63, 67, 68, 64, 65, 66, 73, 71, 69, 78, 70, 76, 72, 75, 74, 77, 79, 82, 81, 85, 80, 83, 84, 87, 86, 88]]
108: [[18, 3], [10, 9, 39], [4, 1, 12], [2, 5, 43, 6, 7], [26, 8, 11], [14, 15, 23, 29], [13, 16, 17, 19], [21, 20], [28, 22], [25, 24, 50], [27, 31, 47, 33], [30, 35], [37, 34, 44], [32, 38, 46, 40], [41, 36, 61, 56], [62, 42, 51, 63], [48, 59, 55], [45, 52, 49], [53, 54, 57, 58], [60, 67, 68, 64], [65, 66], [73, 71], [69, 78, 70], [76, 72, 75], [74, 77], [79, 82], [81, 85, 80, 83], [84, 87, 86, 88]]
109: [[18, 3], [10, 9, 39], [4, 1, 12], [2, 5, 43, 6], [7, 26, 8], [11, 14, 15, 23], [29, 13, 16], [17, 19], [21, 20, 28, 22, 25, 24, 50, 27, 31, 47], [33, 30, 35, 40, 38, 34, 32, 36, 37, 46, 45, 44], [59, 42, 49, 55, 60, 41, 57, 48, 52, 61, 54], [58, 51, 53, 62, 56, 63, 67, 68, 64, 65, 66, 73, 71, 69, 78, 70, 76], [72, 75, 74, 77, 79, 82, 81, 85, 80, 83, 84, 87, 86, 88]]
110: [[18, 3], [10, 9, 39], [4, 1, 12], [2, 5, 43, 6], [7, 26, 8, 11], [14, 15, 23], [29, 13, 16], [17, 19, 21, 20], [28, 22, 25, 24], [50, 27], [31, 47, 33, 30], [35, 45], [34, 44, 36, 32], [38, 37], [42, 46, 40, 58], [56, 41, 52, 48], [54, 49, 55, 53, 62, 51, 57, 59, 60, 61, 63, 67, 68, 64, 65, 66, 73, 71, 69, 78, 70, 76, 72, 75], [74, 77, 79, 82, 81, 85, 80, 83, 84, 87, 86, 88]]
111: [[18, 3], [10, 9, 39], [4, 1, 12], [2, 5], [43, 6, 7, 26], [8, 11, 14, 15], [23, 29, 13, 16], [17, 19, 21], [20, 28, 22, 25], [24, 50, 27, 31], [47, 33, 30], [35, 32, 34, 37], [36, 38, 40], [57, 44, 41, 58, 56], [46, 51, 42], [53, 45, 48, 52, 49, 55, 63, 59, 54, 60, 61, 62, 67, 68, 64, 65, 66, 73, 71, 69, 78, 70, 76, 72, 75, 74, 77, 79, 82, 81, 85, 80, 83], [84, 87, 86, 88]]
112: [[18, 3], [10, 9], [39, 4, 1], [12, 2, 5, 43, 6], [7, 26, 8], [11, 14, 15, 23], [29, 13, 16, 17], [19, 21, 20], [28, 22, 25, 24], [50, 27, 31], [47, 33, 30, 35], [41, 34, 44, 36, 32], [46, 40, 37, 38], [45], [60, 42, 48], [49, 53], [56, 51], [54, 63, 52, 55], [57, 58, 59, 62], [61, 67, 68], [64, 65, 66], [73, 71, 69, 78], [70, 76, 72, 75], [74, 77, 79], [82, 81, 85, 80], [83, 84, 87, 86, 88]]
113: [[18, 3], [10, 9, 39], [4, 1, 12], [2, 5, 43], [6, 7], [26, 8, 11], [14, 15, 23], [29, 13, 16], [17, 19, 21, 20], [28, 22, 25], [24, 50, 27, 31], [47, 33, 30, 35, 32, 34, 44, 41, 36, 37, 38, 40, 42, 60], [57, 59, 45, 46, 53], [56, 48, 49, 51, 54, 52, 58, 61, 55, 63, 62, 67, 68, 64, 65, 66, 73, 71, 69, 78], [70, 76, 72, 75, 74, 77, 79, 82, 81, 85, 80, 83, 84, 87, 86, 88]]
114: [[18, 3], [10, 9, 39], [4, 1, 12], [2, 5, 43, 6], [7, 26, 8, 11], [14, 15], [23, 29], [13, 16, 17, 19], [21, 20, 28, 22], [25, 24, 50], [27, 31, 47, 33, 30, 35, 40, 34, 37, 32, 36, 38, 41, 46, 61, 57, 42, 62, 44, 56, 48, 49, 45, 60, 54, 51, 52, 53, 55, 63, 59, 58], [67, 68, 64, 65, 66, 73, 71, 69, 78, 70, 76, 72, 75, 74, 77, 79, 82, 81, 85, 80, 83, 84, 87, 86, 88]]
115: [[18, 3], [10, 9, 39], [4, 1, 12, 2], [5, 43, 6, 7], [26, 8, 11], [14, 15], [23, 29], [13, 16, 17], [19, 21, 20], [28, 22], [25, 24, 50], [27, 31, 47, 33], [30, 35, 32], [38, 37, 34, 40, 36], [44, 41, 51, 61], [42, 45, 46, 59], [49, 52], [53, 62, 56, 55], [57, 54, 58, 48, 63, 60], [67, 68], [64, 65, 66, 73], [71, 69, 78, 70, 76, 72], [75, 74, 77, 79, 82, 81, 85, 80, 83, 84, 87, 86, 88]]
116: [[18, 3], [10, 9], [39, 4, 1, 12], [2, 5, 43, 6], [7, 26, 8], [11, 14, 15], [23, 29, 13, 16], [17, 19, 21], [20, 28], [22, 25, 24, 50, 27, 31, 47, 33, 30, 35, 40, 34, 37, 36, 32, 41, 45, 42, 38, 61, 46, 44], [63, 59, 52, 53, 56, 49, 48, 55, 58, 51, 54, 57, 60, 62, 67, 68, 64, 65, 66, 73, 71, 69, 78, 70, 76, 72, 75, 74, 77, 79, 82, 81, 85, 80, 83, 84, 87, 86, 88]]
117: [[18, 3], [10, 9, 39, 4], [1, 12, 2], [5, 43, 6, 7], [26, 8, 11, 14], [15, 23, 29, 13], [16, 17, 19, 21, 20], [28, 22, 25], [24, 50, 27, 31], [47, 33, 30, 35], [40, 34, 36], [32, 37, 38], [41, 42, 44, 61], [52, 45, 46, 59], [48, 55, 49], [51, 53, 54, 57, 56, 58, 60, 62, 63, 67, 68, 64, 65, 66, 73], [71, 69, 78, 70, 76, 72, 75, 74, 77, 79, 82, 81, 85, 80, 83, 84, 87, 86, 88]]
118: [[18, 3], [10, 9, 39], [4, 1, 12, 2], [5, 43, 6], [7, 26, 8], [11, 14, 15, 23, 29, 13, 16, 17, 19, 21, 20, 28, 22, 25, 24, 50, 27, 31, 47, 33, 30, 35, 44, 34], [36, 32, 37, 46, 38, 41, 40, 57, 45, 42, 48, 51, 49, 53, 52, 62, 63, 54, 55, 56, 59, 58, 60, 61, 67, 68, 64, 65, 66, 73, 71, 69, 78, 70, 76, 72, 75, 74, 77, 79, 82, 81, 85, 80, 83, 84, 87, 86, 88]]
119: [[18, 3], [10, 9, 39], [4, 1, 12], [2, 5], [43, 6, 7], [26, 8], [11, 14, 15, 23, 29, 13, 16, 17, 19, 21, 20, 28, 22, 25, 24, 50, 27, 31, 47], [33, 30], [35, 32, 38, 37, 34, 46, 36, 41, 44, 56, 45, 40, 42, 52, 48, 59, 49, 53], [51, 54, 55, 58, 57, 60, 62, 61, 63, 67, 68, 64, 65, 66, 73, 71, 69, 78, 70, 76, 72, 75, 74, 77, 79, 82, 81, 85, 80, 83, 84, 87, 86, 88]]
120: [[18, 3], [10, 9, 39], [4, 1, 12], [2, 5, 43], [6, 7], [26, 8, 11], [14, 15], [23, 29], [13, 16, 17], [19, 21, 20], [28, 22], [25, 24, 50], [27, 31], [47, 33, 30], [35, 40, 34], [45, 36, 32], [38, 44, 41], [62, 37], [42, 46, 49], [63, 56, 52], [53, 57, 54], [55, 51, 48, 58], [59, 60, 61], [67, 68, 64], [65, 66, 73, 71], [69, 78], [70, 76, 72, 75], [74, 77, 79, 82], [81, 85, 80, 83], [84, 87, 86, 88]]
121: [[18, 3], [10, 9, 39], [4, 1, 12, 2], [5, 43, 6, 7], [26, 8, 11], [14, 15, 23], [29, 13, 16], [17, 19, 21], [20, 28, 22, 25], [24, 50, 27], [31, 47, 32], [30, 35, 34], [38, 37, 41, 33], [36, 44, 40, 51, 60, 42, 45, 48, 59, 57, 46], [52, 49, 53, 55, 54, 58, 62, 56, 63, 61, 67, 68, 64, 65, 66, 73, 71, 69, 78, 70, 76, 72, 75, 74, 77, 79, 82, 81, 85, 80, 83, 84], [87, 86, 88]]
122: [[18, 3], [10, 9, 39], [4], [1, 12], [2, 5], [43, 6, 7, 26], [8, 11, 14, 15], [23, 29, 13], [16, 17], [19, 21, 20, 28], [22, 25, 24, 50], [27, 31], [47, 33, 30, 35], [44, 34, 37], [36, 32, 45, 38], [46, 42, 41], [56, 51], [40, 52, 49], [48, 53, 54, 57], [62, 55, 58, 63], [59, 60, 61, 67], [68, 64, 65], [66, 73, 71, 69], [78, 70], [76, 72, 75, 74], [77, 79, 82, 81], [85, 80, 83], [84, 87, 86, 88]]
123: [[18, 3], [10, 9, 39], [4, 1, 12], [2, 5], [43, 6, 7, 26, 8], [11, 14, 15, 23], [29, 13, 16], [17, 19, 21, 20], [28, 22, 25], [24, 50, 27], [31, 47, 33, 30], [35, 32, 38, 36], [34, 40, 42], [56, 45, 41, 61], [46, 63, 44, 37], [54, 51, 48, 52], [49, 55], [59, 60, 53, 57], [62, 58, 67], [68, 64, 65], [66, 73, 71, 69], [78, 70], [76, 72, 75], [74, 77, 79], [82, 81, 85], [80, 83, 84], [87, 86, 88]]
124: [[18, 3], [10, 9, 39], [4, 1], [12, 2, 5, 43], [6, 7, 26, 8], [11, 14, 15], [23, 29, 13, 16, 17], [19, 21, 20, 28], [22, 25], [24, 50, 27], [31, 47, 33], [30, 35, 37], [34, 44, 32, 36], [41, 38, 40, 45, 57, 46, 52, 53, 42, 48, 51], [55, 58, 54, 60, 62, 56, 49, 61, 63, 59, 67, 68, 64, 65, 66, 73, 71, 69, 78, 70, 76, 72, 75, 74, 77, 79, 82, 81, 85, 80, 83, 84], [87, 86, 88]]
125: [[18, 3], [10, 9, 39], [4, 1, 12, 2], [5, 43, 6, 7], [26, 8, 11, 14], [15, 23, 29], [13, 16, 17], [19, 21, 20], [28, 22], [25, 24, 50, 27], [31, 47, 32], [30, 35, 33], [34, 45, 37], [36, 40], [42, 41, 38, 59], [60, 46], [52, 44, 63], [48, 49, 51], [57, 53, 54, 55], [58, 56, 62, 61], [67, 68], [64, 65], [66, 73, 71], [69, 78, 70], [76, 72], [75, 74], [77, 79, 82, 81], [85, 80, 83, 84], [87, 86, 88]]
126: [[18, 3], [10, 9, 39], [4, 1, 12, 2], [5, 43, 6, 7, 26, 8, 11, 14, 15, 23], [29, 13, 16, 17, 19, 21, 20, 28, 22, 25, 24, 50, 27, 31, 47, 33, 30, 35, 40, 34, 45, 36, 32], [37, 42, 44, 60, 38, 41, 52, 61, 48, 46, 56, 53, 54, 49, 51, 58, 55, 57, 63, 59, 62, 67, 68, 64, 65, 66, 73, 71, 69, 78, 70, 76, 72, 75, 74, 77, 79, 82, 81, 85, 80, 83, 84, 87, 86, 88]]
127: [[18, 3], [10, 9, 39, 4, 1], [12, 2], [5, 43, 6, 7], [26, 8], [11, 14, 15], [23, 29], [13, 16, 17], [19, 21], [20, 28, 22, 25], [24, 50, 27], [31, 47], [33, 30, 35], [41, 34, 44, 32], [36, 37, 38, 42], [40, 61, 46], [45, 51], [52, 56, 53, 49], [59, 55, 54], [57, 48, 58], [62, 60, 63], [67, 68, 64, 65], [66, 73, 71], [69, 78, 70, 76, 72], [75, 74, 77, 79], [82, 81, 85, 80, 83, 84, 87, 86, 88]]
128: [[18, 3], [10, 9, 39], [4, 1, 12], [2, 5], [43, 6, 7], [26, 8], [11, 14, 15], [23, 29, 13, 16], [17, 19], [21, 20, 28, 22], [25, 24, 50], [27, 31], [47, 33, 30], [35, 40], [34, 37, 32], [36, 44, 42, 38], [56, 61, 41, 62], [53, 46, 48], [45, 55, 52, 49], [57, 58, 54, 51], [63, 59, 60], [67, 68, 64, 65], [66, 73, 71, 69, 78, 70, 76, 72, 75, 74, 77, 79, 82, 81, 85, 80, 83, 84], [87, 86, 88]]
129: [[18, 3], [10, 9, 39], [4, 1, 12], [2, 5, 43, 6], [7, 26, 8, 11, 14, 15, 23, 29, 13, 16], [17, 19, 21, 20, 28, 22, 25, 24, 50], [27, 31, 47, 33, 30, 35, 32, 34, 45, 36, 37, 41, 40, 38, 57, 56, 42, 44, 62, 49, 46, 55, 54, 48, 51, 52, 53], [58, 59, 60, 61, 63, 67, 68, 64, 65, 66, 73, 71, 69, 78, 70, 76, 72, 75, 74, 77, 79, 82, 81, 85, 80, 83, 84, 87, 86, 88]]
130: [[18, 3], [10, 9, 39], [4, 1, 12], [2, 5, 43, 6], [7, 26, 8, 11], [14, 15, 23], [29, 13, 16, 17], [19, 21, 20, 28], [22, 25, 24, 50], [27, 31, 47, 32], [30, 35, 41], [34, 37, 36], [44, 33, 38], [40, 42], [57, 45, 52, 61], [51, 46, 48], [49, 53, 55, 59], [56, 54, 58, 62], [63, 60], [67, 68, 64, 65], [66, 73], [71, 69], [78, 70, 76, 72], [75, 74], [77, 79, 82, 81, 85], [80, 83, 84], [87, 86, 88]]
131: [[18, 3, 10], [9, 39, 4], [1, 12, 2], [5, 43, 6], [7, 26], [8, 11, 14, 15], [23, 29, 13], [16, 17], [19, 21, 20, 28], [22, 25, 24, 50], [27, 31, 47], [33, 30, 35], [40, 38, 37], [36, 34, 42], [32, 41, 44], [45, 60, 59], [46, 51, 48, 49], [52, 55], [53, 62, 54, 57], [58, 61, 56, 63], [67, 68, 64], [65, 66, 73], [71, 69, 78, 70], [76, 72, 75, 74], [77, 79], [82, 81, 85], [80, 83], [84, 87, 86, 88]]
132: [[18, 3], [10, 9, 39], [4, 1, 12, 2], [5, 43, 6, 7, 26], [8, 11, 14, 15], [23, 29, 13, 16, 17, 19, 21, 20, 28, 22, 25, 24, 50, 27, 31, 47, 33, 30, 35, 40, 34, 37, 36, 32, 38, 42, 45, 41, 44, 60, 48, 46, 62, 52, 49, 51, 55, 53], [54, 61, 57, 56, 58, 59, 63, 67, 68, 64, 65, 66, 73, 71, 69, 78, 70, 76, 72, 75, 74, 77, 79], [82, 81, 85, 80, 83, 84, 87, 86, 88]]
133: [[18, 3], [10, 9, 39], [4, 1, 12, 2], [5, 43, 6, 7], [26, 8, 11], [14, 15, 23], [29, 13, 16, 17], [19, 21, 20], [28, 22, 25], [24, 50, 27, 31], [47, 33, 30, 35], [36, 38, 37, 32], [42, 44, 40, 51, 54, 45], [46, 41, 48], [52, 53, 55, 34, 57, 56, 58, 49, 60], [59, 63, 61, 62, 67, 68, 64, 65, 66, 73, 71, 69, 78], [70, 76, 72, 75, 74, 77, 79, 82, 81, 85, 80, 83, 84, 87, 86, 88]]
134: [[18, 3], [10, 9, 39], [4, 1, 12, 2], [5, 43, 6], [7, 26, 8, 11, 14], [15, 23, 29, 13], [16, 17, 19, 21, 20, 28, 22, 25, 24, 50, 27, 31, 47, 33, 30, 35, 40, 34, 36, 32, 37, 38, 46, 44, 45, 41, 51, 52, 63, 54, 49, 53, 48, 55, 61, 42, 56, 60, 58, 62, 57, 59, 67, 68, 64, 65, 66, 73, 71, 69, 78, 70, 76, 72, 75, 74, 77, 79, 82, 81, 85, 80, 83, 84, 87, 86, 88]]
135: [[18, 3], [10, 9, 39, 4], [1, 12, 2, 5], [43, 6], [7, 26, 8, 11], [14, 15, 23, 29], [13, 16, 17], [19, 21, 20], [28, 22, 25], [24, 50, 27, 31], [47, 33, 30, 35], [40, 34, 45, 36], [32, 38, 37, 41], [61, 42, 57, 52], [46, 51, 44], [48, 49, 63], [53, 54, 55, 58], [56, 59, 62, 60], [67, 68, 64, 65], [66, 73, 71], [69, 78, 70], [76, 72, 75, 74], [77, 79, 82], [81, 85, 80, 83], [84, 87], [86, 88]]
136: [[18, 3], [10, 9, 39], [4, 1, 12], [2, 5, 43, 6], [7, 26, 8, 11], [14, 15, 23], [29, 13, 16, 17, 19], [21, 20, 28], [22, 25, 24, 50], [27, 31, 47, 33], [30, 35], [36, 34], [32, 41, 45], [38, 42, 40, 57], [37, 62], [44, 53, 51, 54], [49, 46, 55], [48, 52, 59, 56], [58, 61, 60], [63, 67], [68, 64, 65, 66], [73, 71, 69, 78, 70, 76, 72, 75, 74, 77, 79, 82, 81, 85, 80, 83, 84, 87, 86, 88]]
137: [[18, 3], [10, 9, 39], [4, 1], [12, 2, 5, 43], [6, 7, 26, 8, 11, 14, 15, 23, 29, 13, 16, 17, 19, 21, 20, 28, 22, 25, 24, 50, 27, 31, 47, 33], [30, 35, 44, 34, 37, 36, 32, 46, 38, 42, 41, 45, 48, 40, 51, 53, 54, 49, 52, 58, 61, 59, 55, 56, 57, 60, 62, 63, 67, 68, 64, 65, 66, 73, 71, 69, 78, 70, 76, 72, 75, 74, 77, 79, 82, 81, 85, 80, 83, 84, 87, 86, 88]]
138: [[18, 3], [10, 9, 39], [4, 1, 12], [2, 5, 43, 6], [7, 26, 8], [11, 14], [15, 23, 29, 13], [16, 17, 19, 21], [20, 28, 22, 25], [24], [50, 27, 31], [47, 33, 30, 35], [44, 34, 36, 37], [38, 46], [32, 42, 41], [60, 40], [56, 48, 49], [52, 53, 45, 54], [61, 59, 51, 55], [57, 62], [58, 63, 67], [68, 64, 65], [66, 73, 71], [69, 78, 70, 76], [72, 75, 74], [77, 79, 82], [81, 85, 80], [83, 84, 87, 86, 88]]
139: [[18, 3], [10, 9], [39, 4, 1, 12], [2, 5, 43, 6], [7, 26], [8, 11, 14, 15], [23, 29, 13, 16], [17, 19, 21], [20, 28, 22], [25, 24, 50], [27, 31, 47, 33], [30, 35, 40, 38], [45, 36, 32, 34], [42, 41, 56], [37, 61, 44], [52, 46, 54], [49, 59, 55, 48], [51, 53, 57, 62], [58, 63, 60, 67], [68, 64, 65], [66, 73, 71, 69], [78, 70], [76, 72, 75, 74], [77, 79, 82, 81], [85, 80, 83, 84], [87, 86, 88]]
140: [[18, 3, 10], [9, 39, 4], [1, 12], [2, 5, 43], [6, 7, 26, 8], [11, 14, 15], [23, 29, 13, 16], [17, 19, 21], [20, 28, 22], [25, 24], [50, 27, 31], [47, 33, 30], [35, 32, 38, 34], [37, 40, 42, 45], [41, 36, 46, 44], [49, 62, 48, 51], [53, 52, 54], [63, 56, 57, 55], [58, 59, 61], [60, 67, 68, 64], [65, 66], [73, 71, 69, 78], [70, 76, 72, 75], [74, 77, 79, 82], [81, 85, 80], [83, 84, 87], [86, 88]]
141: [[18, 3], [10, 9, 39], [4, 1, 12], [2, 5], [43, 6, 7], [26, 8], [11, 14, 15], [23, 29, 13, 16], [17, 19], [21, 20, 28, 22], [25, 24, 50], [27, 31, 47, 33], [30, 35, 40], [38, 37, 36, 34], [32, 41, 42, 44], [61, 45, 62, 57], [55, 48], [46, 51, 52, 54], [53], [58, 49, 56, 63, 59, 60, 67, 68, 64, 65, 66, 73, 71, 69, 78, 70, 76, 72, 75, 74, 77, 79, 82, 81, 85, 80, 83, 84, 87, 86, 88]]
142: [[18, 3], [10, 9, 39], [4, 1, 12], [2, 5], [43, 6, 7, 26], [8, 11, 14, 15], [23, 29], [13, 16], [17, 19, 21, 20], [28, 22, 25, 24], [50, 27, 31], [47, 33, 30], [35, 40, 34, 36], [37, 32], [38, 41, 42], [44, 57, 46, 60], [51, 55], [48, 45, 53], [52, 49, 63, 59], [54, 56, 61, 58], [62, 67, 68, 64], [65, 66, 73, 71], [69, 78, 70, 76, 72, 75, 74, 77, 79, 82, 81, 85, 80, 83, 84, 87, 86, 88]]
143: [[18, 3], [10, 9, 39], [4, 1, 12, 2], [5, 43, 6], [7, 26, 8, 11], [14, 15, 23, 29], [13, 16, 17, 19], [21, 20, 28, 22, 25, 24], [50, 27], [31, 47, 33, 30], [35, 44, 34, 37, 36, 32], [40, 46, 38, 41, 45, 42, 48], [60, 49, 55, 51, 53, 52, 58, 57, 54, 56, 61, 63, 59, 62, 67, 68, 64, 65, 66, 73, 71, 69, 78, 70, 76, 72, 75, 74, 77, 79, 82, 81, 85], [80, 83, 84, 87, 86, 88]]
144: [[18, 3], [10, 9, 39], [4, 1, 12], [2, 5, 43], [6, 7], [26, 8, 11, 14], [15, 23, 29], [13, 16, 17, 19], [21, 20, 28, 22], [25, 24], [50, 27, 31, 47], [33, 30], [35, 32], [34, 44, 37, 46, 36, 60, 42, 41, 45, 58, 57, 38, 63, 40, 52, 48, 59, 53, 54, 49, 56, 51, 55, 61, 62, 67, 68, 64, 65, 66, 73, 71, 69, 78, 70, 76, 72, 75, 74, 77, 79, 82, 81, 85, 80, 83, 84, 87, 86, 88]]
145: [[18, 3], [10, 9, 39, 4], [1, 12, 2], [5, 43, 6, 7], [26, 8, 11, 14], [15, 23, 29, 13], [16, 17], [19, 21, 20, 28], [22, 25, 24], [50, 27, 31, 47], [33, 30, 35, 40], [34, 36, 37, 32], [46, 38, 41], [60, 57, 44, 62], [53, 52, 48, 49], [42, 55, 45, 63, 59, 61, 51, 56, 58, 54, 67, 68, 64, 65, 66, 73, 71, 69, 78, 70, 76, 72, 75, 74, 77, 79, 82, 81, 85, 80, 83, 84, 87, 86, 88]]
146: [[18, 3], [10, 9, 39], [4, 1, 12, 2], [5, 43, 6, 7], [26, 8, 11], [14, 15, 23, 29, 13, 16, 17, 19], [21], [20, 28, 22, 25, 24, 50, 27, 31, 47, 33, 30, 35, 40, 34, 44, 32, 37, 41, 36, 38, 57, 59, 60, 42, 45, 63, 49, 53, 48, 46, 52, 54, 51, 56, 55, 58, 62, 61, 67], [68, 64, 65, 66, 73, 71, 69, 78, 70, 76, 72, 75, 74, 77, 79, 82, 81, 85, 80, 83, 84, 87, 86, 88]]
147: [[18, 3], [10, 9, 39], [4, 1, 12], [2, 5, 43], [6, 7, 26], [8, 11, 14], [15, 23, 29, 13], [16, 17, 19, 21], [20, 28, 22, 25], [24, 50], [27, 31, 47, 33], [30, 35], [36, 34, 37, 32], [38, 46], [40, 41, 56], [42, 45, 52], [63, 49, 55], [57, 54, 53, 58], [51, 44, 61], [48, 60, 59, 62], [67, 68, 64, 65, 66, 73, 71, 69], [78, 70, 76, 72, 75], [74, 77, 79, 82, 81, 85, 80, 83, 84, 87, 86, 88]]
148: [[18, 3], [10, 9, 39], [4, 1, 12, 2], [5, 43, 6, 7, 26, 8, 11, 14, 15, 23, 29, 13, 16, 17, 19, 21, 20, 28, 22, 25, 24, 50, 27, 31, 47, 33, 30, 35, 32, 34, 36, 37, 38, 41, 40, 42, 57, 46, 45, 54, 60, 62, 44, 48, 53, 49, 51, 52, 59, 55, 58, 56, 61, 63, 67, 68, 64, 65, 66, 73, 71, 69, 78, 70, 76, 72, 75, 74, 77, 79, 82, 81, 85, 80, 83, 84, 87, 86, 88]]
149: [[18, 3], [10, 9, 39], [4, 1, 12, 2], [5, 43, 6, 7], [26, 8, 11], [14, 15, 23, 29], [13, 16, 17, 19], [21, 20, 28, 22], [25, 24, 50, 27], [31, 47, 33], [30, 35], [41, 34, 45], [32, 36], [37, 38, 40, 57, 58, 42, 44, 46, 51, 53, 49, 63, 52, 54, 48, 55, 56, 60, 61, 59, 62], [67, 68, 64, 65, 66, 73, 71, 69, 78, 70, 76, 72, 75, 74, 77, 79, 82, 81, 85, 80, 83, 84, 87, 86, 88]]
150: [[18, 3], [10, 9, 39], [4, 1], [12, 2, 5], [43, 6, 7], [26, 8, 11, 14], [15, 23, 29, 13], [16, 17, 19], [21, 20, 28], [22, 25], [24, 50], [27, 31, 47, 33], [30, 35, 40, 34], [44, 36, 32, 46, 37, 42, 38, 61, 58, 41, 60, 45, 48, 49, 52, 51, 55, 53, 62, 63, 59, 57, 54, 56, 67, 68, 64, 65, 66, 73, 71, 69, 78, 70, 76, 72, 75, 74, 77, 79, 82, 81, 85, 80, 83, 84, 87, 86, 88]]
151: [[18, 3], [10, 9, 39], [4, 1, 12], [2, 5, 43], [6, 7, 26], [8, 11, 14], [15, 23], [29, 13, 16], [17, 19, 21, 20], [28, 22, 25], [24, 50, 27], [31, 47, 32, 30], [35, 36], [34, 45, 33, 37], [46, 44], [41, 40, 61, 56], [63, 38, 58], [52, 57, 42, 53], [51, 48], [54, 55, 49, 59], [62, 60, 67], [68, 64, 65, 66], [73, 71, 69], [78, 70, 76, 72], [75, 74, 77], [79, 82, 81, 85], [80, 83, 84], [87, 86, 88]]
152: [[18, 3], [10, 9, 39, 4], [1, 12, 2, 5], [43, 6, 7], [26, 8], [11, 14, 15, 23], [29, 13, 16, 17, 19, 21, 20, 28, 22, 25, 24, 50, 27, 31, 47, 32, 30, 35, 40, 34, 33, 37, 38, 46, 36, 41, 44, 62, 42, 55, 45, 57, 61, 48, 49, 52, 53, 51, 56, 54, 58, 59, 63, 60, 67, 68, 64, 65, 66, 73, 71, 69, 78, 70, 76, 72, 75, 74, 77, 79, 82, 81, 85, 80, 83, 84], [87, 86, 88]]
153: [[18, 3], [10, 9, 39], [4, 1, 12, 2], [5, 43, 6, 7], [26, 8, 11], [14, 15, 23, 29], [13, 16, 17, 19], [21, 20, 28, 22], [25, 24, 50, 27], [31, 47, 33], [30, 35], [41, 34, 37], [38, 36, 32, 40], [44, 57, 62, 58, 46, 42, 49, 52, 55, 45, 54, 51], [48, 53, 60, 56, 61, 63], [59, 67, 68, 64, 65, 66, 73, 71, 69, 78, 70, 76, 72, 75, 74, 77, 79, 82, 81, 85, 80, 83, 84, 87, 86, 88]]
154: [[18, 3], [10, 9, 39], [4, 1, 12, 2], [5, 43, 6, 7], [26, 8, 11, 14], [15, 23, 29, 13, 16, 17, 19, 21, 20, 28, 22, 25, 24, 50, 27, 31, 47, 32, 30, 35, 33, 34, 36, 44, 46, 37, 38, 41, 42, 61, 40, 53, 48, 49, 45, 54, 52, 51, 59, 57, 56, 55, 60, 63, 58, 62, 67, 68, 64, 65, 66, 73, 71, 69, 78, 70, 76, 72, 75, 74, 77, 79, 82, 81, 85, 80, 83, 84, 87, 86, 88]]
155: [[18, 3], [10, 9, 39], [4, 1, 12], [2, 5, 43], [6, 7, 26], [8, 11, 14], [15, 23, 29, 13], [16, 17, 19], [21, 20, 28, 22], [25, 24, 50, 27, 31, 47, 33, 30, 35, 40, 34, 36, 37, 42], [44, 38, 41, 32, 57, 56, 45, 46, 51, 58, 49, 54, 48, 60, 52, 53, 55, 62, 59, 61, 63, 67, 68, 64, 65, 66, 73, 71, 69, 78, 70, 76, 72, 75, 74, 77, 79, 82, 81, 85, 80, 83, 84, 87, 86, 88]]
156: [[18, 3], [10, 9, 39], [4, 1, 12, 2], [5, 43], [6, 7, 26, 8, 11, 14, 15, 23, 29, 13, 16, 17, 19, 21, 20, 28, 22, 25, 24, 50, 27, 31, 47, 33, 30, 35, 40, 34, 36, 32, 41, 38, 37, 42, 44, 45, 61, 46, 55, 48, 52, 54, 49, 53, 56, 51, 58, 57, 59, 60, 62, 63, 67, 68, 64, 65, 66, 73, 71, 69, 78, 70, 76, 72, 75, 74, 77, 79, 82, 81, 85, 80, 83, 84, 87, 86, 88]]
157: [[18, 3], [10, 9, 39, 4], [1, 12, 2, 5, 43, 6, 7, 26, 8, 11, 14, 15, 23, 29, 13, 16, 17, 19, 21, 20, 28, 22, 25, 24, 50, 27, 31, 47, 33, 30, 35, 40, 34, 36, 37, 41, 60, 32, 46, 38, 45, 56, 42, 44, 52, 48, 49, 53, 54, 55, 57, 59, 51, 61, 63, 62, 58, 67, 68, 64, 65, 66, 73, 71, 69, 78, 70, 76, 72, 75, 74, 77, 79, 82, 81, 85, 80, 83, 84, 87, 86, 88]]
158: [[18, 3], [10, 9, 39], [4, 1], [12, 2], [5, 43, 6], [7, 26, 8], [11, 14], [15, 23, 29], [13, 16, 17, 19], [21, 20, 28], [22, 25, 24, 50, 27], [31, 47, 33, 30], [35, 36, 34, 45], [32, 40], [44, 38, 41, 48], [63, 60, 37, 42, 49, 51], [52, 53], [55, 46, 54, 57], [62, 59, 56, 61, 58, 67], [68, 64, 65, 66, 73, 71, 69, 78, 70, 76, 72, 75, 74], [77, 79, 82, 81, 85, 80, 83, 84, 87, 86, 88]]
159: [[18, 3], [10, 9, 39, 4, 1, 12, 2, 5, 43, 6, 7, 26, 8, 11, 14, 15, 23, 29, 13, 16, 17, 19, 21, 20, 28, 22, 25, 24, 50, 27, 31, 47, 32], [30, 35, 33, 34, 36, 40], [38, 42, 44, 41, 60, 56, 49, 46, 51, 45, 57, 37, 48, 52, 61, 55, 54, 59, 63, 53, 62, 58, 67, 68, 64, 65, 66, 73, 71, 69, 78, 70, 76, 72, 75, 74, 77, 79, 82, 81, 85, 80, 83, 84, 87, 86, 88]]
160: [[18, 3, 10], [9, 39, 4], [1, 12], [2, 5, 43, 6], [7, 26, 8, 11], [14, 15, 23, 29], [13, 16, 17, 19, 21, 20, 28, 22, 25, 24, 50], [27, 31, 47, 33, 30, 35, 32, 34, 36, 37, 38, 42, 41, 46, 45, 61, 40, 44, 49, 51, 48, 52, 53, 54, 55, 56, 58, 57, 63, 60, 62], [59, 67, 68, 64, 65, 66, 73, 71, 69, 78, 70, 76, 72, 75, 74, 77, 79, 82, 81, 85, 80, 83, 84, 87], [86, 88]]
161: [[18, 3, 10], [9, 39, 4], [1, 12, 2], [5, 43, 6], [7, 26, 8], [11, 14, 15], [23, 29, 13], [16, 17, 19], [21, 20, 28, 22], [25, 24, 50], [27, 31, 47, 33], [30, 35, 32], [34, 44, 37], [36, 38, 45, 41], [46, 60, 40, 62], [48, 49, 42], [51, 55, 52, 63], [56, 58, 59, 53], [54, 57, 61], [67, 68, 64], [65, 66, 73, 71], [69, 78, 70, 76], [72, 75, 74], [77, 79, 82, 81], [85, 80], [83, 84, 87], [86, 88]]
162: [[18, 3], [10, 9, 39], [4, 1, 12, 2], [5, 43], [6, 7], [26, 8, 11, 14, 15, 23, 29, 13, 16, 17, 19, 21, 20, 28, 22, 25, 24, 50, 27, 31, 47, 33, 30, 35, 32, 34, 36, 38, 44, 41, 40, 42, 46, 62, 57, 59, 37, 63, 45, 48, 55, 53, 49, 52, 54], [51, 56, 58, 60, 61, 67, 68, 64, 65, 66, 73, 71, 69, 78, 70, 76, 72, 75, 74, 77, 79], [82, 81, 85, 80, 83, 84, 87, 86, 88]]
163: [[18, 3], [10, 9, 39], [4, 1, 12], [2, 5, 43, 6], [7, 26, 8], [11, 14, 15, 23], [29, 13, 16, 17], [19, 21, 20], [28, 22, 25], [24, 50], [27, 31, 47, 33], [30, 35, 32], [34, 36, 38], [37, 40], [44, 41, 42], [62, 56], [58, 54, 51, 45], [46, 49, 52], [55, 48], [53, 57, 59, 61], [60, 63, 67], [68, 64, 65], [66, 73, 71], [69, 78, 70], [76, 72, 75, 74], [77, 79, 82], [81, 85, 80, 83], [84, 87, 86, 88]]
164: [[18, 3], [10, 9, 39], [4, 1, 12, 2, 5, 43, 6, 7, 26, 8, 11, 14, 15, 23, 29, 13, 16, 17, 19, 21, 20, 28, 22, 25, 24, 50, 27, 31, 47, 33, 30], [35, 32, 34, 37], [36, 40, 42], [38, 44], [46, 45, 60, 56], [41, 61, 52], [51, 49, 53, 48, 54, 57, 58, 63, 62, 59], [55, 67, 68, 64, 65, 66, 73, 71, 69, 78, 70, 76, 72, 75, 74, 77, 79, 82, 81, 85, 80, 83], [84, 87, 86, 88]]
165: [[18, 3], [10, 9, 39], [4, 1, 12], [2, 5, 43, 6], [7, 26, 8, 11], [14, 15, 23, 29], [13], [16, 17, 19], [21, 20, 28, 22], [25, 24, 50, 27], [31, 47], [33, 30, 35], [40, 38], [44, 37, 32], [36, 34, 45, 41], [59, 56, 42, 46], [63, 48], [51, 57, 54], [55, 49, 62], [60, 58, 52], [53, 61, 67, 68], [64, 65, 66], [73, 71, 69], [78, 70, 76], [72, 75, 74, 77, 79, 82, 81, 85, 80, 83, 84, 87, 86, 88]]
166: [[18, 3], [10, 9, 39], [4, 1, 12], [2, 5], [43, 6, 7], [26, 8, 11, 14], [15, 23, 29], [13, 16, 17], [19, 21, 20], [28, 22], [25, 24, 50], [27, 31], [47, 33, 30], [35, 32, 34, 37], [46, 38, 36, 44], [42, 41, 60, 40], [57, 52, 53, 45], [48, 49, 51], [56, 59, 61], [54, 62, 55], [58, 63, 67], [68, 64, 65, 66], [73, 71], [69, 78, 70, 76], [72, 75, 74, 77], [79, 82, 81, 85], [80, 83, 84], [87, 86, 88]]
167: [[18, 3], [10, 9, 39], [4, 1, 12], [2, 5, 43], [6, 7, 26], [8, 11, 14], [15, 23, 29], [13, 16, 17, 19], [21, 20, 28, 22, 25, 24, 50, 27, 31, 47], [33, 30, 35, 40, 34, 44, 36, 32, 37, 38, 46, 41, 45, 42, 48, 58, 59, 55, 53, 49, 51, 52, 54], [56, 61, 57, 60, 62, 63, 67, 68, 64, 65, 66, 73, 71, 69, 78, 70, 76, 72, 75, 74, 77, 79, 82, 81, 85, 80, 83, 84, 87, 86, 88]]
168: [[18, 3, 10], [9, 39, 4], [1, 12, 2, 5], [43, 6, 7], [26, 8, 11], [14, 15, 23], [29, 13, 16, 17], [19, 21, 20, 28], [22, 25, 24], [50, 27, 31, 47], [32, 30], [35, 33, 34], [37, 44, 36], [45, 46, 38, 40], [60, 41, 49, 42], [48, 52], [51, 54, 53, 55], [56, 58, 57], [63, 59, 61, 62], [67, 68, 64], [65, 66, 73, 71, 69], [78, 70], [76, 72, 75, 74], [77, 79, 82, 81], [85, 80, 83, 84], [87, 86, 88]]
169: [[18, 3], [10, 9, 39], [4, 1], [12, 2], [5, 43, 6], [7, 26, 8], [11, 14], [15, 23, 29, 13], [16, 17, 19], [21, 20, 28], [22, 25, 24], [50, 27, 31], [47, 32, 30], [35, 40, 34, 44], [36, 46, 33], [45, 37, 38], [62, 41, 42, 51], [49, 48, 55], [52, 54, 53, 60], [56, 58, 63, 57], [59, 61], [67, 68, 64, 65], [66, 73, 71], [69, 78, 70], [76, 72, 75], [74, 77, 79, 82], [81, 85, 80, 83], [84, 87, 86, 88]]
170: [[18, 3, 10], [9, 39, 4], [1, 12, 2], [5, 43], [6, 7, 26, 8], [11, 14, 15, 23], [29, 13, 16], [17, 19], [21, 20, 28, 22, 25], [24, 50, 27], [31, 47, 33, 30, 35, 32, 34, 37, 36, 38, 44, 42, 45, 40, 41, 46, 57, 52, 49, 48, 51, 53, 54, 55, 58, 62, 60, 61, 56, 59, 63, 67, 68, 64, 65, 66, 73, 71, 69, 78, 70, 76, 72, 75, 74, 77], [79, 82, 81, 85, 80, 83, 84, 87, 86, 88]]
171: [[18, 3, 10], [9, 39, 4], [1, 12], [2, 5, 43], [6, 7, 26], [8, 11], [14, 15, 23], [29, 13, 16], [17, 19, 21], [20, 28, 22], [25, 24, 50], [27, 31], [47, 33], [30, 35, 32, 38], [44, 36, 37], [42, 34, 40, 46], [59, 41, 45, 48], [54, 53, 51, 52], [49, 63, 55], [61, 60], [56, 57], [62, 58, 67, 68], [64, 65, 66, 73], [71, 69, 78], [70, 76], [72, 75, 74], [77, 79, 82], [81, 85, 80, 83], [84, 87, 86, 88]]
172: [[18, 3], [10, 9], [39, 4, 1], [12, 2, 5], [43, 6, 7], [26, 8, 11, 14], [15, 23, 29], [13, 16, 17], [19, 21, 20, 28], [22, 25, 24, 50], [27, 31, 47, 33], [30, 35, 40, 34, 45, 32, 38, 36, 37, 46, 41, 63, 42, 56, 48], [61, 44, 49, 54, 55, 51, 59, 53, 52, 57, 58, 60, 62, 67, 68, 64, 65, 66, 73, 71, 69, 78, 70, 76, 72, 75, 74, 77, 79, 82, 81, 85, 80, 83, 84, 87, 86], [88]]
173: [[18, 3, 10], [9, 39, 4], [1, 12], [2, 5, 43, 6], [7, 26, 8, 11], [14, 15, 23, 29], [13, 16, 17, 19], [21, 20, 28, 22], [25, 24], [50, 27, 31], [47, 33, 30, 35], [40, 38, 45, 36], [32, 37, 42, 41], [44, 53, 46, 58], [60, 51, 54], [48, 57], [55, 49, 34, 52], [61, 59, 56], [62, 63], [67, 68], [64, 65, 66, 73], [71, 69, 78], [70, 76, 72], [75, 74, 77], [79, 82, 81, 85], [80, 83, 84], [87, 86, 88]]
174: [[18, 3, 10], [9, 39, 4], [1, 12, 2], [5, 43], [6, 7, 26], [8, 11, 14], [15, 23, 29], [13, 16, 17, 19], [21, 20], [28, 22], [25, 24, 50], [27, 31], [47, 32, 30], [35, 33], [34, 44, 36, 38], [40, 42, 41], [45, 63], [46, 37, 55, 53], [52, 49, 48, 51], [56, 57, 54, 58], [59, 61, 60], [62, 67], [68, 64, 65, 66], [73, 71, 69], [78, 70, 76], [72, 75, 74], [77, 79, 82, 81], [85, 80, 83], [84, 87, 86, 88]]
175: [[18, 3, 10], [9, 39, 4], [1, 12, 2, 5], [43, 6, 7], [26, 8], [11, 14, 15, 23], [29, 13, 16, 17], [19, 21, 20, 28], [22, 25], [24, 50, 27, 31], [47, 33, 30], [35, 44], [34, 36, 32, 38], [40, 37, 42], [41, 56, 45], [46, 51, 49, 55], [53, 48, 52, 63], [57, 54, 59], [58, 60, 61], [62, 67, 68, 64, 65, 66, 73, 71, 69, 78, 70, 76, 72, 75, 74, 77, 79, 82, 81, 85, 80, 83, 84, 87], [86, 88]]
