0: [[27, 11, 35, 7, 2], [1, 3, 4], [13, 5, 14, 12, 6, 10, 21], [29, 9, 8, 31, 15, 23, 24, 17, 16], [28, 22], [19, 25, 20, 30, 26, 37, 36, 32, 41, 33], [39, 34], [47, 45], [38, 43, 44, 40, 42, 46, 51, 52, 48, 18], [49, 57], [50, 53, 55, 54, 56, 59, 60, 58]]
1: [[27, 11, 35, 7, 2], [1, 3, 4], [13, 5, 14, 12, 6, 10, 21], [29, 9, 8, 31, 15, 23, 24, 17, 16], [28, 22], [19, 25, 20, 30, 26, 37, 36, 32, 41, 33], [39, 34], [47, 45], [38, 43, 44, 40, 42, 46, 51, 52, 48, 18], [49, 57], [50, 53, 55, 54, 56, 59, 60, 58]]
2: [[27, 11, 35, 7, 2], [1, 3, 4], [13, 21, 6], [8, 5], [9, 12, 14, 10, 15], [18, 30, 17], [19, 16, 20, 23], [22, 24, 26, 28, 25], [29, 31, 32], [46, 33, 34, 39, 36], [41, 37, 42], [38, 40, 43, 44], [45, 47, 51], [50, 52, 48], [57, 49, 55, 53], [58, 54, 56, 59, 60]]
3: [[27, 11, 35, 7, 2], [1, 3, 5, 13, 21, 6], [9, 12, 4], [10, 8, 14, 18, 15], [24, 17, 22, 19, 20, 25], [16, 23, 28, 30, 26, 29, 31, 37], [32, 39, 34, 33, 38], [42, 36, 45, 40, 44], [41, 43, 48], [47, 52, 51, 50], [46, 55], [49, 57, 54, 58], [53, 56, 60, 59]]
4: [[27, 11, 35, 7, 2], [1, 3, 4], [13, 8, 5, 21, 6], [26, 12, 9, 30, 25, 14, 17, 24, 15, 16, 23, 19, 20, 29, 10], [22, 31, 53, 28, 40, 34, 36, 33, 37, 32, 38, 42, 44, 39, 41, 18], [43, 46, 47, 49, 45, 48, 55, 56, 54, 50, 51, 52, 57, 60, 59, 58]]
5: [[27, 11, 35, 7, 2], [1, 3, 4, 13, 21, 6], [8, 12, 5, 10, 9], [14, 15, 26, 31, 22, 16, 18, 30, 17, 19, 20, 24, 23, 25, 29, 56, 47, 28, 33, 34, 39, 32, 38, 42, 44, 37, 36, 45, 43, 40, 54, 41, 52, 51, 48], [60, 58, 55, 46, 49, 59, 50, 53, 57]]
6: [[27, 11, 35], [7, 2, 1, 3, 5], [13, 21, 6, 25, 4], [10, 14, 9, 8, 12], [16, 15, 18, 19, 17, 20, 22], [23, 31, 26, 24, 28], [29, 47, 30], [39, 32, 34, 37, 38], [36, 43, 33], [40, 45, 42, 41, 46], [44, 55, 50], [48, 49, 57, 52, 53], [51, 60, 58, 54, 56, 59]]
7: [[27, 11, 35, 7, 2], [1, 3, 4, 13, 21, 6], [8, 5, 12], [9, 10, 14, 15, 17, 16, 18], [31, 19, 20, 24, 30], [23, 25, 22], [28, 29, 42], [26, 32, 36, 33, 37, 34, 38, 39], [47, 40, 45, 41, 44, 43, 55, 54, 48, 50, 51, 56, 59, 49, 46, 52, 53, 57, 58, 60]]
8: [[27, 11, 35, 7, 2], [1, 3, 4, 13, 8, 5, 20, 21, 6], [26, 9, 14, 15, 30, 16, 22, 19, 12, 23, 17, 18, 24, 31, 25, 28, 42, 29, 44, 32, 34, 33, 37, 38, 39, 47, 43, 36, 40, 41, 45, 46, 60, 53, 10], [50, 56, 49, 59, 55, 51, 52, 54, 48, 58, 57]]
9: [[27, 11, 35, 7, 2], [1, 3, 4], [13, 21, 6], [12, 5, 9, 14, 25, 10, 8, 22, 15, 16, 17, 23, 19, 20, 18, 29, 26, 28, 30, 24, 31, 47, 34, 33, 32, 39, 38, 40], [36, 43, 37, 41, 42], [45, 44, 46, 48, 50, 49, 52, 51, 54, 53, 59, 55, 58], [57, 56, 60]]
10: [[27, 11, 35, 7, 2], [1, 3, 5], [13, 21, 6], [8, 4, 12, 10, 25, 14], [9, 16, 22, 15, 17, 19, 20, 23, 18, 24, 30, 29, 28], [26, 46, 31, 32, 37], [33, 38, 45, 34, 39, 36, 40, 41, 42, 44, 43], [47, 54, 48, 51, 49, 52, 53, 50, 55, 56, 59, 60, 57, 58]]
11: [[27, 11, 35, 7, 2], [1, 3, 5], [13, 21, 6, 9], [4, 10, 14, 12, 28, 18, 15, 17, 8], [20, 19, 24, 16, 26], [23, 25, 22, 30], [29, 42, 41, 31, 32, 38, 33, 37, 39, 34, 43, 36, 40, 45, 46, 44, 54, 53, 49], [48, 50, 51, 47, 52, 55, 56, 58, 60, 57, 59]]
12: [[27, 11, 35, 7, 2], [1, 3, 4, 13, 21, 6, 28], [5, 12, 9], [10, 14, 8, 18, 23, 15], [19, 31, 16, 20, 30, 17, 26, 25, 24, 22, 41, 29, 32], [36, 33, 37, 34, 44], [43, 39, 38], [40, 42, 56, 46, 45], [51, 49, 55, 47, 48, 50, 53, 52, 60, 57, 54, 58, 59]]
13: [[27, 11, 35], [7, 2, 1, 3], [5, 13, 21, 6], [8, 4, 25], [12, 9, 15, 17], [10, 14, 16], [19, 18, 20, 22, 29], [23, 28, 24, 31, 30], [37, 26, 39, 32, 34], [33, 38, 36], [42, 41, 40, 45, 44], [43, 46, 47], [48, 53, 49, 54, 57], [52, 51, 55], [60, 58, 56, 50, 59]]
14: [[27, 11, 35, 7, 2], [1, 3, 4], [13, 21, 6], [8, 5, 9], [14, 10, 12], [15, 17, 16, 18, 23], [19, 20, 22, 24, 26, 30, 31, 29, 25], [28, 40, 36], [33, 34, 39], [32, 38, 41, 37, 47], [42, 44, 54, 43, 45, 46, 48], [53, 51, 49, 55, 52, 60, 56, 57, 58, 50, 59]]
15: [[27, 11, 35, 7, 2], [1, 3, 5, 13, 21], [6, 12, 4, 9, 14, 25, 10, 15, 31, 8, 17, 19, 16, 18, 22, 20, 28, 26, 24, 23, 29, 46, 30, 40, 33, 36, 42, 34], [32, 39, 43, 45, 41, 44, 38, 37], [47, 54], [52, 48, 49, 51, 53, 50, 55, 59, 56, 57, 58, 60]]
16: [[27, 11, 35, 7, 2], [1, 3, 4], [13, 21, 6, 9, 5], [14, 10, 15, 12, 23, 17, 22, 19, 20, 18, 16, 25, 26, 24, 29, 31, 30, 28, 46, 8, 57, 32, 36, 34, 37, 33, 42, 39, 45, 43], [44, 51, 50, 40, 54, 38, 56, 48, 53, 49, 47], [41, 52, 58, 55, 59, 60]]
17: [[27, 11, 35, 7, 2, 1, 3], [5, 13, 21, 6, 29, 4, 14, 10, 8, 9, 15, 12, 16, 24, 17, 19, 20, 23, 18, 22, 25, 26, 28, 30, 31, 37, 38, 32, 40, 33, 34, 47, 42, 41, 36, 45, 39, 50, 46, 44, 48, 43, 54, 56, 53, 55, 52], [51, 49, 60, 57, 58, 59]]
18: [[27, 11, 35, 7, 2], [1, 3, 4], [13, 21, 6, 25, 5], [9, 8, 14, 10, 12, 16, 15, 17, 19], [18, 23, 29, 24, 20, 30, 31, 26, 28, 41, 40, 22, 33, 34, 39, 37, 38, 46, 32, 36, 42, 44, 45, 47, 43, 49, 56, 50, 48, 54, 51, 53, 52, 55, 58], [57, 59, 60]]
19: [[27, 11, 35, 7, 2], [1, 3, 4], [13, 21, 6, 24, 5, 8], [12, 14, 9, 15, 16, 10, 19, 17, 20, 18], [22, 23, 25, 26, 28, 30, 31, 39, 29, 47, 33, 32, 34, 36, 40, 38, 42, 37, 43, 41], [44, 46, 45, 49, 50, 53, 51, 52, 54, 48], [56, 57, 55, 58, 59, 60]]
20: [[27, 11, 35, 7, 2, 1], [3, 5, 13, 8, 21, 6], [4, 12, 30], [9, 14, 10, 19, 15], [17, 24, 16, 22, 23, 18, 25, 20, 26], [28, 29, 41, 31, 33, 37], [38, 32], [34, 36, 39, 42, 40, 43], [45, 44, 46, 48, 52], [54, 47, 50, 57, 49], [56, 51, 53, 55, 58, 59, 60]]
21: [[27, 11, 35, 7, 2], [1, 3, 5, 13, 21, 6, 25], [4, 12, 14, 9, 10], [8, 31, 23], [15, 18, 16, 17], [19, 20, 22, 26, 24, 28, 30, 41, 29, 37, 33, 32, 38, 39, 44, 43, 34, 36, 40, 45, 56, 42, 46, 51, 49, 55, 47, 50, 48, 53, 54, 60, 57, 52, 58, 59]]
22: [[27, 11, 35, 7, 2], [1, 3], [4, 13, 21, 6, 8], [5, 9, 14, 10, 12, 22, 16, 23, 25, 15, 17, 24, 18, 19, 20, 29, 28], [26, 30, 55, 38, 31, 33, 36, 47, 40, 34, 37, 42], [32, 39, 41, 45, 50, 46], [44, 43, 52, 53, 59, 54, 56, 48, 51, 58, 49, 57, 60]]
23: [[27, 11, 35, 7, 2], [1, 3, 5, 13, 21], [6, 8, 4], [12, 9, 14], [10, 15, 18], [17, 22, 23], [16, 24, 28, 19, 20], [30, 31, 25, 26, 32, 29, 45, 33, 43, 36, 34, 37, 39, 47, 41, 44, 38, 40, 55, 42, 54, 50, 52], [49, 56, 53, 51, 46, 58, 59, 57], [48, 60]]
24: [[27, 11, 35, 7, 2], [1, 3, 5, 13, 21, 6], [24, 4, 9, 12, 10, 8, 15, 16, 26, 22, 17, 20, 14], [18, 19, 29, 28, 23], [25, 30, 31, 36, 37, 33, 32, 34, 39, 42, 47, 44, 45, 38, 41, 43], [46, 48, 55, 49, 54, 40, 50, 53, 51, 57, 52, 56, 59, 58], [60]]
25: [[27, 11, 35, 7, 2], [1, 3, 4, 13, 21, 6, 8, 5, 12, 10, 9, 14, 15, 17, 22, 16, 20, 19, 18, 24], [29, 31, 23, 25, 26, 28, 47, 30, 56, 32, 37, 34, 36, 38, 44, 40, 39, 43, 42, 45, 41, 46, 48, 33, 52], [51, 54, 49, 50, 55, 53, 57, 59, 58, 60]]
26: [[27, 11, 35, 7, 2], [1, 3, 4], [13, 21, 6, 8, 5], [9, 12, 10, 19, 30, 25, 14, 17, 23], [18, 15, 22, 16, 26, 20, 29, 24, 31], [52, 28, 44], [33, 36, 32], [37, 38, 34, 39, 47], [42, 41, 43, 46, 45, 54, 40], [48, 51, 56, 49, 53, 50, 55, 57, 60, 58, 59]]
27: [[27, 11, 35, 7, 2], [1, 3, 4], [13, 21, 6], [8, 5, 15], [14, 9, 25, 12, 10, 16, 23, 17, 22, 18, 26], [28, 19, 29, 20, 24, 30, 39, 38, 31, 33, 36, 37, 32, 34, 43, 47, 40, 42, 45, 44, 46, 54, 57, 41, 52, 48, 51, 53, 50, 55, 56, 58, 49, 59, 60]]
28: [[27, 11, 35, 7, 2], [1, 3, 4], [13, 21, 6, 8, 5, 10, 28, 9, 12, 14, 15, 22, 17, 16, 18, 23], [20, 24, 19, 26, 30, 25, 31, 29, 36, 38, 33, 40, 34, 37, 32], [44, 43, 47, 39, 41, 42, 46, 49, 54, 45, 48, 53, 58, 50, 55, 51], [52, 57, 56, 59, 60]]
29: [[27, 11, 35, 7, 2], [1, 3, 5, 13, 21], [6, 10, 4, 8, 24, 12, 31, 14, 15, 9, 17, 16, 22, 18, 29], [20, 19, 28], [30, 26], [25, 32, 47, 23, 36, 34, 39, 33, 37, 38, 45, 44], [43, 40, 41, 42, 48, 55, 51, 49, 46, 60, 54, 53, 50, 52, 56, 58, 59, 57]]
30: [[27, 11, 35, 7, 2], [1, 3, 5, 13, 21, 6, 24, 4, 8], [12, 9, 10, 14, 25, 30, 16, 19, 18, 22, 15, 17, 23, 26, 20, 29, 28, 31, 36, 37, 33, 32, 34, 38, 43, 47, 44, 45, 39, 41, 48, 42, 59, 55, 49, 52, 40, 50, 46, 51, 53, 54, 56, 57, 58, 60]]
31: [[27, 11, 35, 7, 2], [1, 3, 4], [13, 14, 28, 5, 8, 26, 9, 21, 6], [15, 16, 18, 12, 19, 17, 20, 22, 10], [23, 24, 29, 25, 31, 50, 47, 30, 33, 34, 38, 37, 39, 32, 36, 41, 42, 40, 45, 48, 44, 43, 49, 52, 46, 56, 54, 53, 51, 55, 59, 57, 58, 60]]
32: [[27, 11, 35, 7, 2], [1, 3, 4], [13, 21, 6], [8, 5, 26], [14, 9, 12], [15, 17, 16, 18, 24], [19, 20, 10, 31, 22, 28, 23, 29, 25, 30, 40, 32, 34, 33, 37], [36, 38, 42, 39, 44, 43, 46, 54, 47, 45, 41, 53, 48, 55, 49, 52], [50, 56, 60, 57, 58, 51, 59]]
33: [[27, 11, 35, 7, 2], [1, 3, 5, 13, 21, 6, 10, 4, 8, 14, 15, 9, 12, 23, 26, 25, 19, 28, 22, 17, 20, 18, 16, 24, 29, 31, 30, 34, 33], [32, 37, 36, 38, 39, 43, 44, 45, 41, 40, 48, 42, 46], [53, 47, 51, 50, 49, 54, 55, 56, 57, 52, 59, 58, 60]]
34: [[27, 11, 35, 7, 2], [1, 3, 4], [13, 21, 6, 8, 5, 14, 28, 10], [9, 15], [12, 22, 17, 16, 18, 23, 19, 20, 24, 30, 26, 25, 31, 29, 36, 38, 33, 41, 39, 34, 32, 44, 43, 47, 37, 42, 52, 45, 46, 40, 49, 50, 53, 59, 51, 54, 48, 55, 56, 57, 58, 60]]
35: [[27, 11, 35, 7, 2], [1, 3, 5], [13, 21, 6, 9], [4, 14, 12, 8, 15, 20, 16, 18, 17, 10, 19, 22, 28, 25, 23, 26, 30, 29, 24, 41], [47, 31, 32, 34, 39, 33], [37, 38, 36, 40, 43, 42, 53, 44, 60, 45, 49], [46, 48, 50, 51, 56, 52, 54, 57, 58, 59, 55]]
36: [[27, 11, 35, 7, 2], [1, 3, 4], [13, 21, 28, 12, 5, 6, 9, 8, 14], [10, 16, 18, 17, 22, 24, 20, 19, 26, 23, 25, 29, 30, 31, 42, 15, 44, 33, 34, 38, 32, 39, 36, 40, 41, 37, 43, 45, 48, 46, 55, 49, 50, 47], [56, 52, 58, 51, 54, 53, 57, 59, 60]]
37: [[27, 11, 35, 7, 2], [1, 3, 4], [13, 21, 6, 8, 5], [30, 12, 10, 9, 31, 28, 14, 17], [24, 18], [15, 19, 20, 16, 22, 23, 25, 26, 53, 29, 40, 34, 37, 39, 38, 32, 33, 42, 44, 36, 41, 52, 45, 46, 49, 43, 50, 55, 57, 47, 54, 48, 51, 56, 60, 59, 58]]
38: [[27, 11, 35, 7, 2], [1, 3, 5], [13, 21, 6, 12, 4, 22, 8, 9, 14, 17, 30, 19, 20, 15, 16, 18, 10, 23, 24, 25, 29, 26, 28, 42, 31, 36, 33, 34, 37, 38, 32, 39, 40, 45, 41], [43, 46, 60, 47, 55, 44, 51, 49, 56, 50, 53, 54, 48, 58, 52, 59, 57]]
39: [[27, 11, 35, 7, 2], [1, 3, 5], [13, 8, 4, 14, 21, 6], [12, 9, 15, 24, 17, 22, 16, 23, 19, 30, 28, 20, 25, 26, 31, 29, 36, 32, 10], [33, 41, 43, 34, 39, 38, 40, 42, 44, 46, 37, 52, 45, 47, 48, 18], [55, 49, 51, 50, 53], [58, 54, 56, 57, 59, 60]]
40: [[27, 11, 35, 7, 2], [1, 3, 4], [13, 21, 6], [8, 5], [10, 9, 12, 14, 15], [28, 30, 16], [18, 23, 20, 17, 19, 24, 26, 22], [25, 29, 31, 46, 32, 33, 34, 42, 36, 37, 43, 38, 39, 41, 45, 40, 50, 44, 53, 51, 48, 52, 57, 55, 54, 47, 56, 49, 58, 59, 60]]
41: [[27, 11, 35, 7, 2], [1, 3], [4, 13, 21, 6, 8, 5, 9, 10], [14, 12, 15, 19, 31, 16, 17, 22, 25, 18, 23, 26, 20, 24, 28, 29, 50, 40, 30, 34, 38, 47, 36, 37, 32, 42, 33, 43, 44, 39, 41, 45, 46, 48, 49, 51, 57, 53, 55, 56, 52], [58, 54, 59, 60]]
42: [[27, 11, 35, 7, 2], [1, 3, 4], [13, 21, 6], [8, 5, 9, 10, 25, 14, 12, 19], [31, 17, 15, 18, 16, 20, 22, 23], [30, 24], [26, 28, 46, 29, 32, 33, 34, 37, 36, 38, 39, 40], [45, 41, 42, 43, 44, 47, 54, 48, 52, 49, 51, 53, 50, 55, 59, 58, 57, 56, 60]]
43: [[27, 11, 35, 7, 2], [1, 3, 5, 13, 21, 6, 9], [4, 14, 10, 24, 8, 15, 16], [22, 17, 23, 19, 18], [12, 30, 25, 31, 20, 26, 29], [33, 28, 57, 32, 38, 37, 34, 39, 36, 40, 41, 45, 42, 43, 52, 54, 47, 55, 51, 49, 58, 44, 50, 46, 56, 48, 53, 59, 60]]
44: [[27, 11, 35, 7, 2], [1, 3, 5, 13, 21, 6, 8], [4, 14, 15, 9, 12, 23, 22, 16, 10, 18, 17, 19, 24, 30, 20, 28, 31, 25, 26], [40, 29, 56, 36, 33], [32, 34, 37, 42, 39, 41, 43, 46, 51, 52, 38, 54, 44, 57, 48], [53, 50, 47, 45, 49, 58, 55, 59, 60]]
45: [[27, 11, 35, 7, 2], [1, 3, 4], [13, 21, 6, 8], [5, 24, 12, 10, 9, 15], [18, 14, 16, 22, 17, 20], [25, 19, 23, 28, 29], [26, 30, 43, 31, 37, 32], [33, 39, 34, 38, 36], [40, 44, 45, 41, 42, 58, 54], [52, 47, 51, 46, 49, 50, 53], [48, 57, 60, 55, 56, 59]]
46: [[27, 11, 35, 7, 2], [1, 3, 4, 13, 21, 6], [8, 5, 12, 9, 10, 15], [14, 17, 16], [18, 20, 19, 23, 24, 30, 22], [25, 28, 29, 31, 40], [26, 32, 36], [33, 39, 34], [37, 38, 43, 41, 45, 42, 46], [44, 55, 47, 51, 53, 48], [57, 59, 50, 49, 52, 60, 56, 54, 58]]
47: [[27, 11, 35, 7, 2], [1, 3, 4, 13, 21, 6], [24, 5, 12], [8, 10, 9, 15, 17, 30], [18, 23, 14, 19, 31, 16, 22, 20, 26, 28], [25, 47, 29, 37, 33, 32, 34, 38, 36, 39, 40, 41, 43, 42, 44, 45, 59, 46, 49, 55], [51, 50, 54, 48, 56, 53, 57, 58, 52, 60]]
48: [[27, 11, 35, 7, 2], [1, 3, 4], [13, 21, 6], [9, 5, 10, 14, 12], [8, 15, 18], [30, 19, 17, 16, 20, 22, 25, 24], [23, 28, 29, 26, 31, 47], [32, 33, 34, 39, 36, 40, 46, 37], [38, 41, 43, 42, 45, 44, 50, 51, 48, 52, 55, 54, 49, 53, 57, 58, 59, 56, 60]]
49: [[27, 11, 35, 7, 2], [1, 3, 4], [13, 21, 6, 8, 5, 12, 9], [10, 15, 14, 17, 16], [18, 20, 19], [23, 24, 30, 22, 25, 28, 29, 31, 40], [26, 32, 36, 33, 39, 34, 37], [38, 43, 41, 45, 42, 46], [44, 55, 47, 51, 53, 48, 57, 59, 50], [49, 52, 60, 56, 54, 58]]
50: [[27, 11, 35, 7, 2], [1, 3, 4], [13, 21, 6], [8, 5, 14, 12, 25, 9, 10, 19], [31, 23, 15, 18, 17, 20, 16, 22], [26, 24, 28, 30, 46, 29, 33, 34, 32, 37, 36, 38, 45, 47, 40, 39, 42, 44, 54, 41, 48, 43, 50, 52, 51, 53, 49, 55, 57, 56, 59, 58], [60]]
51: [[27, 11, 35, 7, 2], [1, 3, 5, 13, 21, 6], [9, 4, 14], [24, 10, 12], [15, 16, 8], [18, 23, 19, 17, 20], [25, 22, 26, 28, 29, 30], [46, 31, 37], [36, 32, 39, 38, 33, 34], [47, 40, 45, 41, 43], [42, 48, 44, 49, 54, 51, 57, 53, 52, 59, 56, 60, 50, 55, 58]]
52: [[27, 11, 35, 7, 2], [1, 3, 5, 13, 21], [14, 22, 4, 12, 6, 8, 10, 23, 9, 19, 17, 18, 16, 15, 25, 26, 20, 30, 28], [24, 29, 46], [31, 32, 37, 33, 34, 40, 36, 44, 38, 45, 39], [41, 42, 43, 48, 51, 50, 47, 52, 53, 55, 54, 56, 57, 49, 58, 59, 60]]
53: [[27, 11, 35, 7, 2, 1], [3, 5, 13, 21, 6], [10, 4, 8], [9, 25, 15, 12], [30, 14, 19, 26, 17, 18, 20, 23, 16, 22, 28, 24, 31, 38, 29, 36, 33, 32, 37, 39, 40, 41, 34, 44, 43, 46, 42, 47, 45, 52, 50, 48, 53, 51, 54, 49, 55, 56, 59, 57, 60, 58]]
54: [[27, 11, 35, 7, 2], [1, 3, 5, 13, 21, 6], [8, 4, 10], [24, 14, 9, 12, 31, 18], [16, 15, 17], [20, 19, 30, 22], [23, 26, 28, 25], [42, 38, 29], [32, 33, 46, 37, 39, 34, 36], [40, 41, 43, 45, 44], [47, 49, 54, 51], [52, 50, 55, 53, 48], [56, 59, 57, 58, 60]]
55: [[27, 11, 35, 7, 2], [1, 3, 5], [13, 21, 6, 8, 4, 26, 14, 12], [9, 31, 10, 15, 18, 16, 22, 23, 19, 17, 24, 28, 20, 25, 30, 37, 29, 32, 36, 38, 42, 34, 33, 39, 45, 44, 46, 43, 40, 50, 48, 53, 47, 49, 55], [41, 54, 56, 57, 52, 51, 60, 59, 58]]
56: [[27, 11, 35, 7, 2], [1, 3, 4, 13, 21, 6, 8, 5, 10, 12, 9, 26, 14, 15, 20], [22, 31, 16, 18], [19, 17, 23, 25, 28], [24, 30, 33, 60, 29, 36, 38, 37, 34, 32, 41, 42, 45, 43, 47], [40, 39, 51, 56, 46, 50, 48, 44, 53, 54, 52, 57, 49, 55, 59, 58]]
57: [[27, 11, 35, 7, 2, 1, 3, 5], [13, 21], [6, 8, 4, 12, 25, 14, 10, 15, 18, 9, 16, 20, 19, 24, 26, 17, 23, 22, 28, 29, 31, 46, 30, 32, 37, 43, 38, 34, 33, 39, 47, 41, 44, 36, 40, 42, 53, 45, 49, 52, 51, 56, 48, 54, 50, 55, 60, 57, 58, 59]]
58: [[27, 11, 35, 7, 2], [1, 3, 5, 13, 21], [6, 8, 4, 9, 12, 14, 15, 10, 16, 22, 18, 23, 17, 19, 29], [20, 30, 26, 24, 28, 25, 31, 40, 37], [33, 32, 42, 34, 36, 46, 38, 41, 43, 39, 48, 58, 44, 49, 45, 50, 47, 52, 53, 54, 51, 56, 55, 57, 60, 59]]
59: [[27, 11, 35, 7, 2, 1], [3, 4, 13, 5, 12, 8, 21, 6], [9, 30, 16, 14, 25, 24], [15, 23, 17, 19, 20, 28, 18, 10], [29, 26, 31], [38, 22, 40, 34, 36], [33, 37, 32, 46, 42, 44, 39, 43, 59, 60, 47, 45, 41, 48, 55], [52, 54, 50, 49, 51, 57, 53, 58, 56]]
60: [[27, 11, 35, 7, 2], [1, 3, 5], [13, 4, 6, 12, 9, 10, 21], [15, 8, 14, 30], [23, 16, 20, 19, 22, 17], [18, 25, 28, 24, 26], [29, 43, 31, 33, 36, 32, 42], [38, 45, 34], [39, 37, 40, 44, 41], [46, 54, 50, 48, 52, 47, 53, 51], [55, 49, 56, 58, 57, 59, 60]]
61: [[27, 11, 35, 7, 2], [1, 3, 4], [13, 21, 6, 24, 5, 8, 9, 15, 10, 12, 16, 17], [19, 23, 18, 14, 20, 22, 25, 28, 29], [31, 26, 32, 30, 45, 33, 34, 37, 36, 41, 42, 39, 38, 43, 46, 40, 47, 44, 52, 48, 50, 49, 51, 53, 55, 54, 58, 59, 57, 56, 60]]
62: [[27, 11, 35, 7, 2], [1, 3, 5, 13, 21], [6, 12, 4, 9, 15, 25, 10, 14, 31, 8, 16, 18, 19, 17, 22, 20, 29, 26, 24, 23, 30, 46, 28, 40, 34, 36, 42, 32], [38, 45, 47, 33, 41, 44, 37, 43, 39, 54, 52, 50, 51, 48, 53, 49, 55, 56, 57, 59, 58, 60]]
63: [[27, 11, 35, 7, 2], [1, 3, 4], [13, 21, 6, 8], [5, 10, 12, 26, 9], [15, 18, 14, 16, 22, 17], [19, 20, 30, 23, 24], [29, 28, 25, 31], [46, 39, 32, 37, 33, 34, 41], [36, 38, 40, 43, 42, 45, 60], [49, 47, 55, 44, 48, 53, 50], [54, 51, 52, 56, 58, 59], [57]]
64: [[27, 11, 35, 7, 2], [1, 3, 4, 13, 21, 6, 8, 5, 9, 14, 10, 12, 15, 16, 31], [22, 19, 23, 20, 24], [17, 26, 18, 25, 28, 30, 29, 47, 37, 33, 32, 43, 36, 34, 44, 38, 39], [41, 42, 51, 46, 54, 40, 45, 50, 48, 53, 49, 55], [52, 57, 58, 56, 59, 60]]
65: [[27, 11, 35, 7, 2, 1, 3, 4], [13, 21, 6, 8, 5, 26, 12, 9, 10, 15, 25], [14, 17, 22, 19, 18, 16, 23, 20, 24, 29, 28, 31, 53, 30, 36, 33, 32, 37, 34, 39, 38, 42, 40, 41, 43, 45, 46, 44, 49, 48, 51, 47, 56, 54, 50, 52, 55, 58, 60, 59, 57]]
66: [[27, 11, 35, 7, 2, 1], [3, 4, 13, 21, 5, 8, 6, 26, 12, 9, 10, 20, 14], [17, 19, 15, 16, 29, 25, 24, 28, 23, 22, 31, 30, 44, 40, 18, 33], [38, 37, 36, 39, 42, 32, 41, 43, 34, 45, 46, 47, 48, 53, 50, 49, 52, 54, 57, 51, 60, 55, 56, 58, 59]]
67: [[27, 11, 35, 7, 2, 1], [3, 4, 13, 21, 6], [8, 5, 12, 10, 9, 19, 15, 16, 14], [18, 23, 17, 20, 26, 30], [22, 28, 29, 24, 31, 38, 25, 32, 36, 33, 37, 39, 44, 46, 34, 40, 41, 42, 51, 45, 47, 55, 49, 48, 43, 54, 50, 52, 56, 53, 60, 59, 58, 57]]
68: [[27, 11, 35, 7, 2], [1, 3, 4, 13, 21, 6], [10, 5, 9], [24, 14, 12, 15, 16, 8], [31, 23, 18, 17, 19], [28, 20, 22, 26, 30, 25, 32, 29, 41, 37, 33], [38, 34, 45, 36, 42, 39, 47, 40, 43, 46, 54, 44, 49, 50, 53, 55, 51, 48, 58, 57, 52, 56, 59, 60]]
69: [[27, 11, 35, 7, 2], [1, 3, 4, 13, 21, 6], [29, 5, 12], [10, 15, 8], [16, 17, 18, 19, 9], [14, 20, 22, 26, 23, 30, 25, 24, 28, 46, 31, 33, 32, 36, 34, 37, 45, 38, 39, 41, 43], [40, 57, 42, 44, 51, 54, 50, 47, 48, 49, 53], [52, 60, 56, 55, 59, 58]]
70: [[27, 11, 35, 7, 2], [1, 3, 4], [13, 21, 6, 8], [5, 9, 12, 14, 15], [18, 16, 10], [22, 17, 20, 19], [30, 24, 29, 23, 28], [31, 25, 39], [26, 46, 33, 32, 36], [38, 37, 34], [44, 41, 42, 43], [45, 47, 40], [53, 50, 52], [48, 59, 49, 51], [54, 56, 55, 58, 57], [60]]
71: [[27, 11, 35, 7, 2], [1, 3, 4], [13, 21, 6], [8, 5, 12], [9, 10, 14], [15, 18, 25], [16, 20, 17, 19, 28, 22, 23, 30, 29, 26, 24, 31, 37, 32, 34, 43, 39, 36, 33, 38, 40, 41, 45, 42, 44, 46, 47, 54, 48, 50, 51, 52, 53, 49, 56, 55, 59, 57, 58, 60]]
72: [[27, 11, 35, 7, 2], [1, 3, 5, 13], [21, 6, 8, 4], [12, 9, 14, 15, 10, 16], [19, 17, 24, 18, 22], [20, 28], [29, 31, 26, 23, 25], [46, 38, 30, 32, 36, 34, 33], [40, 39, 42, 44, 43], [41, 47, 37, 45, 50, 48], [55, 51, 53, 58, 59], [57, 52, 49, 54, 60, 56]]
73: [[27, 11, 35, 7, 2], [1, 3, 4], [13, 21, 6, 8, 5, 12, 9, 25, 15], [10, 19, 31, 16, 14, 18, 23], [20, 22, 17, 30, 28, 29], [26, 44, 24, 32, 34, 33, 39, 36, 37], [46, 38, 41, 40, 42, 43, 45, 47, 49, 51, 53, 48, 52, 54, 50, 55, 60, 57, 56, 58, 59]]
74: [[27, 11, 35], [7, 2, 1, 3, 4], [13, 21, 6, 8, 5, 12, 17, 10, 14, 9, 18, 23, 15, 16, 31, 20, 28, 24, 19, 22, 25, 26, 30, 33, 29, 36, 32, 34, 45, 37, 38, 40, 43, 41], [46, 42, 54, 44, 51], [47, 49, 39, 55, 48, 50, 53, 52, 60, 59, 56, 58, 57]]
75: [[27, 11, 35, 7, 2], [1, 3, 5], [13, 21, 6, 24, 4, 14, 10, 9, 12, 8, 15, 30, 25, 19, 16, 23, 17, 18, 28, 22, 29, 20, 26, 31, 41, 33, 32], [36, 37, 34, 39, 38, 42, 45, 40, 43, 48, 44, 47, 52, 46, 49, 53, 54, 51, 50, 56, 55, 60, 58, 57, 59]]
76: [[27, 11, 35], [7, 2, 1, 3, 5, 13, 21, 6], [8, 9, 4, 10, 22, 14, 15, 12, 23, 16, 18, 19, 20, 25, 17, 24, 28, 30, 26, 29, 53, 36, 31, 32, 34, 42, 37, 33, 39, 38, 41, 43, 45, 40, 50, 44, 52, 55, 49, 48, 54, 46, 47, 51], [58, 57, 56, 59, 60]]
77: [[27, 11, 35, 7, 2], [1, 3, 5, 13, 21, 6, 8, 4, 12, 9], [14, 15, 10, 16, 22, 17, 18], [19, 24, 25, 28, 20, 26, 23, 29, 31, 46, 30], [56, 32, 36, 34, 33], [39, 38, 40, 41, 43], [42, 37, 44, 45, 48, 47], [55, 51, 53, 49, 50], [57, 52, 58, 54, 59, 60]]
78: [[27, 11, 35, 7, 2], [1, 3, 5], [13, 6, 14, 12, 4, 10, 21], [30, 9, 8, 15, 16, 19, 26, 17, 20], [29, 22], [18, 25, 23, 24, 31, 37, 36, 32, 41, 33], [28, 34, 45, 38], [39, 43, 44, 40, 42], [46, 48, 52, 49, 47, 53, 57, 54, 50, 55, 51, 56, 58, 59, 60]]
79: [[27, 11, 35, 7, 2], [1, 3, 5, 13, 21, 6, 15, 4, 30, 8, 12, 9, 10, 16, 14, 24], [23, 17, 22, 20, 18], [19, 31, 25], [26, 29, 46, 28, 33], [37, 34], [42, 36, 47, 32], [44, 45, 38, 41, 39], [40, 43, 54, 50], [49, 48, 56, 53, 52, 51, 57, 60, 55, 58, 59]]
80: [[27, 11, 35, 7, 2], [1, 3, 4, 13, 21], [6, 12, 5], [9, 8, 30, 10, 14, 26, 15], [18, 19, 22, 16], [31, 23, 17, 24, 25], [20, 28, 45, 29, 40, 33, 32, 39, 38, 34, 36, 43, 37, 41, 42, 44, 46, 47], [52, 51, 50, 48, 49, 59, 57, 55, 58, 54, 53, 56, 60]]
81: [[27, 11, 35, 7, 2], [1, 3, 4, 13, 21, 6], [10, 5, 9], [8, 12, 15, 14, 30, 18, 23, 22, 16, 20, 19], [17, 25, 26, 29, 24, 31, 38, 44, 28, 36, 32, 33, 34, 45, 37, 42, 40, 39, 47, 41, 60, 43, 48, 49, 52, 46, 55, 54, 53, 51, 58, 50, 57, 59, 56]]
82: [[27, 11, 35, 7, 2, 1], [3, 4, 13], [21, 6, 10, 5, 9], [8, 25, 14, 31, 30], [15, 16, 17, 12, 20, 19], [22, 18, 23], [24, 29, 26, 47], [28, 36, 33, 39, 42], [34, 32, 37, 38, 43, 44, 40], [46, 59, 45, 55, 41, 48, 54, 57, 49, 53, 52, 50, 58, 51, 56, 60]]
83: [[27, 11, 35, 7, 2], [1, 3, 5], [13, 21, 6], [8, 4, 12], [10, 14, 15, 18], [17, 9, 16, 26], [19, 24, 20, 30, 22, 31, 23], [28, 25, 29, 46, 36, 33, 32], [42, 34, 47, 37, 38], [40, 39], [45, 41, 43, 48], [44, 54, 50, 55], [52, 49], [51, 56, 53, 60, 59, 58, 57]]
84: [[27, 11, 35, 7, 2], [1, 3, 4], [13, 21, 6, 8], [5, 9, 14, 25], [12, 15, 17, 16, 10, 18, 20], [19, 28, 23], [22, 26, 31, 24, 30], [46, 29, 36], [32, 34, 37, 39, 38, 40, 33, 42, 44, 47, 41, 45, 43, 60, 49, 54, 50, 51, 55, 57, 48, 56, 58, 52], [59, 53]]
85: [[27, 11, 35, 7, 2], [1, 3, 4, 13, 21, 6, 8, 10, 5, 14, 9, 12, 15], [30, 18, 19], [16, 31, 17, 20, 22, 24, 23, 28, 26, 25, 57, 29, 34, 33, 37, 47, 32, 36, 38, 39, 43, 41, 42, 40, 46, 54, 52, 44, 45, 48, 50, 53, 49, 51, 59, 58, 55, 56, 60]]
86: [[27, 11], [35, 7, 2, 1, 3], [4, 13, 25], [5, 18, 9, 8], [6, 10, 12, 15], [17, 16, 19, 21], [20, 23, 28, 24], [26, 22, 31, 29, 30, 14, 37], [36, 32, 34], [33, 39, 38, 42, 45], [41, 46, 40], [47, 51, 43, 44, 57, 54, 49, 52, 55, 53, 48, 56, 58, 50, 59, 60]]
87: [[27, 11, 35], [7, 2, 1, 3, 4, 13], [21, 6, 28, 5, 8, 9, 10, 14, 12, 15, 31, 19, 16], [18, 17, 23, 22, 26], [20, 25, 24], [29, 30, 36, 32, 37], [33, 39, 34, 40, 47, 41, 38, 43, 42, 48, 46, 44, 52], [49, 45, 51, 54, 50, 53, 57, 56, 55, 60, 58, 59]]
88: [[27, 11, 35, 7, 2], [1, 3, 5, 13, 21, 6], [8, 4, 12], [26, 10, 9, 15, 30], [14, 17, 23, 22, 20, 16, 24], [18, 19, 28, 29, 25, 38, 31, 32, 37, 33], [39, 34, 40, 36, 42, 41, 44, 43, 46, 45, 60, 47, 55, 54, 52, 59, 51, 49, 57, 48, 50, 56, 58, 53]]
89: [[27, 11, 35, 7, 2, 1], [3, 5, 13, 21, 6], [9, 4, 12], [16, 8], [14, 23, 15, 18, 10], [17, 31, 20], [19, 22, 24, 25, 29, 26], [28, 41], [30, 36, 33, 34, 37, 32, 38, 39, 46, 40, 43, 44, 60, 45, 47, 42, 50, 48, 49, 57, 59, 53, 51, 52, 54, 58, 55, 56]]
90: [[27, 11, 35, 7, 2, 1, 3, 5, 13], [21, 6, 8], [4, 10, 15, 25, 9], [12, 23, 19, 24], [18, 14, 17, 29, 22, 16, 26], [30, 31, 20, 48, 28, 36, 32, 33, 34, 37, 38, 42, 43, 39, 45, 41, 44, 40, 47, 46, 55, 49, 51, 53, 54, 59, 50, 52, 58, 56, 57, 60]]
91: [[27, 11, 35, 7, 2], [1, 3, 4, 13, 21, 6, 28], [5, 9, 10], [18, 12, 15, 17, 14, 8], [19, 31, 16, 20, 30, 23, 26, 25, 29, 22, 40, 24, 32], [33, 36, 39, 34, 44], [47, 38, 41], [37, 42, 56, 43, 45, 60, 49, 46, 48, 51, 55, 58, 52], [53, 57, 54, 50, 59]]
92: [[27, 11], [35, 7, 2, 1, 3], [5, 13, 25, 4, 18, 9, 12, 6, 10, 8, 15, 16, 30, 14, 17], [19, 23, 20, 26, 21, 22, 24, 29, 31, 28, 37, 34, 33, 32, 39, 38, 36, 42, 45, 41, 47, 40, 43, 51, 44, 46, 56, 53, 48, 52, 54, 49, 55, 57, 50, 58, 60, 59]]
93: [[27, 11, 35, 7, 2], [1, 3, 4, 13, 21, 6, 24], [5, 8, 12, 14, 10], [9, 17, 30, 18, 16, 20, 19, 15, 26, 22, 28, 23, 29, 25, 31, 36], [37, 33, 32, 34, 39, 42, 47, 44, 45, 43], [41, 48, 38, 60, 55, 49, 46, 40, 50, 54, 51, 56, 53, 59, 52, 57, 58]]
94: [[27, 11, 35, 7, 2, 1], [3, 4, 13, 21, 6, 8], [5, 9, 30], [10, 12, 18, 17, 14, 16, 23, 19], [20, 22], [24, 15, 28, 31, 29, 25, 37], [38, 26, 36, 33, 47, 34, 39, 32, 45], [43, 42, 40], [41, 44, 46, 50], [48, 49, 53, 54, 55], [52, 56, 59, 51, 58, 57, 60]]
95: [[27, 11, 35], [7, 2, 1, 3, 4, 13, 21, 6, 8, 5, 12, 9], [15, 10, 14, 16, 25, 18, 20, 19, 23], [22, 17, 29, 24, 26, 30, 31, 28, 46, 32, 33, 34, 42, 38, 41, 37, 44, 36, 43, 45, 39, 47, 40, 52, 48, 50, 49, 54, 53, 57, 60], [56, 51, 55, 58, 59]]
96: [[27, 11, 35, 7, 2, 1], [3, 4, 13, 25, 6], [8, 5, 12, 9, 30, 14, 10, 18, 16, 19, 15, 17, 20], [21, 22, 26, 23, 24, 28, 31, 46, 29, 32, 33, 34, 37, 40, 36, 38, 39, 41, 47, 42, 43, 44, 45, 54, 51, 55, 49, 48, 50, 57, 52, 60, 53, 58, 59, 56]]
97: [[27, 11, 35, 7, 2], [1, 3, 4, 13, 21, 6, 24, 5, 9, 12, 14, 26, 15, 8, 31], [16, 10, 23, 20, 17], [29, 25, 18, 30, 19, 22, 38, 28, 37, 36, 32, 33, 34, 41, 39, 40, 43, 42, 44, 45, 47, 60, 51, 46, 49, 52, 54, 55, 48, 50, 56, 53, 57, 59, 58]]
98: [[27, 11, 35, 7, 2], [1, 3, 5], [13, 8, 6, 20, 4], [30, 10, 26, 9, 12, 14, 22, 24, 15, 16, 23, 17, 21, 29, 19], [18, 31, 56, 25, 45, 36, 28, 34, 39, 32, 38, 46, 44, 33, 37, 40], [43, 42, 47, 49, 41], [50, 55, 52, 54, 53, 51, 48, 58, 59, 57, 60]]
99: [[27, 11, 35, 7, 2], [1, 3, 4, 13, 21, 5], [9, 6, 12], [24, 8, 10, 15, 16, 17], [14, 22, 19, 18, 25], [28, 23, 20], [29, 30, 26, 40], [31, 36, 33, 34, 39, 32, 38, 37, 42, 47, 41, 44], [43, 45, 50, 46, 48, 52, 51, 55, 59, 49, 54, 53, 58, 56, 57, 60]]
100: [[27, 11, 35], [7, 2, 1, 3, 5], [13, 21, 6, 8, 4, 12, 24, 10, 9, 15, 16, 14, 17, 20, 19, 18, 22, 26, 23, 25, 28, 29], [31, 33, 30, 32, 36, 34, 38, 39], [45, 37], [42, 41, 47, 40, 43, 44, 60, 46, 49, 52, 53, 50, 51, 48, 54, 55, 57, 56, 58, 59]]
101: [[27, 11, 35, 7, 2], [1, 3, 4, 13, 21, 5, 28, 6], [10, 9, 8], [12, 15, 18, 23, 14, 17], [31, 16, 19, 30, 20, 24, 22], [25, 26, 41, 29, 32], [36, 33, 34], [37, 44, 43, 39, 38], [40, 42, 45], [46, 47, 51, 48, 49, 50], [52, 53, 54, 58, 55, 59, 56, 57, 60]]
102: [[27, 11, 35, 7, 2, 1], [3, 4, 13], [21, 6, 8, 5, 10], [9, 17, 12, 15], [14, 19], [23, 20], [22, 16, 28, 18, 25, 24, 29, 30, 26, 42], [39, 31], [37, 33, 32, 34, 47, 45, 46, 36], [41, 40, 43, 44, 51, 38, 48, 50, 49, 57, 53, 54, 55, 52, 56, 59, 58, 60]]
103: [[27, 11, 35, 7, 2], [1, 3, 4], [13, 21, 6], [8, 5, 10], [9, 14, 12], [15, 16, 30, 19, 17], [18, 20, 22], [24, 26], [23, 25, 29, 31, 28, 41, 38, 32], [34, 39], [33, 37, 40, 36, 47], [43, 44, 52, 42, 46, 45, 56, 53, 50, 55, 54, 48, 60, 49, 57, 51, 58, 59]]
104: [[27, 11, 35, 7, 2], [1, 3, 4, 13, 21, 6], [8, 5, 12, 10, 24], [9, 15, 26, 14, 23, 19], [25, 17, 28, 30, 16], [20, 22, 18, 31, 37, 29, 45], [32, 33, 39, 34, 46, 36, 38], [40, 41, 47, 43, 42, 44, 52], [55, 51, 48, 49, 50, 58], [53, 59, 60, 54, 56, 57]]
105: [[27, 11, 35, 7, 2], [1, 3, 5], [13, 21, 6], [8, 4, 12], [14, 10, 9], [15, 16, 25, 18, 20], [19, 17, 24, 26, 23], [22, 31, 30, 29, 28, 46], [37, 32, 33], [42, 34, 40], [39, 47, 36], [45, 38, 41, 55], [43, 54, 44, 52, 49], [48, 53, 50, 60, 59, 51, 56], [57, 58]]
106: [[27, 11, 35, 7, 2], [1, 3, 4, 13, 21], [6, 9, 5, 26, 8, 12], [10, 31, 18], [14, 16, 22, 23, 20], [19, 17, 15, 28, 25, 24, 29, 33, 30, 34, 32], [38, 39, 37, 47, 36, 44, 42], [45, 41, 48, 43, 60], [53, 40, 50, 46, 49, 54, 56, 57, 52, 51, 55, 59, 58]]
107: [[27, 11, 35], [7, 2, 1, 3, 4, 13, 21, 6, 8, 5, 12, 10, 14, 9, 15, 30, 16, 17, 22, 18, 19, 20, 25, 23, 28, 29, 24, 31, 42, 26, 53, 36, 33, 39, 34, 37, 38, 46, 41, 45, 32, 43, 40, 47, 44, 48, 51, 49, 56, 50, 54, 52, 57, 58], [55, 59, 60]]
108: [[27, 11, 35, 7, 2, 1], [3, 5, 13], [21, 6, 8, 4, 9], [15, 25, 10, 12, 30], [19, 16, 18, 14, 17], [29, 22, 23, 24, 26, 31, 20], [32, 28, 39, 34, 33], [37, 38, 36], [41, 42, 43], [45, 46, 40, 44, 47], [54, 51, 49, 48], [53, 52, 55, 50, 60, 58, 56], [57, 59]]
109: [[27, 11, 35, 7, 2], [1, 3, 5], [13, 21, 6, 9, 4], [26, 8, 14, 12], [18, 25, 10], [17, 31, 16, 15, 19], [20, 22, 23], [24, 28, 29, 30], [33, 46, 34, 38, 32, 37, 36, 42, 40, 44, 43, 41, 39], [45, 47, 50, 52, 49, 51], [55, 54, 58, 53, 57], [56, 59, 48, 60]]
110: [[27, 11, 35, 7, 2, 1], [3, 5, 13], [21, 6, 9], [4, 14, 16], [10, 12, 15], [8, 28, 17, 20, 19], [18, 22, 25, 30, 26, 23, 24, 29, 33], [31, 36, 32], [42, 39, 34], [37, 38, 45, 40, 43, 41], [51, 44, 47, 46, 49], [52, 53, 50, 54, 56, 59, 48, 57, 60, 58, 55]]
111: [[27, 11, 35, 7, 2, 1, 3, 5, 13, 21, 6, 9, 4, 24, 10, 14, 8, 31, 12, 15, 17, 16, 19, 20], [22, 18, 25, 28, 23, 26, 29, 37, 30, 36, 32, 38, 33], [39, 40, 34, 44, 46, 41, 45, 42, 43, 51, 50, 47, 49, 48, 53, 54, 56, 57, 52, 55, 58, 59, 60]]
112: [[27, 11, 35, 7, 2], [1, 3, 5], [13, 21, 6, 10], [4, 9, 8, 12, 15, 28], [22, 14, 16, 19, 17], [20, 25, 18, 23, 31], [24, 26, 30], [43, 29, 36, 32, 34], [37, 33, 39], [38, 40, 44, 41, 42], [45, 46, 52], [55, 50, 47, 48, 49], [53, 54, 51], [56, 57, 58, 60, 59]]
113: [[27, 11, 35, 7, 2, 1, 3, 5, 13], [21, 6, 10, 4, 9], [8, 25, 15], [12, 23, 14, 24, 19], [17, 20, 18], [22, 16, 30, 31, 28], [26, 33, 29, 36, 32, 34, 37, 38, 39, 42, 41, 40, 45, 43, 47, 46, 44, 51, 54, 48, 49, 57, 53, 55, 50, 52, 58, 56, 60, 59]]
114: [[27, 11, 35, 7, 2], [1, 3, 4, 13], [20, 14, 18, 5, 6, 8, 25], [24, 10], [9, 16, 12, 17, 15, 19, 21, 29, 28, 26], [31, 22], [23, 46], [47, 30, 32, 34], [42, 37, 33, 36, 38, 39, 41, 44], [40, 45], [57, 52, 43, 48, 49, 51], [55, 53, 50, 56, 54, 58, 59, 60]]
115: [[27, 11, 35, 7, 2, 1], [3, 5, 13], [21, 6, 8, 4, 24], [12, 30, 10], [14, 15, 9, 16], [26, 19, 20, 18], [17, 22, 31, 23, 29, 25, 47], [28, 39, 33, 32, 42, 38, 36], [40, 34, 37, 44, 45], [41, 56], [46, 53, 43, 48], [55, 60, 52, 49], [50, 51], [54, 57, 58, 59]]
116: [[27, 11], [35, 7, 2, 1, 3], [4, 13, 25], [5, 18, 9, 8, 6, 10, 12], [15, 17, 16], [19, 21, 20, 23, 28], [24, 26, 22], [31, 29, 30, 14, 37, 36, 32, 34, 33, 39, 38, 42, 45, 41, 46, 40, 47, 51, 43, 44, 57, 54, 49, 52], [55, 53, 48, 56, 58, 50, 59, 60]]
117: [[27, 11, 35, 7, 2, 1, 3, 5, 13], [21, 6, 8, 4, 10, 12, 9, 14, 31], [16, 30, 17], [19, 15, 20, 22, 18, 26, 24, 28, 25], [29, 42, 23, 33, 32, 38], [37, 34, 45, 39, 41, 36, 44, 43, 40, 59, 46], [54, 47, 55, 51, 48, 49, 50, 56], [60, 53, 52, 58, 57]]
118: [[27, 11, 35, 7, 2], [1, 3, 4, 13, 8, 5], [12, 6, 10], [20, 29, 9, 14, 30], [15, 23, 24, 16, 17, 28, 22, 19], [25, 21, 26, 31, 38, 44], [32, 41, 36, 33, 34, 37, 39, 42, 43], [40, 47, 45, 46, 48, 51], [55, 18, 49, 57, 50, 53, 58, 52, 56, 54, 59], [60]]
119: [[27, 11, 35, 7, 2], [1, 3, 5, 13, 21, 6], [9, 12, 4, 10, 8], [16, 20, 24], [30, 15, 19, 23], [14, 25, 17, 18, 22], [31, 26, 29], [57, 45, 28], [33, 34, 39, 32, 38], [44, 36, 42], [41, 37, 43, 47, 51], [40, 48, 46], [49, 53, 59, 50, 55], [54, 56, 60, 52, 58]]
120: [[27, 11, 35, 7, 2, 1], [3, 4, 13], [5, 22, 6, 8, 12, 25, 9], [15, 20, 10, 14, 23, 16, 17, 19, 30], [18, 21], [24, 28, 26, 31, 45, 29, 60, 36, 33], [39, 34], [47, 37], [38, 40, 43, 32, 42, 41, 51, 52, 48, 44], [50, 57], [49, 53, 46, 54, 58, 59, 55, 56]]
121: [[27, 11, 35, 7], [2, 1, 3], [4, 13, 21, 6], [24, 5, 12, 8, 10], [9, 15, 17], [30, 18, 23, 14], [16, 31, 19, 22, 20], [26, 25, 29], [47, 28, 36, 33, 32], [34, 38, 37], [39, 40, 42, 44, 43], [41, 45, 59], [46, 49, 54], [48, 51, 50, 55], [53, 57, 58, 56, 52], [60]]
