0: [[50, 19, 37], [4, 3, 32], [5, 64], [12, 1, 22, 2], [9, 7, 10], [6, 8, 26], [14, 15], [21, 11, 17], [28, 13, 20], [16, 23, 18], [25, 24], [41, 63, 60], [31, 30, 33], [52, 53], [42, 38, 27], [34, 39, 44, 29], [35, 43, 36], [56, 55, 40, 45], [62, 58], [49, 57, 51], [46, 47, 54], [48, 59, 61, 65], [70, 66, 67], [68, 76, 71], [69, 73], [72, 75, 74], [77, 78], [79, 82], [84, 80, 81, 83, 87, 85, 86, 88]]
1: [[50, 19, 37], [4, 3, 32], [5, 64], [12, 1, 22, 2], [9, 7, 10], [6, 8, 26], [14, 15], [21, 11, 17], [28, 13, 20], [16, 23, 18], [25, 24], [41, 63, 60], [31, 30, 33], [52, 53], [42, 38, 27], [34, 39, 44, 29], [35, 43, 36], [56, 55, 40, 45], [62, 58], [49, 57, 51], [46, 47, 54], [48, 59, 61, 65], [70, 66, 67], [68, 76, 71], [69, 73], [72, 75, 74], [77, 78], [79, 82], [84, 80, 81, 83, 87, 85, 86, 88]]
2: [[50, 19, 37], [4, 3, 32], [5, 64], [12, 1, 22, 2], [9, 7, 10], [6, 8, 26], [14, 15], [21, 11, 17], [28, 13, 20], [16, 18, 23], [25, 24], [41, 63, 60], [31, 30, 33], [27, 49], [42, 46, 43], [36, 29, 34, 44], [38, 47, 35], [56, 45, 62, 39], [52, 58], [40, 59, 48], [51, 53, 54, 55], [57, 61, 65, 70, 66], [67, 68, 76], [71, 69, 73], [72, 75], [74, 77, 78], [79, 82, 84], [80, 81], [83, 87, 85, 86, 88]]
3: [[50, 19, 37], [4, 3, 32], [5, 64], [12, 1, 22, 2], [9, 7, 10], [6, 8, 26], [14, 15], [21, 11, 17], [28, 13, 20], [16, 18, 23], [25, 24], [41, 63, 60], [31, 30, 33], [52, 53, 58], [39, 27, 34, 38, 47], [29, 36], [40, 42, 48], [51, 56, 43], [54, 44], [35, 57, 45, 46], [49, 55, 59], [62, 61, 65, 70], [66, 67], [68, 76, 71, 69], [73, 72], [75, 74, 77], [78, 79], [82, 84, 80, 81], [83, 87, 85], [86, 88]]
4: [[50, 19, 37], [4, 3, 32], [5, 64], [12, 1, 22, 2], [9, 7, 10], [6, 8, 26], [14, 15], [21, 11, 17], [28, 13, 20], [16, 18], [23, 25, 24], [41, 63, 60, 31], [30, 43, 52, 49, 59, 36, 39, 34, 42, 35, 29, 40, 38, 44, 27, 45], [46, 33, 48, 47, 53, 55, 51, 56, 54, 57, 58, 61, 62, 65, 70, 66, 67, 68, 76, 71, 69, 73, 72, 75, 74, 77, 78, 79, 82, 84, 80, 81, 83, 87, 85, 86, 88]]
5: [[50, 19, 37], [4, 3, 32], [5, 64], [12, 1, 22, 2], [9, 7, 10], [6, 8], [26, 14, 15, 21], [11, 17], [28, 13, 20], [16, 18], [23, 25, 24], [41, 63, 60], [31, 30, 27], [53, 29, 33], [36, 42, 38], [34, 44, 39, 35, 40, 43, 46, 45, 47, 55, 54, 51, 48, 58, 52, 57, 49, 59, 56, 61, 62, 65], [70, 66], [67, 68, 76, 71, 69], [73, 72], [75, 74, 77], [78, 79, 82], [84, 80, 81], [83, 87, 85], [86, 88]]
6: [[50, 19, 37], [4, 3, 32], [5, 64], [12, 1, 22, 2], [9, 7, 10], [6, 8, 26], [14, 15], [21, 11, 17], [28, 13, 20], [16, 18], [23, 25, 24], [41, 63, 60, 31], [30, 43, 52, 49, 59, 36, 39, 34, 42, 35, 29, 40, 38, 44, 27, 45], [46, 33, 48, 47, 53, 55, 51, 56, 54, 57, 58, 61, 62, 65, 70, 66, 67, 68, 76, 71, 69, 73, 72, 75, 74, 77, 78, 79, 82, 84, 80, 81, 83, 87, 85, 86, 88]]
7: [[50, 19, 37], [4, 3, 32], [5, 64], [12, 1, 22, 2], [9, 7, 10], [6, 8, 26], [14, 15], [21, 11, 17], [28, 13, 20], [16, 18], [23, 25, 24], [41, 63, 60, 31], [30, 27, 29], [39, 42, 36], [51, 34, 35], [33, 46], [38, 45, 47, 56], [40, 44, 48], [53, 43, 52], [54, 49, 55, 58, 57, 59], [62, 61], [65, 70, 66, 67], [68, 76, 71], [69, 73, 72, 75, 74, 77, 78, 79, 82, 84, 80, 81, 83, 87, 85, 86, 88]]
8: [[50, 19, 37], [4, 3, 32], [5, 64], [12, 1, 22], [2, 9, 7, 10], [6, 8, 26], [14, 15], [21, 11, 17], [28, 13, 20], [16, 18, 23], [25, 24, 41, 63, 60, 31], [30, 27], [46, 53, 42], [33, 49, 29], [36, 45], [34, 38, 35, 39], [43, 40, 44], [56, 47, 51, 48], [52, 54, 55], [57, 62, 58], [61, 59, 65], [70, 66, 67], [68, 76, 71], [69, 73, 72], [75, 74, 77, 78, 79, 82, 84, 80, 81, 83, 87, 85, 86, 88]]
9: [[50, 19, 37], [4, 3, 32], [5, 64], [12, 1, 22, 2], [9, 7, 10], [6, 8, 26], [14, 15], [21, 11, 17], [28, 13, 20, 16], [18, 23, 25], [24, 41, 63], [60, 31], [30, 43, 29], [61, 27, 36], [35, 34, 33, 39], [42, 38, 44], [40, 46, 47], [48, 45, 57, 51], [53, 54, 49], [55, 52, 58], [56, 59, 62], [65, 70], [66, 67, 68, 76, 71, 69, 73, 72, 75, 74, 77, 78, 79, 82, 84, 80, 81, 83, 87, 85, 86, 88]]
10: [[50, 19, 37], [4, 3, 32], [5, 64], [12, 1, 22, 2], [9, 7, 10, 6, 8], [26, 14, 15], [21, 11, 17], [28, 13, 20], [16, 18, 23], [25, 24], [41, 63, 60, 31], [30, 39, 45], [29, 27, 33], [55, 34, 38, 42, 36, 46], [35, 43], [56, 40, 44, 47], [49, 51, 48], [52, 53, 54, 59, 57, 58, 61, 62, 65, 70, 66, 67, 68, 76, 71, 69, 73, 72, 75, 74, 77, 78, 79, 82, 84, 80, 81, 83, 87, 85, 86, 88]]
11: [[50, 19, 37], [4, 3, 32], [5, 64], [12, 1, 22], [2, 9, 7, 10], [6, 8, 26], [14, 15], [21, 11, 17], [28, 13, 20], [16, 18], [23, 25, 24], [41, 63, 60, 31], [30, 45, 38], [61, 27, 29, 33], [51, 34], [35, 36, 47], [40, 39, 57], [44, 46, 43, 62], [42, 49, 52], [55, 54, 56], [53, 48], [59, 58, 65], [70, 66], [67, 68], [76, 71, 69, 73, 72, 75, 74, 77], [78, 79, 82, 84, 80, 81, 83, 87, 85, 86, 88]]
12: [[50, 19, 37], [4, 3, 32], [5, 64], [12, 1, 22, 2], [9, 7, 10], [6, 8, 26], [14, 15], [21, 11, 17], [28, 13, 20, 16, 18, 23, 25, 24, 41, 63, 60, 31, 30, 45, 53, 27, 42, 38, 43, 35, 29, 48, 33, 34, 36, 44, 39, 46, 40, 47, 49, 51, 61, 54, 52, 55, 57], [62, 56, 58, 59, 65, 70, 66, 67, 68, 76, 71, 69, 73, 72, 75, 74, 77, 78, 79, 82, 84, 80, 81, 83, 87, 85, 86, 88]]
13: [[50, 19, 37], [4, 3, 32], [5, 64], [12, 1, 22], [2, 9, 7, 10], [6, 8, 26], [14, 15], [21, 11, 17], [28, 13, 20], [16, 18], [23, 25, 24, 41, 63, 60, 31], [30, 27, 53, 56, 29, 35, 36], [42, 58, 40, 38, 33, 44, 45, 43, 39, 46, 34, 47, 51, 54, 52, 49, 48, 61, 55, 59, 62, 57, 65, 70, 66, 67, 68, 76, 71, 69, 73, 72, 75, 74, 77, 78, 79, 82, 84, 80, 81, 83, 87, 85, 86, 88]]
14: [[50, 19, 37], [4, 3, 32], [5, 64], [12, 1, 22, 2], [9, 7, 10], [6, 8, 26], [14, 15], [21, 11, 17], [28, 13, 20], [16, 18], [23, 25, 24], [41, 63, 60], [31, 30, 43, 57], [29, 33, 36], [38, 34, 46, 40], [42, 27, 35, 45, 47, 39], [44, 51, 49, 52, 48, 53, 55, 56, 54], [59, 62, 58, 61, 65, 70, 66, 67, 68, 76, 71, 69, 73, 72, 75, 74, 77, 78, 79, 82, 84, 80, 81, 83, 87, 85, 86, 88]]
15: [[50, 19, 37], [4, 3, 32], [5, 64], [12, 1, 22], [2, 9, 7, 10], [6, 8, 26], [14, 15], [21, 11, 17], [28, 13, 20], [16, 18], [23, 25, 24, 41, 63, 60, 31], [30, 27, 53, 56, 29, 35, 36], [42, 58, 40, 38, 33, 44, 45, 43, 39, 46, 34, 47, 51, 54, 52, 49, 48, 61, 55, 59, 62, 57, 65, 70, 66, 67, 68, 76, 71, 69, 73, 72, 75, 74, 77, 78, 79, 82, 84, 80, 81, 83, 87, 85, 86, 88]]
16: [[50, 19, 37], [4, 3, 32], [5, 64], [12, 1, 22, 2], [9, 7, 10], [6, 8, 26], [14, 15], [21, 11, 17], [28, 13, 20], [16, 18, 23], [25, 24], [41, 63, 60], [31, 30, 27], [44, 56], [58, 38, 33], [29, 55, 40, 34], [35, 42, 36], [57, 39, 43, 45], [46, 48, 49, 52, 51, 54, 47, 53, 59, 62, 61, 65, 70, 66, 67], [68, 76, 71, 69, 73, 72, 75, 74, 77, 78, 79, 82, 84, 80, 81, 83, 87, 85, 86, 88]]
17: [[50, 19, 37], [4, 3, 32], [5, 64], [12, 1, 22], [2, 9, 7, 10], [6, 8, 26], [14, 15], [21, 11, 17], [28, 13, 20], [16, 18, 23], [25, 24, 41, 63, 60, 31], [30, 45], [46, 53, 42], [27, 29, 33], [36, 35], [34, 38, 39, 47], [40, 43, 44], [48, 49, 51, 59], [52, 54, 55], [57, 58, 56], [61, 62, 65], [70, 66, 67, 68, 76], [71, 69, 73], [72, 75, 74, 77], [78, 79, 82, 84], [80, 81], [83, 87, 85, 86, 88]]
18: [[50, 19, 37], [4, 3, 32], [5, 64], [12, 1, 22], [2, 9, 7, 10], [6, 8, 26], [14, 15], [21, 11, 17], [28, 13], [20, 16, 18, 23, 25, 24], [41, 63, 60, 31, 30, 27, 29, 51, 46, 34], [40, 38], [43, 36, 39, 44, 35, 57, 33, 45, 42, 62, 48, 55, 47, 52, 54, 49, 53, 56, 59, 58, 61, 65, 70, 66, 67, 68], [76, 71, 69, 73, 72, 75, 74, 77, 78, 79, 82, 84, 80, 81, 83, 87, 85, 86, 88]]
19: [[50, 19, 37], [4, 3, 32], [5, 64], [12, 1, 22, 2], [9, 7, 10], [6, 8, 26], [14, 15, 21, 11], [17, 28, 13], [20, 16, 18], [23, 25, 24, 41, 63, 60], [31, 30], [35, 61, 51], [27, 34, 29, 33], [45, 44, 39, 38], [36, 42], [56, 40, 47, 43], [55, 49], [48, 53, 52], [46, 58, 62], [54, 59], [57, 65], [70, 66, 67], [68, 76, 71, 69], [73, 72, 75, 74], [77, 78, 79], [82, 84, 80], [81, 83, 87], [85, 86, 88]]
20: [[50, 19, 37], [4, 3, 32], [5, 64], [12, 1, 22, 2], [9, 7, 10], [6, 8, 26], [14, 15], [21, 11, 17], [28, 13, 20], [16, 18], [23, 25, 24], [41, 63, 60, 31], [30, 27, 52], [35, 51, 39], [33, 54, 29], [34, 38, 47], [36, 42, 46], [40, 43, 53, 49], [59, 44, 45], [58, 56, 48], [55, 57], [61, 62, 65], [70, 66, 67, 68, 76], [71, 69, 73, 72, 75, 74, 77, 78, 79, 82, 84, 80, 81, 83, 87, 85, 86, 88]]
21: [[50, 19, 37], [4, 3, 32], [5, 64], [12, 1, 22, 2], [9, 7, 10], [6, 8, 26], [14, 15], [21, 11, 17], [28, 13], [20, 16, 18, 23, 25, 24, 41, 63, 60, 31, 30, 27, 45, 29, 56, 39, 42, 35, 33, 38, 34, 36, 46, 40, 48, 44, 43, 47, 51, 49, 55, 52, 53, 57, 54, 58, 59, 62, 61, 65, 70], [66, 67, 68, 76, 71, 69, 73, 72, 75, 74, 77, 78, 79, 82, 84, 80, 81, 83], [87, 85, 86, 88]]
22: [[50, 19, 37], [4, 3, 32], [5, 64, 12], [1, 22, 2], [9, 7, 10], [6, 8, 26], [14, 15], [21, 11, 17], [28, 13], [20, 16, 18], [23, 25, 24], [41, 63, 60], [31, 30], [27, 53], [29, 34, 46, 38], [36, 33, 40], [44, 35, 39, 54], [42, 47, 43, 61], [57, 45, 48, 51], [49, 52, 59], [56, 55], [58, 62, 65, 70], [66, 67, 68], [76, 71, 69], [73, 72, 75, 74], [77, 78], [79, 82, 84], [80, 81, 83], [87, 85, 86, 88]]
23: [[50, 19], [37, 4, 3], [32, 5, 64], [12, 1, 22], [2, 9, 7], [10, 6], [8, 26], [14, 15], [21, 11, 17], [28, 13, 20], [16, 18, 23], [25, 24, 41], [63, 60, 31], [30, 27, 29], [33, 59, 35], [39, 34], [42, 38, 36], [46, 45, 40, 44, 43, 47, 53, 62, 49, 51, 52, 48, 56, 55, 57, 54, 58, 61, 65, 70, 66, 67, 68, 76, 71, 69, 73, 72, 75, 74, 77, 78, 79, 82, 84, 80, 81, 83, 87, 85, 86, 88]]
24: [[50, 19, 37], [4, 3, 32], [5, 64], [12, 1, 22, 2], [9, 7, 10, 6, 8], [26, 14, 15], [21, 11, 17], [28, 13, 20], [16, 18], [23, 25, 24, 41], [63, 60], [31, 30, 39], [45, 29, 27], [38, 33, 42], [46, 40, 34, 47, 36, 35, 56], [43, 44, 48, 49, 53, 51, 52, 55, 54, 57, 58, 62, 61, 59, 65, 70, 66], [67, 68, 76, 71, 69, 73, 72, 75, 74, 77, 78, 79, 82], [84, 80, 81, 83, 87, 85, 86, 88]]
25: [[50, 19, 37], [4, 3, 32], [5, 64], [12, 1, 22], [2, 9, 7, 10], [6, 8, 26], [14, 15], [21, 11, 17], [28, 13, 20], [16, 18, 23, 25], [24, 41, 63], [60, 31, 30, 27, 49, 29, 47, 38], [34, 33, 42, 46, 35, 36, 39, 53, 40, 43, 58, 55, 52, 56, 44, 54, 45, 48, 51, 57, 59, 61, 62, 65, 70, 66, 67, 68, 76, 71, 69, 73, 72, 75, 74, 77, 78, 79, 82, 84, 80, 81, 83, 87, 85, 86, 88]]
26: [[50, 19, 37], [4, 3, 32], [5, 64], [12, 1, 22, 2], [9, 7, 10], [6, 8, 26], [14, 15], [21, 11, 17], [28, 13, 20], [16, 18, 23], [25, 24, 41], [63, 60, 31], [30, 27, 52], [29, 35], [39, 33, 54], [36, 38, 46], [34, 44, 40, 42], [45, 43, 47], [49, 61, 48], [53, 51, 55, 56], [58, 57, 59], [62, 65, 70], [66, 67, 68], [76, 71], [69, 73, 72, 75, 74, 77, 78, 79, 82, 84, 80, 81, 83, 87, 85, 86, 88]]
27: [[50, 19, 37], [4, 3], [32, 5, 64], [12, 1, 22], [2, 9, 7, 10], [6, 8, 26], [14, 15], [21, 11, 17, 28], [13, 20], [16, 18, 23, 25], [24, 41, 63, 60], [31, 30, 43], [27, 51, 59, 38, 29, 34, 39, 42, 35, 46, 33, 36, 40, 45, 44, 47, 62, 48, 49, 54, 55, 52, 53, 56, 57, 58, 61, 65, 70, 66, 67, 68, 76, 71, 69, 73, 72, 75, 74, 77, 78, 79, 82, 84, 80, 81, 83, 87, 85, 86, 88]]
28: [[50, 19, 37], [4, 3, 32], [5, 64], [12, 1, 22], [2, 9, 7, 10], [6, 8, 26], [14, 15], [21, 11, 17], [28, 13, 20], [16, 18, 23], [25, 24, 41], [63, 60, 31, 30], [27, 49, 29], [33, 35], [36, 38, 43, 34], [39, 40, 44, 45], [42, 46, 52], [57, 47, 62, 48, 53, 54, 51, 56, 55, 58, 59, 61, 65, 70, 66, 67, 68, 76, 71, 69, 73, 72, 75, 74, 77, 78, 79, 82, 84, 80, 81, 83, 87, 85, 86, 88]]
29: [[50, 19, 37], [4, 3, 32], [5, 64], [12, 1, 22], [2, 9, 7, 10], [6, 8, 26], [14, 15], [21, 11, 17], [28, 13, 20], [16, 18, 23], [25, 24, 41], [63, 60, 31, 30], [27, 49, 29], [33, 35], [36, 38, 43, 34], [39, 40, 44, 45], [42, 46, 52], [57, 47, 62, 48, 53, 54, 51, 56, 55, 58, 59, 61, 65, 70, 66, 67, 68, 76, 71, 69, 73, 72, 75, 74, 77, 78, 79, 82, 84, 80, 81, 83, 87, 85, 86, 88]]
30: [[50, 19, 37], [4, 3, 32], [5, 64], [12, 1, 22, 2], [9, 7, 10], [6, 8, 26], [14, 15], [21, 11, 17], [28, 13, 20, 16], [18, 23, 25], [24, 41, 63, 60], [31, 30], [29, 49, 61, 33], [47, 35], [27, 34, 36, 42], [39, 38, 46, 40, 43, 58, 44, 53, 52, 55, 54, 45, 51, 56, 57, 48, 59, 62, 65, 70, 66, 67, 68, 76, 71, 69, 73, 72, 75, 74, 77, 78, 79], [82, 84, 80, 81, 83, 87, 85, 86, 88]]
31: [[50, 19, 37], [4, 3, 32], [5, 64], [12, 1], [22, 2], [9, 7, 10], [6, 8, 26, 14], [15, 21, 11, 17], [28, 13, 20], [16, 18], [23, 25, 24], [41, 63, 60], [31, 30, 43], [33, 61, 27], [29, 48, 34], [35, 36, 38], [39, 47, 42, 44], [40, 56, 45, 46], [57, 49], [54, 51, 55, 53], [62, 52, 58, 59], [65, 70, 66], [67, 68, 76, 71], [69, 73, 72, 75], [74, 77], [78, 79, 82], [84, 80, 81], [83, 87, 85], [86, 88]]
32: [[50, 19, 37], [4, 3], [32, 5, 64], [12, 1, 22], [2, 9, 7, 10], [6, 8, 26], [14, 15], [21, 11, 17], [28, 13, 20, 16], [18, 23, 25], [24, 41, 63, 60], [31, 30, 29], [27, 49], [33, 34, 35], [38, 46], [52, 36, 40], [39, 43, 45, 42, 48, 44, 51, 47, 55, 56, 53, 54, 61, 59, 57, 58, 62, 65, 70, 66, 67, 68, 76, 71, 69, 73, 72, 75, 74, 77, 78, 79, 82, 84, 80, 81, 83, 87, 85, 86, 88]]
33: [[50, 19, 37], [4, 3, 32], [5, 64], [12, 1, 22, 2], [9, 7, 10], [6, 8, 26], [14, 15], [21, 11, 17], [28, 13], [20, 16], [18, 23, 25], [24, 41, 63], [60, 31], [30, 27, 29, 56, 39, 35, 33], [42, 58, 40, 34, 36, 44, 45], [43, 46, 38, 48, 47, 51, 52, 53, 49, 54, 61, 55, 57, 59, 62, 65, 70, 66, 67, 68, 76, 71, 69, 73, 72, 75, 74, 77, 78, 79, 82, 84, 80, 81, 83, 87, 85, 86, 88]]
34: [[50, 19, 37], [4, 3, 32], [5, 64], [12, 1, 22, 2], [9, 7, 10], [6, 8], [26, 14, 15], [21, 11, 17, 28], [13, 20, 16, 18, 23, 25, 24], [41, 63, 60, 31, 30, 27, 45, 57, 55, 29, 36, 34, 46, 38], [33, 35, 42, 40, 43, 47, 44, 49, 51, 39], [48, 54, 53, 52, 56, 62, 58, 59], [61, 65, 70, 66, 67, 68, 76, 71, 69, 73, 72, 75, 74, 77], [78, 79, 82, 84, 80, 81, 83, 87, 85, 86, 88]]
35: [[50, 19, 37], [4, 3, 32], [5, 64], [12, 1, 22, 2], [9, 7, 10], [6, 8, 26], [14, 15], [21, 11, 17], [28, 13, 20], [16, 18, 23], [25, 24, 41, 63], [60, 31], [30, 27, 53], [56, 35, 29], [40, 57], [33, 43, 42, 46], [39, 34, 44], [45, 38, 36], [47, 49, 54], [62, 48, 52], [59, 51, 55, 58], [61, 65, 70, 66, 67, 68, 76, 71, 69, 73, 72, 75, 74, 77, 78, 79, 82, 84, 80, 81, 83, 87, 85, 86, 88]]
36: [[50, 19, 37], [4, 3, 32], [5, 64], [12, 1, 22], [2, 9, 7], [10, 6, 8], [26, 14, 15], [21, 11, 17], [28, 13, 20], [16, 18, 23], [25, 24, 41], [63, 60], [31, 30, 43], [53, 36, 27], [38, 51, 49], [35, 29, 39], [44, 34, 40], [33, 42, 47], [46, 48, 55], [52, 54], [45, 56], [58, 57, 59], [62, 61, 65], [70, 66, 67], [68, 76], [71, 69, 73], [72, 75], [74, 77, 78], [79, 82, 84, 80], [81, 83, 87, 85], [86, 88]]
37: [[50, 19, 37], [4, 3, 32], [5, 64], [12, 1, 22], [2, 9, 7, 10], [6, 8, 26], [14, 15], [21, 11, 17], [28, 13, 20], [16, 18, 23, 25, 24, 41, 63, 60, 31, 30, 27, 29, 53, 33, 59, 34, 35, 45, 44, 36, 39, 46, 43, 38, 47, 40, 42, 48, 49, 52, 54, 55, 51, 57, 58, 56, 61, 62, 65, 70, 66, 67, 68, 76, 71, 69, 73, 72, 75, 74, 77, 78, 79, 82, 84, 80, 81, 83, 87, 85, 86, 88]]
38: [[50, 19, 37], [4, 3, 32], [5, 64], [12, 1, 22], [2, 9, 7, 10], [6, 8, 26], [14, 15], [21, 11, 17], [28, 13, 20], [16, 18, 23], [25, 24, 41, 63], [60, 31], [30, 43], [53, 29, 42], [51, 34, 27], [35, 36, 44], [47, 39, 38, 40], [46, 33, 48, 52], [45, 56, 54, 49], [57, 58, 55, 59], [62, 61, 65, 70], [66, 67, 68], [76, 71], [69, 73, 72], [75, 74, 77], [78, 79, 82, 84, 80, 81], [83, 87, 85], [86, 88]]
39: [[50, 19, 37], [4, 3, 32], [5, 64], [12, 1, 22], [2, 9, 7, 10], [6, 8, 26], [14, 15], [21, 11, 17], [28, 13, 20], [16, 18, 23], [25, 24, 41, 63], [60, 31, 30, 27, 53, 56], [29, 36, 33, 42, 34, 40, 38, 46, 39, 43, 57, 35, 44, 45, 51, 47, 62, 52, 49, 48, 61, 55, 59, 54, 58, 65, 70, 66, 67, 68, 76, 71, 69, 73, 72, 75, 74, 77, 78, 79, 82, 84, 80, 81], [83, 87, 85, 86, 88]]
40: [[50, 19, 37], [4, 3, 32], [5, 64], [12, 1, 22, 2], [9, 7, 10], [6, 8], [26, 14, 15, 21], [11, 17], [28, 13, 20], [16, 18], [23, 25, 24], [41, 63, 60], [31, 30, 27], [53, 29, 33], [36, 35, 38], [34, 44, 39, 40, 43, 42, 45, 46, 54, 55, 47, 51, 48, 59, 52, 49, 56, 62, 57, 61, 58, 65], [70, 66, 67, 68, 76], [71, 69, 73, 72, 75, 74, 77, 78, 79, 82, 84, 80, 81, 83, 87, 85], [86, 88]]
41: [[50, 19, 37], [4, 3, 32], [5, 64], [12, 1, 22], [2, 9, 7, 10], [6, 8, 26], [14, 15], [21, 11, 17], [28, 13], [20, 16, 18], [23, 25, 24, 41, 63, 60, 31, 30, 29, 27, 51, 33, 34, 45, 38, 46, 56, 36, 42, 47, 43, 40, 44, 53, 62, 49, 39, 35, 52, 61, 48, 54, 55, 57, 58, 59, 65, 70, 66, 67, 68, 76, 71, 69, 73, 72, 75, 74, 77, 78, 79, 82, 84, 80, 81, 83, 87, 85, 86, 88]]
42: [[50, 19, 37], [4, 3, 32], [5, 64], [12, 1, 22], [2, 9, 7, 10], [6, 8, 26], [14, 15], [21, 11, 17], [28, 13, 20], [16, 18, 23], [25, 24, 41, 63, 60, 31], [30, 45], [46, 53, 51], [33, 29, 27], [39, 36], [42, 34, 38, 43], [35, 40, 58], [44, 54, 47], [48, 49, 52], [55, 56, 61, 57, 59, 62, 65, 70, 66], [67, 68, 76, 71, 69, 73, 72, 75, 74, 77, 78, 79, 82, 84, 80, 81, 83, 87, 85, 86, 88]]
43: [[50, 19, 37], [4, 3, 32], [5, 64], [12, 1, 22], [2, 9, 7], [10, 6, 8], [26, 14, 15], [21, 11, 17], [28, 13, 20], [16, 18], [23, 25, 24], [41, 63, 60], [31, 30, 45], [27, 57, 42], [35, 29, 33], [36, 38], [34, 39, 40], [49, 43, 46], [44, 47, 48], [58, 61, 51], [54, 55], [53, 52, 59], [56, 62, 65], [70, 66, 67], [68], [76, 71], [69, 73], [72, 75, 74], [77, 78, 79], [82, 84, 80], [81, 83, 87, 85], [86, 88]]
44: [[50, 19, 37], [4, 3, 32], [5, 64], [12, 1, 22], [2, 9, 7, 10], [6, 8, 26], [14, 15, 21], [11, 17, 28], [13, 20, 16], [18, 23, 25, 24, 41, 63, 60], [31, 30, 27, 29, 33], [40, 51, 39, 44, 42, 34, 35, 38, 46, 36], [56, 45, 43], [47, 53, 48], [58, 59, 54], [52, 49, 57], [55, 62, 61], [65, 70, 66, 67, 68, 76, 71, 69, 73, 72, 75, 74], [77, 78], [79, 82, 84, 80, 81, 83, 87, 85, 86, 88]]
45: [[50, 19, 37], [4, 3], [32, 5, 64], [12, 1, 22], [2, 9, 7, 10], [6, 8, 26], [14, 15], [21, 11, 17], [28, 13, 20, 16], [18, 23, 25], [24, 41, 63, 60], [31, 30], [27, 39, 57], [33, 34], [29, 51, 36], [35, 38], [56, 40, 43, 45], [42, 44, 52], [48, 46], [47, 54, 53, 55, 59, 49, 61, 58, 62, 65, 70], [66, 67, 68, 76, 71, 69, 73, 72, 75, 74, 77, 78, 79, 82, 84, 80, 81, 83, 87, 85, 86, 88]]
46: [[50, 19, 37], [4, 3, 32], [5, 64], [12, 1, 22], [2, 9, 7], [10, 6], [8, 26, 14], [15, 21, 11], [17, 28, 13], [20, 16, 18], [23, 25, 24], [41, 63, 60], [31, 30, 29], [54, 61], [34, 33, 27], [35, 38, 36], [39, 47, 40], [44, 57], [56, 45, 53], [46, 42, 43], [49, 51, 52], [55, 58, 48, 59], [62, 65], [70, 66, 67], [68, 76, 71], [69, 73, 72], [75, 74, 77, 78], [79, 82], [84, 80, 81], [83, 87], [85, 86, 88]]
47: [[50, 19, 37], [4, 3, 32], [5, 64], [12, 1, 22, 2], [9, 7, 10], [6, 8], [26, 14, 15], [21, 11, 17], [28, 13, 20], [16, 18, 23], [25, 24, 41], [63, 60, 31], [30, 27, 52], [57, 29, 53], [33, 36, 34], [38, 39, 35], [42, 44, 47, 40, 54, 43, 45, 56, 49], [46, 61, 58, 48, 62, 51, 55, 59, 65, 70, 66, 67, 68, 76, 71, 69, 73, 72, 75, 74, 77, 78, 79, 82, 84, 80, 81, 83, 87, 85, 86, 88]]
48: [[50, 19, 37], [4, 3], [32, 5, 64], [12, 1, 22], [2, 9, 7, 10], [6, 8, 26], [14, 15], [21, 11, 17], [28, 13, 20, 16], [18, 23, 25], [24, 41, 63], [60, 31, 30], [27, 47, 49, 51, 34, 29, 33, 39, 36], [46, 56, 35, 38, 43, 42, 40, 45, 48, 44, 61, 53, 52, 54, 55, 57, 59, 58, 62, 65, 70, 66, 67, 68, 76, 71, 69, 73, 72, 75, 74, 77, 78, 79, 82, 84, 80, 81, 83, 87, 85, 86, 88]]
49: [[50, 19, 37], [4, 3], [32, 5, 64], [12, 1, 22], [2, 9, 7, 10], [6, 8, 26], [14, 15], [21, 11, 17], [28, 13, 20, 16], [18, 23, 25], [24, 41, 63], [60, 31, 30], [27, 47, 49, 51, 34, 29, 33, 39, 36], [46, 56, 35, 38, 43, 42, 40, 45, 48, 44, 61, 53, 52, 54, 55, 57, 59, 58, 62, 65, 70, 66, 67, 68, 76, 71, 69, 73, 72, 75, 74, 77, 78, 79, 82, 84, 80, 81, 83, 87, 85, 86, 88]]
50: [[50, 19, 37], [4, 3, 32], [5, 64], [12, 1, 22], [2, 9], [7, 10, 6, 8], [26, 14, 15], [21, 11, 17], [28, 13, 20], [16, 18, 23], [25, 24, 41], [63, 60, 31], [30, 33, 53, 27], [40, 38, 29, 34], [35, 36], [61, 39, 43], [45, 56, 55], [42, 46, 47, 48], [49, 59, 51], [52, 44, 54], [58, 57], [62, 65, 70], [66, 67, 68], [76, 71, 69], [73, 72, 75, 74], [77, 78], [79, 82, 84, 80], [81, 83, 87, 85], [86, 88]]
51: [[50, 19, 37], [4, 3], [32, 5, 64], [12, 1, 22], [2, 9, 7, 10], [6, 8, 26], [14, 15, 21], [11, 17], [28, 13, 20], [16, 18, 23], [25, 24, 41, 63, 60, 31], [30, 27, 39, 29, 46, 34, 42, 33, 43, 36], [38, 44], [35, 57, 40, 45, 47, 48, 52, 58, 49, 54, 51, 56, 53, 55, 59, 62, 61, 65, 70, 66, 67, 68, 76, 71, 69, 73, 72, 75, 74, 77, 78, 79, 82, 84, 80, 81, 83, 87, 85, 86, 88]]
52: [[50, 19, 37], [4, 3, 32], [5, 64], [12, 1], [22, 2, 9], [7, 10, 6], [8, 26, 14], [15, 21, 11, 17], [28, 13, 20], [16, 18, 23, 25], [24, 41, 63, 60], [31, 30, 43], [27, 29, 33], [34, 35, 39], [38, 42, 45], [44, 36, 46], [40, 47, 52], [49, 54, 53], [51, 48, 57, 55], [56, 59, 62, 58], [61, 65, 70, 66], [67, 68, 76, 71], [69, 73], [72, 75, 74], [77, 78, 79, 82], [84, 80], [81, 83, 87, 85], [86, 88]]
53: [[50, 19, 37], [4, 3, 32], [5, 64], [12, 1, 22], [2, 9, 7, 10], [6, 8, 26], [14, 15], [21, 11, 17], [28, 13, 20], [16, 23], [18, 25, 24], [41, 63], [60, 31], [30, 33, 53], [27, 42, 34, 29], [35, 39], [44, 62], [36, 38], [40, 43, 55], [45, 47], [46, 54, 48], [57, 51], [49, 52, 61], [56, 58, 59], [65, 70, 66, 67], [68, 76, 71], [69, 73, 72], [75, 74], [77, 78, 79, 82], [84, 80], [81, 83], [87, 85, 86, 88]]
54: [[50, 19, 37], [4, 3, 32], [5, 64], [12, 1, 22], [2, 9, 7], [10, 6, 8], [26, 14, 15], [21, 11, 17], [28, 13], [20, 16, 18], [23, 25, 24], [41, 63, 60], [31, 30, 45], [27, 53], [35, 36, 29, 44], [33, 34, 40, 47], [46, 38, 39], [42, 52], [49, 61, 55, 51], [48, 56, 43, 57], [54, 58, 59, 62], [65, 70, 66], [67, 68, 76], [71, 69, 73], [72, 75, 74, 77], [78, 79], [82, 84, 80], [81, 83], [87, 85, 86, 88]]
55: [[50, 19, 37], [4, 3, 32], [5, 64], [12, 1, 22], [2, 9, 7, 10], [6, 8, 26], [14, 15], [21, 11, 17], [28, 13, 20], [16, 18, 23], [25, 24, 41, 63], [60, 31], [30, 27], [52, 29, 34], [33, 39, 43], [35, 38, 40, 46, 42, 36, 47, 44, 45, 49, 48, 51], [58, 55, 53, 54, 62, 56, 57, 59, 61, 65, 70, 66, 67, 68, 76, 71, 69, 73, 72, 75], [74, 77, 78, 79, 82, 84, 80, 81, 83, 87], [85, 86, 88]]
56: [[50, 19, 37], [4, 3, 32], [5, 64], [12, 1, 22], [2, 9, 7, 10], [6, 8, 26], [14, 15], [21, 11, 17], [28, 13, 20], [16, 18, 23, 25], [24, 41, 63], [60, 31, 30], [27, 61], [33, 46, 29], [35, 34, 43], [38, 36, 44, 39, 57, 40], [45, 47], [49, 52, 42], [48, 54, 55], [56, 53, 51, 59, 58, 62, 65, 70], [66, 67, 68, 76, 71, 69, 73], [72, 75, 74, 77, 78, 79, 82, 84, 80, 81, 83, 87, 85, 86, 88]]
57: [[50, 19, 37], [4, 3, 32], [5, 64], [12, 1, 22, 2], [9, 7, 10], [6, 8, 26], [14, 15, 21], [11, 17, 28, 13], [20, 16, 18], [23, 25, 24], [41, 63], [60, 31, 30], [35, 57], [61, 27], [34, 39, 29, 42, 38, 43, 33, 36], [46, 40, 44, 45, 47, 56, 55, 51, 54, 48, 49, 52, 53, 58, 59, 62], [65, 70, 66, 67, 68, 76, 71, 69, 73, 72, 75, 74, 77, 78, 79, 82, 84, 80, 81, 83, 87, 85, 86, 88]]
58: [[50, 19, 37], [4, 3, 32], [5, 64], [12, 1, 22, 2], [9, 7, 10], [6, 8, 26], [14, 15, 21], [11, 17, 28], [13, 20, 16, 18, 23], [25, 24, 41], [63, 60, 31, 30], [27, 29, 39, 38], [36, 61], [33, 42, 35, 34, 45], [46, 47, 40, 43, 44, 48, 49, 51, 54, 53, 55, 52, 57, 59, 56, 58, 62, 65, 70, 66, 67, 68, 76, 71, 69, 73, 72, 75, 74, 77, 78, 79, 82, 84, 80, 81, 83, 87, 85, 86, 88]]
59: [[50, 19, 37], [4, 3, 32], [5, 64], [12, 1, 22], [2, 9, 7], [10, 6, 8], [26, 14, 15], [21, 11, 17], [28, 13, 20], [16, 18, 23], [25, 24], [41, 63, 60], [31, 30, 45, 27], [49, 33], [38, 34, 40, 29], [35, 39, 46, 36], [44, 42, 43, 47, 48, 53, 55, 51, 54, 56, 52, 59, 57], [62, 58, 61, 65, 70, 66, 67, 68], [76, 71, 69, 73, 72, 75, 74, 77, 78, 79, 82, 84, 80, 81, 83, 87, 85], [86, 88]]
60: [[50, 19, 37], [4, 3, 32], [5, 64], [12, 1, 22], [2, 9, 7], [10, 6, 8], [26, 14, 15], [21, 11, 17], [28, 13, 20], [16, 18, 23], [25, 24], [41, 63, 60], [31, 30, 45, 27], [49, 33], [38, 34, 40, 29], [35, 39, 46, 36], [44, 42, 43, 47, 48, 53, 55, 51, 54, 56, 52, 59, 57], [62, 58, 61, 65, 70, 66, 67, 68], [76, 71, 69, 73, 72, 75, 74, 77, 78, 79, 82, 84, 80, 81, 83, 87, 85], [86, 88]]
61: [[50, 19, 37], [4, 3, 32], [5, 64], [12, 1, 22], [2, 9, 7, 10], [6, 8, 26], [14, 15, 21], [11, 17, 28], [13, 20, 16, 18, 23, 25, 24, 41, 63], [60, 31, 30, 27, 57, 29, 51, 53, 33, 35, 34, 54, 38, 42, 44, 36, 43, 46, 40, 39, 45, 59, 49, 47, 48, 61, 58, 52, 55, 56, 62, 65, 70, 66, 67, 68, 76, 71, 69, 73, 72, 75, 74], [77, 78, 79, 82, 84, 80, 81, 83, 87, 85, 86, 88]]
62: [[50, 19, 37], [4, 3], [32, 5, 64], [12, 1, 22], [2, 9, 7], [10, 6, 8, 26], [14, 15, 21], [11, 17, 28, 13], [20, 16, 18], [23, 25, 24], [41, 63, 60], [31, 30, 43], [52, 29, 51], [38, 39, 27], [34, 33, 35], [40, 45, 46], [47, 42, 36], [44, 56, 53], [48, 55], [58, 49, 62], [54, 57, 59], [61, 65, 70, 66], [67, 68, 76], [71, 69, 73], [72, 75, 74, 77], [78, 79, 82, 84, 80, 81, 83, 87], [85, 86, 88]]
63: [[50, 19, 37], [4, 3, 32], [5, 64], [12, 1, 22], [2, 9, 7, 10], [6, 8, 26], [14, 15, 21], [11, 17, 28], [13, 20, 16, 18, 23, 25, 24, 41, 63], [60, 31, 30, 27, 57, 29, 51, 53, 33, 35, 34, 54, 38, 42, 44, 36, 43, 46, 40, 39, 45, 59, 49, 47, 48, 61, 58, 52, 55, 56, 62, 65, 70, 66, 67, 68, 76, 71, 69, 73, 72, 75, 74], [77, 78, 79, 82, 84, 80, 81, 83, 87, 85, 86, 88]]
64: [[50, 19, 37], [4, 3, 32], [5, 64], [12, 1, 22, 2], [9, 7, 10, 6, 8], [26, 14, 15], [21, 11, 17], [28, 13, 20], [16, 18], [23, 25, 24], [41, 63], [60, 31, 30, 27, 53, 29, 34], [35, 36, 58, 46, 40, 38, 33], [45, 42, 43, 47, 44, 51, 56, 49, 39, 52, 55, 54, 57, 48, 62, 59, 61, 65, 70, 66, 67, 68, 76, 71, 69, 73, 72, 75, 74, 77, 78, 79, 82, 84, 80, 81, 83, 87, 85, 86, 88]]
65: [[50, 19, 37], [4, 3, 32], [5, 64], [12, 1, 22, 2], [9, 7, 10], [6, 8, 26], [14, 15], [21, 11, 17], [28, 13, 20, 16], [18, 23, 25], [24, 41, 63], [60, 31, 30, 43], [29, 45, 61], [36, 39, 33, 35], [34, 27, 38], [46, 42, 44], [47, 40, 54, 53], [56, 49], [48, 51, 55], [52, 58], [57, 59, 62], [65, 70, 66], [67, 68, 76, 71, 69, 73, 72, 75, 74, 77, 78, 79, 82, 84, 80], [81, 83, 87, 85, 86, 88]]
66: [[50, 19, 37], [4, 3, 32], [5, 64, 12], [1, 22], [2, 9, 7, 10], [6, 8, 26], [14, 15, 21], [11, 17], [28, 13, 20], [16, 18, 23], [25, 24, 41], [63, 60, 31], [30, 29, 27], [55, 43, 35], [45, 34], [44, 57, 39, 36], [38, 42, 54], [40, 53, 46], [33, 47], [51, 48, 61], [49, 52, 56], [62, 58, 59], [65, 70], [66, 67, 68], [76, 71, 69], [73, 72, 75], [74, 77, 78, 79], [82, 84, 80], [81, 83, 87], [85, 86, 88]]
67: [[50, 19, 37], [4, 3, 32], [5, 64], [12, 1, 22, 2], [9, 7, 10], [6, 8, 26], [14, 15], [21, 11, 17, 28, 13, 20, 16, 18, 23, 25, 24, 41, 63], [60, 31, 30], [27, 29], [53, 42, 34], [35, 33, 39], [36, 38, 44, 45, 43, 40], [46, 47, 48, 54, 49, 52, 57, 62, 55, 56], [51, 59], [61, 58, 65, 70, 66, 67, 68, 76, 71, 69, 73, 72, 75, 74, 77, 78, 79, 82, 84, 80, 81, 83, 87, 85, 86, 88]]
68: [[50, 19, 37], [4, 3, 32], [5, 64], [12, 1, 22], [2, 9, 7, 10], [6, 8, 26], [14, 15], [21, 11, 17], [28, 13, 20], [16, 18, 23, 25], [24, 41, 63], [60, 31, 30], [29, 27], [53, 33, 34], [47, 35, 46], [56, 36, 42], [38, 43, 40, 44, 55, 49, 39, 51, 48, 52, 45, 54, 59, 62, 57, 61, 58, 65, 70, 66, 67, 68, 76, 71, 69, 73, 72, 75, 74, 77, 78, 79, 82, 84, 80, 81, 83, 87, 85, 86, 88]]
69: [[50, 19, 37], [4, 3, 32], [5, 64], [12, 1, 22], [2, 9, 7], [10, 6, 8], [26, 14, 15], [21, 11, 17], [28, 13, 20], [16, 18], [23, 25, 24], [41, 63], [60, 31, 30], [27, 29, 45], [35, 43], [34, 33, 38], [36, 42, 40], [39, 44], [46, 47], [49, 54, 52, 48], [59, 53], [55, 51, 58], [57, 56, 62], [61, 65], [70, 66], [67, 68, 76, 71], [69, 73, 72, 75], [74, 77, 78], [79, 82, 84], [80, 81, 83], [87, 85, 86, 88]]
70: [[50, 19, 37], [4, 3, 32], [5, 64], [12, 1, 22, 2], [9, 7, 10], [6, 8, 26], [14, 15, 21], [11, 17, 28, 13], [20, 16, 18], [23, 25, 24], [41, 63, 60, 31], [30, 45, 29, 61, 34, 38], [27, 35, 43, 39, 40, 33, 42, 44, 36], [46, 49, 47, 56, 55, 51, 48, 52, 54, 57, 53, 58, 59, 62, 65, 70, 66], [67, 68, 76, 71, 69, 73, 72, 75, 74, 77, 78, 79, 82, 84, 80, 81, 83, 87, 85, 86, 88]]
71: [[50, 19, 37], [4, 3, 32], [5, 64], [12, 1, 22, 2], [9, 7, 10], [6, 8, 26], [14, 15], [21, 11, 17], [28, 13, 20, 16], [18, 23, 25], [24, 41, 63], [60, 31, 30, 43], [27, 53], [35, 38, 33, 29], [45, 34, 44, 40, 36], [39, 42, 47], [52, 61, 46, 54], [48, 49, 51, 55], [57, 58, 56, 59], [62, 65, 70, 66, 67, 68, 76, 71, 69, 73], [72, 75, 74, 77, 78, 79, 82, 84, 80, 81, 83, 87, 85, 86, 88]]
72: [[50, 19], [37, 4, 3], [32, 5, 64], [12, 1, 22], [2, 9], [7, 10], [6, 8], [26, 14, 15], [21, 11, 17], [28, 13, 20], [16, 18, 23], [25, 24], [41, 63, 60], [31, 30, 27], [53, 45, 29], [33, 47, 34], [38, 46, 39], [36, 42, 35], [54, 40], [44, 43], [62, 49, 48], [51, 52, 58], [55, 61, 59], [57, 56, 65], [70, 66, 67], [68, 76, 71], [69, 73, 72], [75, 74, 77], [78, 79, 82], [84, 80, 81, 83], [87, 85, 86, 88]]
73: [[50, 19, 37], [4, 3, 32], [5, 64], [12, 1, 22, 2], [9, 7, 10], [6, 8, 26], [14, 15, 21], [11, 17, 28, 13], [20, 16, 18, 23, 25, 24, 41, 63, 60, 31, 30, 27, 51, 61, 35, 46, 33], [29, 34, 47, 36, 52, 40, 38, 44, 39, 57, 42, 58, 49, 43, 53, 54, 55, 62, 56, 45, 48, 59, 65, 70, 66, 67, 68, 76, 71, 69, 73, 72, 75, 74, 77, 78, 79, 82, 84, 80, 81, 83, 87, 85, 86, 88]]
74: [[50, 19, 37], [4, 3, 32], [5, 64], [12, 1, 22, 2], [9, 7], [10, 6, 8], [26, 14], [15, 21, 11], [17, 28, 13], [20, 16, 18], [23, 25, 24], [41, 63, 60], [31, 30, 27], [53, 35, 51], [33, 39], [34, 38], [42, 36, 46, 29], [43, 62], [44, 40, 47, 61], [45, 49, 55, 48], [52, 54, 59], [57, 56, 58, 65, 70, 66, 67, 68, 76, 71, 69, 73, 72, 75, 74, 77, 78, 79, 82, 84, 80, 81, 83, 87, 85, 86, 88]]
75: [[50, 19, 37], [4, 3, 32], [5, 64], [12, 1, 22], [2, 9, 7, 10], [6, 8, 26], [14, 15], [21, 11, 17], [28, 13, 20], [16, 18], [23, 25, 24, 41], [63, 60, 31], [30, 27, 29], [57, 39], [33, 36, 38], [43, 34], [47, 40, 44, 42], [46, 45], [49, 61, 35], [52, 51, 53], [54, 48], [58, 55, 56, 59, 62, 65, 70, 66], [67, 68], [76, 71, 69, 73], [72, 75, 74], [77, 78, 79], [82, 84, 80, 81], [83, 87], [85, 86, 88]]
76: [[50, 19, 37], [4, 3, 32], [5, 64], [12, 1, 22], [2, 9, 7], [10, 6, 8], [26, 14, 15], [21, 11, 17], [28, 13, 20], [16, 18, 23, 25], [24, 41, 63, 60, 31, 30, 27, 52, 61, 35, 34, 42, 29, 40, 47, 33, 46, 39, 36, 38, 44, 43, 45, 58, 51, 62, 48, 54, 49, 53, 57, 55, 56, 59, 65, 70, 66, 67, 68, 76, 71, 69, 73, 72, 75, 74, 77, 78, 79, 82, 84, 80, 81, 83, 87, 85, 86, 88]]
77: [[50, 19, 37], [4, 3, 32], [5, 64], [12, 1, 22, 2], [9, 7, 10], [6, 8, 26], [14, 15, 21], [11, 17, 28, 13], [20, 16, 18, 23, 25, 24, 41, 63, 60, 31, 30, 27, 51, 61, 29], [38, 33, 35, 34, 47, 36, 52, 40, 42, 44, 45, 43, 46, 39, 49, 48, 53, 54, 55, 58, 57, 59, 62, 56, 65, 70, 66, 67, 68, 76, 71, 69, 73, 72, 75, 74, 77, 78, 79, 82, 84, 80, 81, 83, 87, 85, 86, 88]]
78: [[50, 19, 37], [4, 3, 32], [5, 64], [12, 1, 22], [2, 9, 7, 10], [6, 8, 26], [14, 15], [21, 11, 17], [28, 13, 20, 16], [18, 23, 25], [24, 41, 63], [60, 31, 30], [27, 29, 33], [43, 38, 35], [34, 36, 52], [40, 48, 39], [44, 42, 47], [49, 45, 57, 53], [46, 51], [55, 54, 62], [56, 61, 58], [59, 65, 70, 66], [67, 68, 76], [71, 69, 73], [72, 75, 74, 77], [78, 79, 82], [84, 80, 81], [83, 87, 85], [86, 88]]
79: [[50, 19, 37], [4, 3, 32], [5, 64], [12, 1, 22], [2, 9, 7, 10], [6, 8, 26], [14, 15], [21, 11, 17], [28, 13, 20], [16, 18], [23, 25, 24], [41, 63], [60, 31], [30, 27, 45], [56, 58, 34, 36], [29, 55], [40, 42], [33, 38], [35, 43, 39], [62, 44], [47, 53, 48, 52, 51, 54, 46, 61, 59, 49, 57, 65, 70, 66, 67, 68, 76], [71, 69, 73], [72, 75, 74, 77, 78, 79, 82, 84, 80, 81, 83, 87, 85, 86, 88]]
80: [[50, 19, 37], [4, 3, 32], [5, 64], [12, 1, 22], [2, 9, 7], [10, 6, 8, 26], [14, 15, 21], [11, 17, 28], [13, 20], [16, 18, 23], [25, 24], [41, 63, 60], [31, 30, 29], [49, 45, 27], [38, 51, 33], [39, 35, 34], [36, 42], [40, 46, 43, 44], [47, 48, 52], [55, 53, 54], [56, 57, 59], [61, 58, 62], [65, 70, 66], [67, 68, 76, 71], [69, 73, 72, 75, 74, 77, 78, 79, 82], [84, 80, 81, 83, 87, 85, 86, 88]]
81: [[50, 19, 37], [4, 3, 32], [5, 64], [12, 1, 22], [2, 9, 7], [10, 6, 8], [26, 14, 15], [21, 11, 17], [28, 13], [20, 16, 18, 23, 25, 24, 41, 63, 60, 31, 30, 43, 27, 29, 33, 38, 34, 55, 40, 36, 44, 45, 46, 47, 53, 49, 56, 42, 51, 52, 35, 39, 54, 58, 48, 59, 57, 61, 62, 65, 70, 66, 67, 68, 76, 71, 69, 73, 72, 75, 74, 77, 78, 79, 82, 84, 80, 81, 83, 87, 85, 86, 88]]
82: [[50, 19, 37], [4, 3, 32], [5, 64], [12, 1], [22, 2, 9], [7, 10], [6, 8, 26], [14, 15, 21], [11, 17], [28, 13], [20, 16, 18], [23, 25, 24], [41, 63, 60], [31, 30, 29], [49, 52, 38], [27, 59, 34], [40, 33, 43], [42, 35, 36], [44, 45, 58], [39, 46], [47, 55, 53, 51], [48, 62, 57], [54, 56, 61], [65, 70, 66, 67], [68, 76], [71, 69, 73, 72], [75, 74, 77, 78], [79, 82, 84], [80, 81, 83, 87], [85, 86, 88]]
83: [[50, 19, 37], [4, 3], [32, 5, 64], [12, 1, 22], [2, 9, 7], [10, 6, 8, 26], [14, 15, 21], [11, 17, 28, 13], [20, 16, 18], [23, 25, 24], [41, 63, 60], [31, 30, 27], [52, 29, 33], [39, 35, 38], [34, 36, 42], [48, 45, 44], [46, 47, 53], [43, 57, 61], [40, 55], [49, 54, 62], [56, 51, 58], [59, 65, 70, 66], [67, 68, 76], [71, 69, 73], [72, 75, 74, 77], [78, 79, 82], [84, 80, 81], [83, 87, 85], [86, 88]]
84: [[50, 19, 37], [4, 3, 32], [5, 64], [12, 1, 22], [2, 9, 7, 10], [6, 8, 26], [14, 15, 21], [11, 17, 28], [13, 20, 16], [18, 31, 25], [24, 41], [63, 60, 23], [30, 43, 53], [56, 27], [29, 38, 42, 58, 34, 46, 33], [35, 40, 59, 39, 36, 44, 45], [48, 47, 54, 49, 52, 61, 51, 55, 62, 57, 65, 70, 66, 67, 68, 76, 71, 69, 73, 72, 75, 74, 77, 78, 79, 82, 84, 80, 81, 83, 87, 85, 86, 88]]
85: [[50, 19, 37], [4, 3, 32], [5, 64], [12, 1, 22], [2, 9, 7], [10, 6, 8], [26, 14], [15, 21, 11], [17, 28, 13], [20, 16, 18], [23, 25, 24], [41, 63], [60, 31, 30, 43], [29, 27], [34, 38, 39], [33, 35, 42], [44, 40, 36], [46, 52, 47, 45], [48, 61, 49], [51, 53], [62, 55, 58, 56], [54, 57, 59, 65], [70, 66, 67, 68], [76, 71, 69], [73, 72, 75], [74, 77, 78], [79, 82, 84, 80, 81, 83, 87, 85, 86, 88]]
86: [[50, 19, 37], [4, 3, 32], [5, 64], [12, 1, 22, 2], [9, 7], [10, 6], [8, 26, 14], [15, 21, 11, 17], [28, 13, 20], [16, 18, 31], [25, 24], [41, 63, 60, 23, 30, 43, 33, 29, 35, 27], [36, 34, 38, 39, 40, 46, 42, 44, 47, 45, 56, 59, 48, 49, 58, 55, 52, 54, 53, 51, 61, 57, 62, 65, 70, 66, 67, 68, 76], [71, 69, 73, 72, 75, 74, 77, 78, 79, 82, 84, 80, 81, 83, 87, 85, 86, 88]]
87: [[50, 19, 37], [4, 3, 32], [5, 64], [12, 1, 22], [2, 9, 7], [10, 6, 8, 26], [14, 15, 21], [11, 17, 28, 13], [20, 16, 18, 23, 25, 24], [41, 63, 60, 31, 30, 43, 29, 34, 27], [38, 33, 39, 35, 36, 46, 40, 42, 47, 45, 44, 49, 52, 55, 51, 53, 48, 56, 57, 58, 59, 54, 62, 61, 65, 70, 66, 67, 68, 76, 71, 69, 73, 72, 75, 74, 77, 78, 79, 82, 84, 80, 81, 83, 87, 85, 86, 88]]
88: [[50, 19, 37], [4, 3, 32], [5, 64], [12, 1, 22, 2], [9, 7, 10], [6, 8, 26, 14], [15, 21, 11], [17, 28], [13, 20, 16], [18, 23, 25, 24], [41, 63, 60], [31, 30, 35], [61, 53], [43, 34, 39], [27, 46, 56], [33, 29, 38, 36], [40, 42, 44], [45, 48], [52, 47, 55], [51, 49], [54, 62], [57, 58, 59, 65, 70, 66, 67, 68], [76, 71, 69, 73, 72, 75, 74, 77, 78, 79, 82, 84, 80, 81, 83, 87], [85, 86, 88]]
89: [[50, 19, 37], [4, 3], [32, 5, 64], [12, 1, 22], [2, 9, 7, 10], [6, 8, 26], [14, 15], [21, 11], [17, 28, 13, 20, 16, 18, 23, 25, 24, 41, 63, 60, 31, 30, 27, 39, 36, 29, 33, 53, 35, 46, 38, 34, 43, 44, 40, 42, 45, 56, 57, 54, 47, 49, 48, 51, 52, 55, 59, 61, 58, 62, 65, 70, 66, 67, 68, 76, 71, 69, 73, 72, 75, 74, 77, 78, 79, 82, 84, 80, 81, 83, 87, 85, 86, 88]]
90: [[50, 19, 37], [4, 3, 32], [5, 64], [12, 1, 22], [2, 9, 7, 10], [6, 8, 26], [14, 15, 21], [11, 17, 28], [13, 20], [16, 18], [23, 25, 24, 41, 63, 60, 27, 30], [43, 31, 33, 35, 36, 38, 34, 39, 44, 29, 46, 42, 47, 56, 55, 40, 45, 49, 48, 58, 57, 53, 52, 54, 51, 62, 59, 61, 65, 70, 66, 67, 68, 76, 71, 69, 73, 72, 75, 74, 77, 78, 79, 82, 84, 80, 81, 83, 87, 85, 86, 88]]
91: [[50, 19, 37], [4, 3, 32], [5, 64], [12, 1, 22], [2, 9, 7, 10], [6, 8, 26], [14, 15], [21, 11, 17], [28, 13, 20], [16, 18, 23], [25, 24, 41], [63, 60, 31, 30], [27, 45, 29], [35, 34, 38, 36], [33, 40, 39, 44], [56, 43, 46], [42, 55], [61, 47, 59], [49, 48, 54], [53, 58, 51], [52, 57], [62, 65, 70, 66, 67, 68, 76, 71, 69, 73, 72, 75, 74, 77, 78, 79, 82, 84, 80, 81, 83, 87, 85, 86, 88]]
92: [[50, 19, 37], [4, 3, 32], [5, 64], [12, 1, 22], [2, 9, 7], [10, 6, 8], [26, 14, 15], [21, 11, 17], [28, 13, 20], [16, 18, 23], [25, 24, 41], [63, 60], [31, 30, 27], [55, 29, 59], [38, 33, 51], [35, 44, 39], [40, 34, 36], [49, 42, 43], [46, 48, 45], [52, 54, 47], [57, 58, 56], [53, 62, 61], [65, 70, 66], [67, 68, 76, 71, 69, 73, 72, 75, 74, 77], [78, 79, 82, 84, 80, 81, 83, 87], [85, 86, 88]]
93: [[50, 19, 37], [4, 3, 32], [5, 64], [12, 1, 22, 2], [9, 7, 10, 6, 8], [26, 14, 15], [21, 11, 17], [28, 13, 20], [16, 18, 23], [25, 24, 41], [63, 60, 31], [30, 27, 45], [29, 35, 36], [33, 39, 34], [44, 38, 46], [40, 42, 43], [47, 51, 52, 55, 48, 57, 54, 53, 58], [49, 56, 62, 59, 61, 65, 70, 66, 67, 68, 76, 71, 69, 73, 72, 75, 74, 77, 78, 79, 82, 84, 80, 81, 83, 87, 85, 86, 88]]
94: [[50, 19, 37], [4, 3, 32], [5, 64], [12, 1, 22], [2, 9, 7, 10], [6, 8, 26], [14, 15, 21], [11, 17, 28], [13, 20], [16, 18, 23], [25, 24], [41, 63, 60, 31], [30, 43, 53], [44, 29, 38], [52, 33, 27], [42, 34, 35, 47, 39, 40], [45, 36], [46, 51], [57, 48, 54, 49], [55, 58, 56], [59, 61, 62], [65, 70, 66, 67], [68, 76, 71], [69, 73], [72, 75, 74, 77, 78, 79, 82, 84], [80, 81, 83, 87, 85, 86, 88]]
95: [[50, 19, 37], [4, 3], [32, 5, 64], [12, 1, 22, 2], [9, 7, 10], [6, 8], [26, 14, 15], [21, 11], [17, 28, 13], [20, 16, 18, 23, 25, 24, 41, 63, 60, 31, 30, 27, 43, 57, 49, 38, 33, 29, 46, 34, 35, 42, 47, 36, 39, 44, 62, 40, 45, 51, 53, 55, 52, 48, 54, 58, 59, 56, 61, 65, 70, 66, 67, 68, 76, 71, 69, 73, 72, 75, 74, 77, 78, 79, 82, 84, 80, 81, 83, 87], [85, 86, 88]]
96: [[50, 19, 37], [4, 3, 32], [5, 64, 12], [1, 22, 2], [9, 7, 10], [6, 8, 26], [14, 15, 21], [11, 17, 28, 13], [20, 16, 18, 23], [25, 24], [41, 63], [60, 31, 30], [43, 53, 49], [38, 46, 27, 57], [29, 33], [39, 44, 34], [42, 35], [40, 47, 45], [36, 48, 61], [51, 52, 54, 55, 58, 56, 62, 59, 65, 70, 66, 67, 68, 76, 71], [69, 73, 72], [75, 74, 77, 78, 79, 82, 84, 80, 81, 83, 87, 85, 86, 88]]
97: [[50, 19, 37], [4, 3, 32], [5, 64], [12, 1, 22], [2, 9, 7, 10, 6, 8, 26, 14, 15, 21], [11, 17, 28, 13, 20, 16, 18, 23], [25, 24, 41, 63, 60, 31, 30, 27, 56, 57, 51, 33, 35, 29], [36, 46, 34, 42, 44, 38, 53, 40, 39, 45, 47, 43, 48, 49, 55, 52, 61, 58, 54, 59, 62, 65, 70], [66, 67, 68, 76, 71, 69, 73, 72, 75, 74, 77, 78, 79], [82, 84, 80, 81, 83, 87, 85, 86, 88]]
98: [[50, 19, 37, 4], [3, 32, 5, 64], [12, 1, 22], [2, 9, 7], [10, 6, 8, 26], [14, 15, 21], [11, 17], [28, 13, 20], [16, 18], [23, 25, 24], [41, 63], [60, 31, 30], [45, 46, 53], [42, 43], [27, 34, 38, 33], [47, 36, 29], [44, 35, 40, 39], [48, 49, 51], [59, 52], [54, 55, 56], [58, 57, 62], [61, 65], [70, 66, 67], [68, 76, 71, 69], [73, 72, 75], [74, 77, 78], [79, 82, 84], [80, 81], [83, 87, 85], [86, 88]]
99: [[50, 19, 37], [4, 3, 32], [5, 64], [12, 1, 22], [2, 9, 7, 10], [6, 8, 26, 14, 15, 21, 11], [17, 28, 13, 20, 16], [18, 23, 25, 24, 41, 63, 60, 31, 30, 27], [29, 33, 49, 59, 34, 36, 42, 35, 39, 38], [44, 45, 40, 43, 62, 46, 47, 51, 54, 53, 52, 48, 56, 55, 57, 58, 61, 65, 70, 66, 67, 68, 76, 71, 69, 73, 72, 75, 74], [77, 78, 79, 82, 84, 80, 81, 83, 87, 85, 86, 88]]
100: [[50, 19, 37], [4, 3], [32, 5, 64], [12, 1, 22], [2, 9, 7], [10, 6, 8, 26], [14, 15, 21], [11, 17, 28, 13], [20, 16, 18], [23, 25, 24], [41, 63, 60], [31, 30, 27], [33, 29, 35], [39, 36, 38, 42], [40, 44, 43], [47, 45, 46], [48, 53, 55], [49, 51, 34], [54, 57, 52, 62], [56, 59, 58], [61, 65, 70, 66], [67, 68, 76], [71, 69, 73], [72, 75, 74], [77, 78, 79], [82, 84, 80], [81, 83, 87], [85, 86, 88]]
101: [[50, 19], [37, 4, 3], [32, 5, 64], [12, 1, 22], [2, 9, 7], [10, 6, 8], [26, 14, 15], [21, 11, 17], [28, 13, 20], [16, 18, 23], [25, 24, 41, 63], [60, 31, 30], [43, 29, 27], [33, 61, 45, 34, 35, 36, 40, 44, 38, 39, 42, 46, 47, 54, 49, 48, 52, 51, 55, 56, 59, 53, 62, 57, 58, 65, 70, 66, 67, 68, 76, 71, 69, 73, 72, 75, 74, 77, 78, 79, 82, 84, 80, 81, 83, 87, 85, 86, 88]]
102: [[50, 19, 37], [4, 3], [32, 5, 64], [12, 1], [22, 2, 9], [7, 10, 6], [8, 26], [14, 15, 21], [11, 17], [28, 13, 20], [16, 18, 23], [25, 24, 41], [63, 60, 31], [30, 43, 52], [33, 42, 38], [59, 34], [45, 27, 29], [35, 36, 39], [40, 47, 44], [54, 49, 55, 48], [53, 51, 46, 58], [62, 56, 57], [61, 65, 70], [66, 67, 68, 76], [71, 69, 73], [72, 75, 74, 77], [78, 79, 82], [84, 80, 81], [83, 87], [85, 86, 88]]
103: [[50, 19, 37], [4, 3], [32, 5, 64], [12, 1, 22], [2, 9, 7, 10], [6, 8, 26], [14, 15, 21], [11, 17, 28, 13, 20, 16, 18, 23, 25, 24, 41, 63, 60, 31, 30], [27, 38, 61, 39, 29], [59, 33, 34, 40, 35, 44, 36, 56, 42, 45, 47, 49, 57, 48, 43, 54, 46, 51, 53, 62, 52, 58, 55, 65, 70, 66, 67, 68, 76, 71, 69, 73, 72, 75, 74, 77, 78, 79, 82, 84, 80, 81, 83, 87, 85, 86, 88]]
104: [[50, 19, 37], [4, 3], [32, 5, 64], [12, 1, 22], [2, 9, 7], [10, 6, 8], [26, 14], [15, 21], [11, 17], [28, 13], [20, 16, 18], [23, 25], [24, 41], [63, 60, 31], [30, 29], [27, 33, 34], [35, 39], [40, 43, 44], [42, 46, 38], [36, 45], [49, 58, 53], [47, 61, 48], [52, 51, 54], [62, 57, 55], [56, 59, 65], [70, 66, 67], [68, 76], [71, 69, 73], [72, 75, 74], [77, 78], [79, 82, 84, 80], [81, 83, 87], [85, 86, 88]]
105: [[50, 19, 37], [4, 3, 32], [5, 64], [12, 1, 22, 2], [9, 7, 10], [6, 8, 26], [14, 15, 21, 11], [17, 28, 13], [20, 16], [18, 23, 25], [24, 41, 63, 60, 31, 30, 27, 29, 33, 51, 54, 38, 35, 36, 59, 34, 40, 47, 39, 46, 45, 43, 52, 44, 42, 48, 53, 49, 57, 55, 58, 56, 62, 61, 65, 70, 66, 67, 68, 76, 71, 69, 73, 72, 75, 74, 77, 78], [79, 82, 84, 80, 81, 83, 87, 85, 86, 88]]
106: [[50, 19, 37], [4, 3], [32, 5, 64], [12, 1, 22], [2, 9, 7], [10, 6, 8, 26], [14, 15, 21], [11, 17, 28, 13], [20, 16, 18], [23, 25, 24], [41, 63, 60], [31, 30], [45, 52, 61], [27, 39, 43], [38, 29, 40, 34], [35, 33, 44], [36, 46, 42, 47], [48, 49, 53, 51, 56, 54], [55, 58, 57, 62, 59, 65, 70, 66, 67], [68, 76, 71, 69, 73, 72, 75, 74, 77, 78, 79, 82, 84, 80, 81, 83, 87], [85, 86, 88]]
107: [[50, 19, 37], [4, 3, 32], [5, 64], [12, 1, 22], [2, 9], [7, 10, 6, 8, 26, 14, 15, 21, 11, 17], [28, 13, 20, 16, 18, 23, 25, 24], [41, 63, 60, 31, 30, 27, 29, 35, 53, 33, 61, 34], [38, 42, 36, 44, 43, 39, 45], [40, 46, 47, 48, 51, 52, 49, 55, 54, 56, 58, 59, 57, 62, 65, 70, 66, 67, 68, 76, 71, 69, 73, 72, 75, 74, 77, 78, 79, 82, 84, 80, 81, 83, 87, 85, 86, 88]]
108: [[50, 19, 37], [4, 3, 32], [5, 64], [12, 1, 22], [2, 9, 7], [10, 6, 8, 26], [14, 15, 21], [11, 17], [28, 13, 20], [16, 18, 23, 25], [24, 41, 63], [60, 31, 30], [43, 29, 27], [34, 38, 57, 33, 35, 44, 39, 56, 40], [45, 47, 42, 36, 46, 48, 53, 49, 51, 52, 54, 55, 62, 59, 58, 61, 65, 70, 66, 67, 68, 76, 71, 69, 73, 72, 75, 74, 77, 78, 79, 82, 84, 80, 81, 83, 87, 85, 86, 88]]
109: [[50, 19, 37, 4], [3, 32, 5], [64, 12, 1, 22], [2, 9, 7], [10, 6, 8], [26, 14, 15], [21, 11], [17, 28, 13, 20], [16, 18, 23, 25], [24, 41, 63, 60], [31, 30, 27], [29, 35, 49], [34, 39, 33], [38, 42, 36], [47, 40, 46], [54, 44, 45], [43, 48, 52], [59, 55, 51], [53, 57, 62], [61, 56], [58, 65], [70, 66, 67, 68], [76, 71], [69, 73, 72, 75], [74, 77, 78, 79], [82, 84, 80], [81, 83, 87, 85, 86, 88]]
110: [[50, 19, 37], [4, 3, 32], [5, 64, 12], [1, 22, 2, 9], [7, 10, 6], [8, 26], [14, 15, 21], [11, 17, 28], [13, 20, 16], [18, 23, 25, 24], [41, 63, 60, 31], [30, 43, 53], [29, 42, 34, 51], [27, 33, 56], [36, 38], [35, 44, 45, 46], [40, 47, 39], [49, 52, 54, 55], [48, 58, 61], [59, 62], [57, 65, 70], [66, 67, 68, 76], [71, 69, 73], [72, 75, 74], [77, 78, 79], [82, 84, 80], [81, 83, 87], [85, 86, 88]]
111: [[50, 19, 37], [4, 3], [32, 5, 64], [12, 1, 22], [2, 9, 7], [10, 6, 8, 26], [14, 15, 21], [11, 17, 28, 13, 20], [16, 18, 23], [25, 24, 41], [63, 60, 31], [30, 27, 52], [35, 49, 39], [29, 38, 33], [36, 34], [61, 43, 40], [46, 42, 55, 44], [57, 59, 45], [47, 56, 48], [53, 62, 51], [58, 54, 65], [70, 66, 67], [68, 76, 71, 69], [73, 72, 75], [74, 77, 78], [79, 82], [84, 80, 81], [83, 87, 85, 86, 88]]
112: [[50, 19, 37], [4, 3, 32], [5, 64], [12, 1, 22, 2], [9, 7, 10, 6, 8, 26], [14, 15, 21, 11, 17, 28, 13, 20, 16, 18, 23, 25, 24, 41, 63, 60, 31, 30, 27, 29, 33, 59, 34, 39, 42, 38, 35, 47, 43, 40, 45, 49, 44, 36, 46, 51, 48, 53, 56, 54, 52, 55, 57, 58, 62, 61, 65, 70, 66, 67, 68, 76, 71, 69, 73, 72, 75, 74, 77, 78, 79, 82, 84, 80], [81, 83, 87, 85, 86, 88]]
113: [[50, 19, 37], [4, 3, 32], [5, 64, 12, 1], [22, 2, 9], [7, 10, 6], [8, 26], [14, 15, 21], [11, 17, 28], [13, 20, 16, 18, 23, 25, 24], [41, 63, 60, 31, 30, 29, 27, 34, 33, 38], [47, 35, 53, 39], [36, 44, 40, 42, 54, 45, 46, 43, 49, 52, 51, 59, 55], [48, 56, 57, 58, 62, 61, 65, 70], [66, 67, 68, 76, 71, 69, 73, 72, 75, 74, 77, 78, 79, 82, 84, 80, 81, 83, 87, 85], [86, 88]]
114: [[50, 19, 37], [4, 3, 32], [5, 64], [12, 1, 22, 2], [9, 7, 10], [6, 8, 26], [14, 15, 21, 11], [17, 28, 13], [20, 16], [18, 23, 25], [24, 41, 63], [60, 31, 30], [27, 45, 61], [35, 38, 33], [34, 57], [29, 44, 48, 39], [42, 47, 40], [62, 43, 36], [46, 51], [49, 52, 53], [54, 58, 59], [56, 55, 65], [70, 66], [67, 68, 76], [71, 69, 73], [72, 75, 74], [77, 78, 79, 82], [84, 80, 81], [83, 87, 85], [86, 88]]
115: [[50, 19, 37], [4, 3, 32], [5, 64], [12, 1, 22, 2], [9, 7, 10], [6, 8, 26], [14, 15, 21, 11, 17, 28, 13, 20, 16, 18], [23, 25], [24, 41, 63, 60, 31, 30, 27, 29, 53, 46, 36, 42, 33, 34, 52, 39, 44, 35, 43, 40, 45, 48, 47, 49, 55, 56], [54, 38, 51, 58, 59, 57, 61, 62, 65, 70, 66, 67, 68, 76, 71, 69, 73, 72, 75, 74, 77, 78, 79, 82, 84, 80, 81, 83, 87, 85, 86, 88]]
116: [[50, 19, 37], [4, 3, 32], [5, 64], [12, 1, 22], [2, 9, 7], [10, 6], [8, 26, 14], [15, 21, 11], [17, 28], [13, 20, 16, 18, 23], [25, 24, 41], [63, 60, 31], [30, 43], [27, 57, 51], [29, 39, 34], [42, 58, 38, 44], [33, 35, 36, 46], [40, 45, 53], [47, 48, 54, 49], [55, 52, 59], [56, 61, 62], [65, 70, 66, 67], [68, 76], [71, 69, 73, 72], [75, 74, 77, 78], [79, 82, 84, 80], [81, 83, 87], [85, 86, 88]]
117: [[50, 19, 37], [4, 3, 32], [5, 64], [12, 1, 22], [2, 9, 7], [10, 6], [8, 26], [14, 15, 21], [11, 17], [28, 13, 20, 16], [18, 23], [25, 24, 41, 63], [60, 31, 30], [29, 27, 57], [59, 34, 33, 36], [45, 39, 35], [40, 38, 44], [46, 47, 42], [43, 53, 52, 48], [49, 61, 54], [51, 62, 55], [58, 56], [65, 70, 66], [67, 68, 76, 71], [69, 73, 72, 75], [74, 77, 78], [79, 82, 84, 80], [81, 83, 87, 85, 86, 88]]
118: [[50, 19, 37], [4, 3, 32], [5, 64], [12, 1, 22, 2], [9, 7], [10, 6, 8], [26, 14, 15], [21, 11, 17], [28, 13, 20], [16, 18, 23], [25, 24, 41, 63], [60, 31, 30], [27, 29, 33], [40, 46, 38], [35, 36, 39], [43, 42, 34], [45, 47], [48, 57, 53], [59, 49, 56, 55, 44, 51, 52, 54, 61, 62, 58, 65, 70, 66, 67, 68, 76, 71, 69, 73, 72, 75, 74, 77, 78, 79, 82, 84, 80, 81, 83, 87, 85, 86, 88]]
119: [[50, 19, 37], [4, 3], [32, 5, 64], [12, 1, 22, 2], [9, 7], [10, 6, 8, 26], [14, 15, 21, 11, 17, 28, 13, 20, 16, 18, 23, 25, 24, 41, 63, 60, 31, 30, 43, 27, 49, 33, 38, 35, 58, 29, 34, 39, 42, 36, 46, 40], [45, 47, 44, 48, 53, 51, 54, 57, 52, 55, 59, 56, 62, 61, 65, 70, 66, 67, 68, 76], [71, 69, 73, 72, 75, 74, 77, 78, 79, 82, 84, 80, 81, 83, 87], [85, 86, 88]]
120: [[50, 19, 37], [4, 3, 32], [5, 64], [12, 1, 22], [2, 9, 7], [10, 6, 8], [26, 14, 15], [21, 11, 17], [28, 13, 20], [16, 18, 23], [25, 24, 41], [63, 60, 31], [30, 43, 27], [56, 29, 39, 33], [58, 40, 35, 42], [36, 38], [34, 52], [44, 53, 59], [45, 46], [51, 47, 57], [48, 49, 54], [55, 62, 61], [65, 70, 66], [67, 68, 76], [71, 69, 73, 72, 75, 74], [77, 78, 79, 82, 84, 80, 81, 83, 87, 85, 86, 88]]
121: [[50, 19, 37], [4, 3, 32], [5, 64, 12, 1], [22, 2], [9, 7, 10], [6, 8], [26, 14, 15], [21, 11], [17, 28, 13], [20, 16, 18], [23, 25, 24], [41, 63, 60], [31, 30, 43, 53], [36, 27, 38, 51], [49, 35], [29, 39, 44, 34, 40, 33, 42, 47, 46, 48, 55, 52, 54, 45, 56, 58, 57, 59, 62, 61, 65, 70, 66, 67, 68, 76, 71, 69, 73, 72, 75, 74, 77, 78, 79, 82, 84, 80, 81, 83, 87, 85, 86, 88]]
122: [[50, 19, 37], [4, 3], [32, 5, 64], [12, 1, 22], [2, 9], [7, 10, 6], [8, 26], [14, 15, 21, 11], [17, 28, 13], [20, 16, 18], [23, 25, 24], [41, 63, 60], [31, 30], [29, 27, 57], [44, 34, 47], [35, 38, 33], [36, 39], [42], [48, 43, 56], [46, 49], [40, 58], [52, 45, 51], [54, 53, 55], [59, 61, 62], [65, 70, 66, 67, 68], [76, 71, 69], [73, 72, 75], [74, 77, 78, 79], [82, 84, 80, 81], [83, 87, 85], [86, 88]]
123: [[50, 19, 37], [4, 3, 32], [5, 64, 12], [1, 22, 2], [9, 7, 10], [6, 8, 26], [14, 15], [21, 11, 17, 28], [13, 20, 16], [18, 23, 25], [24, 41], [63, 60, 31, 30, 27, 49, 61, 35, 40, 29, 33, 38, 34, 39, 36, 45, 46, 42, 43, 44, 47, 52, 48, 51, 54, 53, 56, 55, 57, 59, 58, 62, 65, 70, 66, 67, 68, 76, 71, 69, 73, 72, 75, 74, 77, 78, 79, 82], [84, 80, 81, 83, 87, 85, 86, 88]]
124: [[50, 19, 37], [4, 3, 32], [5, 64], [12, 1, 22], [2, 9, 7, 10, 6, 8, 26, 14, 15, 21, 11, 17, 28, 13], [20, 16, 18, 23, 25, 24, 41, 63, 60, 31], [30, 27, 29, 34, 46, 38, 33, 35], [36, 55, 43, 45, 44, 40, 42, 47, 54, 49, 48, 39, 53, 52], [51, 61, 57, 58, 56, 59, 62, 65, 70, 66, 67], [68, 76, 71, 69, 73, 72, 75, 74, 77, 78, 79, 82, 84, 80, 81, 83, 87, 85, 86, 88]]
125: [[50, 19, 37], [4, 3, 32], [5, 64, 12], [1, 22, 2], [9, 7], [10, 6, 8], [26, 14, 15], [21, 11, 17], [28, 13, 20], [16, 18, 23], [25, 24, 41], [63, 60], [31, 30, 27], [49, 29, 33], [35, 36, 34], [58, 46], [38, 42, 39], [44, 40, 43], [56, 57, 45], [47, 48, 53], [59, 51, 52, 55], [54, 61, 62], [65, 70], [66, 67, 68, 76], [71, 69, 73, 72], [75, 74, 77], [78, 79, 82, 84, 80, 81, 83, 87, 85, 86, 88]]
126: [[50, 19], [37, 4, 3], [32, 5, 64], [12, 1, 22], [2, 9], [7, 10, 6], [8, 26, 14, 15], [21, 11, 17], [28, 13, 20, 16], [18, 23], [25, 24, 41], [63, 60], [31, 30, 43], [29, 53, 27, 35], [34, 33, 54, 44], [42, 45, 38], [36, 39, 47], [48, 40], [46, 57, 59], [51, 49, 55], [56, 52, 61, 58, 62, 65, 70, 66, 67], [68, 76, 71, 69, 73, 72, 75, 74, 77, 78, 79, 82, 84, 80, 81, 83, 87, 85, 86, 88]]
127: [[50, 19, 37], [4, 3, 32], [5, 64], [12, 1, 22], [2, 9, 7], [10, 6, 8, 26], [14, 15, 21], [11, 17, 28], [13, 20, 16], [18, 23], [25, 24, 41, 63], [60, 31, 30, 43], [29, 48, 51, 35], [27, 33, 42], [34, 38, 47], [40, 44, 46, 36, 39, 49, 45, 53, 52, 55, 61, 54, 56, 57, 62, 58, 59, 65, 70, 66, 67, 68, 76, 71, 69, 73, 72, 75, 74, 77, 78, 79, 82, 84, 80, 81, 83, 87, 85, 86, 88]]
128: [[50, 19, 37], [4, 3, 32], [5, 64, 12], [1, 22, 2], [9, 7, 10], [6, 8, 26], [14, 15, 21], [11, 17], [28, 13, 20], [16, 18, 23], [25, 24, 41], [63, 60, 31], [30, 29], [45, 53, 46], [27, 49, 33], [38, 34, 36], [35, 40, 47], [39, 44, 42], [58, 43, 48], [52, 54, 51], [55, 57, 59], [56, 61, 62, 65], [70, 66, 67], [68, 76, 71], [69, 73, 72], [75, 74, 77], [78, 79, 82, 84], [80, 81, 83, 87], [85, 86, 88]]
129: [[50, 19, 37], [4, 3, 32], [5, 64], [12, 1, 22, 2], [9, 7, 10], [6, 8], [26, 14, 15, 21], [11, 17, 28], [13, 20, 16, 23], [18, 25], [24, 41, 63], [60, 31], [30, 27, 36], [53, 59], [38, 29, 35, 33], [42, 43, 34], [47, 44], [48, 39, 46, 40, 62, 58, 49, 52, 55, 45, 61], [54, 56, 51, 57, 65, 70, 66, 67, 68, 76, 71, 69, 73, 72, 75, 74, 77, 78, 79, 82, 84, 80, 81, 83, 87, 85, 86, 88]]
130: [[50, 19, 37], [4, 3, 32], [5, 64], [12, 1, 22], [2, 9, 7], [10, 6], [8, 26, 14], [15, 21, 11], [17, 28, 13, 20], [16, 18, 23, 25, 24, 41], [63, 60, 31, 30, 27, 53, 29, 43, 33, 35, 34, 44, 36, 39, 40, 47, 38, 57, 42, 45, 54, 49, 46, 48, 51, 55, 52, 56, 58, 59, 61, 62, 65, 70, 66, 67, 68, 76, 71, 69, 73, 72, 75, 74], [77, 78, 79, 82, 84, 80, 81, 83, 87, 85, 86, 88]]
131: [[50, 19, 37], [4, 3], [32, 5, 64], [12, 1, 22], [2, 9, 7, 10], [6, 8, 26, 14], [15, 21, 11], [17, 28], [13, 20, 16], [18, 23, 25, 24], [41, 63, 60], [31, 30], [29, 47, 49], [51, 34, 27, 33], [39, 35], [42, 43, 44, 38], [36, 40, 45], [46, 53, 54, 61], [48, 52], [55, 58, 56], [59, 57, 62], [65, 70, 66], [67, 68], [76, 71, 69, 73], [72, 75, 74], [77, 78, 79], [82, 84, 80], [81, 83, 87], [85, 86, 88]]
132: [[50, 19, 37], [4, 3, 32], [5, 64, 12], [1, 22], [2, 9, 7], [10, 6, 8], [26, 14, 15], [21, 11, 17], [28, 13, 20], [16, 18, 23], [25, 24, 41], [63, 60], [31, 30, 45], [27, 49, 33, 38], [34, 44], [29, 35, 39, 40], [36, 46, 42, 43], [47, 51, 61, 55, 58, 48, 54, 52, 53, 56, 62, 57, 59], [65, 70, 66, 67, 68, 76, 71, 69], [73, 72, 75, 74, 77, 78, 79, 82, 84, 80, 81, 83, 87, 85], [86, 88]]
133: [[50, 19, 37], [4, 3, 32], [5, 64], [12, 1, 22], [2, 9, 7, 10, 6, 8, 26, 14, 15, 21, 11, 17, 28, 13, 20, 16, 18, 29, 25, 24], [41, 63, 60], [31, 30], [27, 23, 61], [35, 40, 33], [34, 36, 47], [45, 42, 38, 43, 44, 46], [52, 56], [39, 49], [48, 53, 55], [51, 58, 57], [59, 62, 54], [65, 70, 66], [67, 68, 76, 71], [69, 73, 72, 75, 74, 77, 78, 79, 82, 84, 80, 81, 83, 87, 85], [86, 88]]
134: [[50, 19, 37], [4, 3], [32, 5, 64], [12, 1, 22, 2], [9, 7, 10], [6, 8, 26], [14, 15, 21], [11, 17, 28], [13, 20], [16, 18, 23], [25, 24, 41], [63, 60, 31], [30, 27, 43], [56, 33, 38], [53, 54, 29], [35, 34, 36], [39, 42], [44, 40, 47], [45, 52, 46, 48], [49, 55], [51, 58, 57, 61], [59, 62, 65, 70, 66, 67, 68, 76, 71, 69, 73], [72, 75, 74, 77, 78, 79, 82, 84, 80, 81, 83, 87, 85, 86, 88]]
135: [[50, 19, 37], [4, 3, 32, 5], [64, 12, 1], [22, 2, 9], [7, 10, 6, 8], [26, 14], [15, 21, 11, 17], [28, 13, 20, 16], [18, 23, 25, 24], [41, 63, 60], [31, 30, 27], [35, 61, 29, 40, 39, 34, 42, 58, 38, 36, 33, 43, 44, 46, 47, 49, 51, 45, 48, 53, 54, 55, 56, 59, 57, 52, 62, 65, 70, 66, 67, 68, 76, 71, 69, 73, 72, 75, 74, 77, 78, 79, 82, 84, 80, 81, 83, 87, 85, 86, 88]]
136: [[50, 19, 37], [4, 3, 32], [5, 64], [12, 1], [22, 2, 9, 7], [10, 6, 8, 26], [14, 15, 21, 11, 17, 28, 13, 20, 16, 18, 23, 25, 24], [41, 63, 60, 31, 30, 27, 29, 49], [33, 40, 47, 34, 57, 35, 38, 44, 36, 48, 39, 42, 43, 46, 45, 62, 51, 53, 55, 52, 54, 58, 59, 56, 61, 65, 70, 66, 67, 68, 76, 71, 69, 73, 72, 75, 74, 77, 78, 79], [82, 84], [80, 81, 83, 87, 85, 86, 88]]
137: [[50, 19, 37], [4, 3, 32], [5, 64, 12], [1, 22, 2], [9, 7, 10], [6, 8, 26], [14, 15, 21], [11, 17, 28], [13, 20, 16], [18, 23], [25, 24, 41], [63, 60, 31], [30, 43], [52, 59, 35], [27, 51, 61], [33, 36, 45], [38, 29, 34], [39, 40, 44], [42, 48, 49], [46, 54], [47, 62], [53, 55], [58, 56, 57], [65, 70, 66], [67, 68, 76], [71, 69, 73], [72, 75], [74, 77, 78], [79, 82], [84, 80, 81], [83, 87, 85], [86, 88]]
138: [[50, 19, 37], [4, 3, 32], [5, 64], [12, 1, 22], [2, 9, 7], [10, 6, 8], [26, 14, 15], [21, 11, 17, 28], [13, 20, 16], [18, 23, 25, 24, 41], [63, 60], [31, 30, 27], [29, 48, 52], [35, 33, 38], [34, 44, 36], [43, 45], [39, 40, 42], [46, 54], [47, 51, 55], [56, 53, 49, 61, 57, 58, 62, 59, 65, 70, 66, 67, 68, 76, 71, 69, 73, 72, 75, 74, 77, 78, 79, 82, 84, 80, 81, 83, 87, 85, 86, 88]]
139: [[50, 19, 37], [4, 3, 32], [5, 64], [12, 1, 22], [2, 9, 7], [10, 6, 8], [26, 14, 15, 21, 11, 17, 28, 13, 20], [16, 18, 23, 25, 24, 41, 63, 60, 31, 30, 27, 43, 51, 35, 34, 61, 33, 39, 40, 36, 58, 29, 42, 38, 44, 52, 45, 48, 46, 47, 53, 49, 54, 55, 56, 59, 57, 62, 65, 70, 66, 67, 68], [76, 71, 69, 73, 72, 75, 74, 77, 78, 79, 82, 84, 80, 81, 83, 87, 85, 86, 88]]
140: [[50, 19, 37], [4, 3, 32], [5, 64, 12, 1, 22, 2, 9, 7, 10, 6, 8, 26, 14, 15], [21, 11, 17], [28, 13, 20], [16, 18, 23], [25, 24, 41], [63, 60, 31, 30, 43, 52, 61, 39, 40, 59, 29, 27, 33, 36, 45, 38, 35, 44, 42, 48, 46, 51, 34, 47, 54, 55, 56, 49, 62, 53, 57, 58, 65, 70, 66, 67, 68, 76, 71, 69, 73, 72, 75, 74, 77, 78, 79, 82, 84, 80, 81, 83, 87, 85, 86, 88]]
141: [[50, 19, 37], [4, 3, 32], [5, 64], [12, 1, 22], [2, 9, 7], [10, 6], [8, 26, 14], [15, 21], [11, 17, 28], [13, 20, 16], [23, 18], [25, 24, 41], [63, 60, 31], [30, 27, 29], [33, 36], [35, 45, 38], [34, 44, 52], [43, 39, 42], [40, 53, 56], [57, 47, 59, 48], [54, 55, 51], [46, 49, 58, 62, 61], [65, 70], [66, 67, 68], [76, 71, 69], [73, 72, 75], [74, 77, 78], [79, 82], [84, 80, 81], [83, 87], [85, 86, 88]]
142: [[50, 19, 37], [4, 3, 32], [5, 64], [12, 1, 22, 2, 9], [7, 10, 6], [8, 26, 14], [15, 21, 11], [17, 28, 13, 20], [16, 18, 23], [25, 24, 41], [63, 60], [31, 30, 43], [57, 27, 38], [35, 53, 29, 42], [36, 39, 33], [47, 34, 40], [46, 44, 55], [48, 45, 49], [52, 51], [59, 54, 56], [58, 62], [61, 65], [70, 66, 67, 68], [76, 71, 69], [73, 72, 75, 74], [77, 78, 79, 82], [84, 80], [81, 83, 87, 85, 86, 88]]
143: [[50, 19, 37], [4, 3], [32, 5, 64], [12, 1], [22, 2], [9, 7, 10, 6], [8, 26], [14, 15, 21], [11, 17, 28], [13, 20], [16, 18, 23, 25], [24, 41], [63, 60, 31, 30], [43, 29, 27, 35], [38, 48, 33], [34, 39, 42], [44, 45], [36, 40], [47, 58, 46, 49], [51, 57, 53], [52, 55, 54, 59], [56, 61], [62, 65, 70, 66], [67, 68, 76], [71, 69, 73], [72, 75], [74, 77, 78], [79, 82, 84, 80], [81, 83], [87, 85, 86, 88]]
144: [[50, 19, 37], [4, 3, 32], [5, 64, 12], [1, 22, 2], [9, 7, 10], [6, 8, 26], [14, 15, 21], [11, 17, 28], [13, 20, 16, 18, 23, 25, 24, 41, 63, 60, 31, 30, 27, 61, 29, 33, 34, 35, 36, 39, 46, 38, 42, 58, 44, 40, 43, 59, 53, 52, 47], [49, 48, 51, 54, 56, 57, 45, 62, 55, 65, 70, 66, 67, 68, 76, 71, 69], [73, 72, 75, 74, 77, 78, 79, 82, 84, 80, 81, 83, 87, 85, 86, 88]]
145: [[50, 19, 37], [4, 3, 32], [5, 64], [12, 1, 22], [2, 9, 7], [10, 6, 8, 26, 14], [15, 21, 11], [17, 28, 13, 20], [16, 18, 23, 25], [24, 41], [63, 60, 31, 30, 45], [52, 57, 35, 59, 29, 33, 27, 36, 34, 47, 39, 38, 40, 43, 44, 42, 49, 46, 48, 51, 54, 55, 61, 58, 53, 56, 62, 65, 70, 66, 67, 68, 76, 71, 69, 73, 72, 75, 74, 77, 78, 79, 82, 84, 80, 81, 83, 87, 85, 86, 88]]
146: [[50, 19, 37], [4, 3], [32, 5, 64], [12, 1, 22], [2, 9], [7, 10, 6, 8, 26], [14, 15, 21, 11, 17, 28, 13, 20, 16, 18, 23, 25, 24, 41, 63, 60, 31, 30, 27, 29, 33, 57, 34, 39, 35, 36, 38, 46, 43, 44, 42, 40, 45, 47, 53, 49, 58, 51, 52, 55, 61], [48, 59, 56, 62, 54, 65, 70, 66, 67, 68, 76, 71, 69, 73, 72, 75, 74, 77, 78, 79, 82, 84, 80, 81, 83, 87, 85, 86, 88]]
147: [[50, 19, 37], [4, 3, 32], [5, 64, 12], [1, 22, 2], [9, 7, 10, 6], [8, 26], [14, 15, 21, 11, 17, 28, 13], [20, 16, 18, 23, 25, 24, 41], [63, 60, 31, 30, 29, 27, 53, 33, 39, 38], [35, 62, 40, 34, 42, 46, 43, 36, 45, 44, 51, 55, 54, 52, 47, 49, 48, 56, 61, 57, 58, 59, 65, 70, 66, 67, 68, 76, 71, 69, 73, 72, 75, 74, 77, 78, 79, 82, 84, 80, 81, 83, 87, 85, 86, 88]]
148: [[50, 19, 37], [4, 3], [32, 5, 64], [12, 1, 22], [2, 9], [7, 10, 6], [8, 26, 14], [15, 21], [11, 17], [28, 13, 20], [16, 18, 23], [25, 24, 41], [63, 60, 31], [30, 43], [29, 45], [27, 38, 35], [33, 34, 42, 40], [36, 46, 39], [44, 47, 52, 48], [54, 57], [49, 51, 53], [55, 56], [59, 58, 61], [62, 65, 70, 66], [67, 68, 76, 71], [69, 73, 72], [75, 74, 77], [78, 79, 82, 84], [80, 81, 83, 87], [85, 86, 88]]
149: [[50, 19, 37], [4, 3, 32], [5, 64, 12, 1], [22, 2, 9, 7], [10, 6], [8, 26], [14, 15, 21], [11, 17, 28, 13], [20, 16, 18], [23, 25, 24], [41, 63, 60], [31, 30, 43], [45, 27, 29], [36, 44, 33, 42], [34, 35, 40], [38, 39, 47], [46, 52], [54, 53, 48], [49, 55, 51, 56, 59], [58, 57, 62, 61, 65, 70, 66, 67, 68, 76, 71, 69, 73, 72, 75, 74, 77, 78], [79], [82, 84, 80, 81, 83, 87, 85, 86, 88]]
150: [[50, 19, 37], [4, 3, 32], [5, 64], [12, 1, 22, 2], [9, 7, 10, 6, 8, 26, 14, 15, 21, 11, 17, 28, 13, 20, 16, 18], [23, 25, 24, 41], [63, 60, 31, 30, 27, 53, 29, 33, 35, 34, 38, 42, 36, 40, 56, 39], [44, 46, 45], [61, 43, 49], [57, 47, 55], [48, 58], [54, 51, 52, 62, 59, 65, 70, 66, 67, 68, 76, 71, 69, 73, 72, 75, 74, 77, 78, 79, 82, 84, 80, 81, 83, 87, 85, 86, 88]]
151: [[50, 19, 37], [4, 3, 32], [5, 64], [12, 1, 22], [2, 9, 7, 10], [6, 8], [26, 14], [15, 21, 11], [17, 28, 13], [20, 16, 18], [23, 25], [24, 41, 63, 60, 31, 30, 27, 51, 49, 29, 38, 33, 62, 35, 39, 40, 34], [36, 42, 43, 47, 45, 46, 44, 55, 56, 48, 52, 53, 58, 54, 59, 57, 61, 65, 70, 66, 67, 68, 76, 71, 69, 73, 72, 75, 74, 77, 78, 79, 82, 84, 80, 81, 83, 87, 85, 86, 88]]
152: [[50, 19, 37], [4, 3], [32, 5, 64, 12], [1, 22], [2, 9, 7], [10, 6, 8], [26, 14, 15], [21, 11, 17, 28, 13, 20, 16], [18, 23, 25, 24, 41, 63, 60, 31, 30, 27, 29, 38, 57, 39, 33, 42, 46], [40, 34, 47, 36, 35, 56, 43, 44, 55, 48, 45, 51, 53], [49, 52, 54, 58, 62, 61, 59, 65], [70, 66, 67, 68, 76, 71, 69, 73, 72, 75, 74, 77, 78, 79, 82, 84, 80, 81, 83, 87, 85, 86, 88]]
153: [[50, 19], [37, 4, 3, 32], [5, 64], [12, 1, 22], [2, 9, 7], [10, 6], [8, 26, 14], [15, 21, 11], [17, 28, 13], [20, 16, 18], [23, 25, 24], [41, 63], [60, 31], [30, 43, 27, 29], [35, 34, 59], [40, 45, 33, 38], [36, 46, 42, 48], [47, 44], [62, 39, 52], [58, 49, 57], [53, 55, 51], [54, 56, 61, 65], [70, 66, 67, 68], [76, 71, 69, 73], [72, 75], [74, 77, 78], [79, 82], [84, 80], [81, 83, 87], [85, 86, 88]]
154: [[50, 19, 37], [4, 3], [32, 5], [64, 12], [1, 22, 2], [9, 7, 10], [6, 8], [26, 14, 15], [21, 11], [17, 28, 13], [20, 16], [18, 23, 25], [24, 41], [63, 60, 31], [30, 29, 52], [57, 42, 34], [43, 33, 44], [27, 35, 40], [36, 38], [45, 47, 46], [54, 53, 49], [48, 55, 39], [59, 51], [61, 56, 58], [62, 65, 70], [66, 67, 68, 76], [71, 69, 73], [72, 75, 74, 77], [78, 79, 82], [84, 80, 81], [83, 87], [85, 86, 88]]
155: [[50, 19], [37, 4, 3], [32, 5, 64], [12, 1, 22, 2, 9, 7, 10, 6], [8, 26, 14, 15, 21, 11, 17, 28, 13, 20, 16, 18, 23, 25, 24, 41, 63, 60, 31, 30, 43, 29, 52, 51, 35, 48, 33, 27, 44, 34, 45, 39, 36, 38, 47, 40, 42, 46, 57, 53, 55, 49, 54, 58, 56, 59, 61, 62, 65, 70, 66, 67, 68, 76, 71, 69, 73, 72, 75, 74, 77, 78, 79, 82, 84, 80, 81, 83, 87, 85, 86, 88]]
156: [[50, 19, 37, 4, 3, 32, 5, 64], [12, 1], [22, 2, 9, 7], [10, 6, 8], [26, 14, 15], [21, 11, 17], [28, 13], [20, 16, 18], [23, 25, 24, 41, 63, 60, 31, 30, 43, 49, 33, 59, 38, 51, 27, 29, 34, 39, 35, 44, 36, 40, 47, 42, 46, 45, 53, 52, 48, 57, 55, 58, 62, 56, 54, 61, 65], [70, 66, 67, 68, 76, 71, 69, 73, 72, 75, 74, 77, 78, 79, 82, 84, 80, 81, 83, 87, 85, 86, 88]]
157: [[50, 19, 37], [4, 3, 32], [5, 64], [12, 1], [22, 2, 9, 7, 10, 6, 8, 26], [14, 15, 21, 11, 17, 28, 13, 20, 16, 18, 23, 25, 24, 41, 63, 60, 31, 30, 43, 27, 49, 35, 38, 29, 34, 47, 33, 39, 42, 40, 36, 46, 45, 44, 48, 62, 52, 56, 53, 51, 54, 55, 57, 58, 59, 61, 65, 70, 66, 67, 68, 76, 71, 69, 73, 72, 75, 74, 77, 78, 79, 82, 84, 80, 81, 83, 87, 85, 86, 88]]
158: [[50, 19, 37], [4, 3, 32], [5, 64], [12, 1, 22], [2, 9, 7], [10, 6], [8, 26, 14], [15, 21, 11], [17, 28], [13, 20, 16, 18, 23], [25, 24, 41], [63, 60, 31], [30, 43], [51, 57, 27], [53, 33, 35], [34, 47, 36, 29], [40, 38, 44, 45], [42, 39, 55], [46, 48, 54], [49, 52], [56, 59, 58, 61], [62, 65, 70], [66, 67, 68, 76], [71, 69, 73], [72, 75, 74, 77], [78, 79, 82, 84, 80, 81, 83, 87, 85, 86, 88]]
159: [[50, 19, 37], [4, 3, 32], [5, 64, 12], [1, 22, 2, 9, 7], [10, 6, 8], [26, 14, 15, 21], [11, 17, 28, 13], [20, 16], [18, 23, 25, 24, 41], [63, 60, 31, 30, 29, 43, 53, 44, 27, 34, 33, 38, 35, 36, 39, 46, 42, 40, 57, 45, 48, 47, 51, 49, 52, 55, 54, 58, 59, 56, 61, 62, 65, 70, 66, 67, 68, 76, 71, 69, 73, 72, 75, 74, 77, 78, 79, 82, 84, 80, 81, 83, 87, 85, 86, 88]]
160: [[50, 19, 37], [4, 3, 32], [5, 64, 12], [1, 22], [2, 9, 7, 10, 6, 8, 26, 14, 15, 21, 11, 17, 28, 13, 20, 16, 18], [23, 25, 24], [41, 63, 60, 31, 30, 27, 53, 48, 46, 29, 45, 40, 52, 33, 43], [34, 35, 36, 42, 39, 62, 38, 44, 47, 55, 49, 51, 54, 56, 61, 59, 57, 58, 65, 70, 66, 67, 68, 76, 71, 69, 73, 72, 75, 74, 77, 78, 79, 82, 84, 80, 81, 83, 87, 85, 86, 88]]
161: [[50, 19, 37], [4, 3, 32], [5, 64, 12, 1, 22, 2, 9, 7, 10, 6, 8, 26, 14, 15, 21, 11], [17, 28, 13, 20, 16, 18, 23, 25, 24, 41, 63, 60, 31, 30, 43, 46, 57, 51, 27, 29, 35, 36, 40, 34, 38, 39, 44], [42, 45, 47, 33, 53, 48, 49, 54, 52, 55, 58, 56, 59, 61, 62, 65, 70, 66, 67, 68, 76, 71, 69, 73, 72, 75, 74, 77, 78, 79, 82, 84, 80, 81, 83, 87, 85, 86, 88]]
162: [[50, 19, 37], [4, 3, 32], [5, 64, 12], [1, 22, 2], [9, 7, 10], [6, 8, 26, 14], [15, 21, 11], [17, 28], [13, 20, 16, 18, 23, 25, 24, 41, 63, 60, 31, 30, 27, 53, 29, 35, 39, 34, 33, 38, 47, 36, 40, 42, 43, 44, 45], [56, 46, 51, 48, 57, 59, 52, 49, 54, 62, 55, 61, 58, 65, 70], [66, 67, 68, 76, 71, 69, 73, 72, 75, 74], [77, 78, 79, 82, 84, 80, 81, 83, 87, 85, 86, 88]]
163: [[50, 19, 37], [4, 3], [32, 5, 64], [12, 1, 22], [2, 9, 7], [10, 6], [8, 26, 14], [15, 21, 11], [17, 28, 13], [20, 16], [18, 23, 25], [24, 41], [63, 60, 31], [30, 43, 45, 29], [27, 34, 55, 33], [39, 35], [46, 44, 36, 42, 38, 40, 47, 49, 48, 51, 53, 54, 52, 56, 58, 57, 59, 62, 61, 65, 70, 66, 67, 68, 76, 71, 69, 73, 72, 75, 74, 77, 78, 79, 82, 84, 80, 81, 83, 87, 85, 86, 88]]
164: [[50, 19, 37], [4, 3, 32], [5, 64, 12], [1, 22, 2], [9, 7, 10, 6], [8, 26, 14], [15, 21], [11, 17, 28, 13], [20, 16, 18, 23], [25, 24, 41], [63, 60, 31, 30, 27, 53, 29, 34, 38, 39, 42, 43, 33, 35, 44, 40, 36, 45, 47, 48, 49, 61, 59, 52, 54, 46, 51, 56, 55, 58, 62, 57, 65, 70, 66, 67], [68, 76, 71, 69, 73, 72, 75, 74, 77, 78, 79, 82, 84, 80, 81, 83, 87, 85, 86, 88]]
165: [[50, 19, 37], [4, 3, 32], [5, 64, 12, 1, 22], [2, 9, 7, 10, 6, 8, 26, 14, 15, 21, 11, 17, 28, 13, 20, 16], [18, 23], [25, 24, 41, 63, 60, 31, 30, 27, 52, 29, 33, 42, 39, 34, 38, 35, 36, 40, 43, 44, 45, 46, 54, 48, 55, 51, 56, 47, 53, 49, 57, 58, 59, 61, 62, 65, 70, 66, 67, 68, 76, 71, 69, 73, 72, 75, 74, 77, 78, 79, 82, 84, 80, 81, 83, 87, 85, 86, 88]]
166: [[50, 19, 37, 4], [3, 32, 5], [64, 12], [1, 22, 2, 9], [7, 10], [6, 8, 26, 14, 15, 21], [11, 17, 28, 13, 20, 16, 18, 23, 25, 24, 41, 63, 60, 31, 30, 43, 29, 49], [35, 38, 27, 33, 57, 34, 39, 40, 36], [44, 42, 47, 46, 45, 48, 52, 51, 54, 55, 53, 58, 56, 61, 62, 59, 65, 70, 66, 67, 68, 76, 71, 69, 73, 72, 75, 74, 77, 78, 79, 82, 84, 80, 81, 83, 87, 85, 86, 88]]
167: [[50, 19, 37], [4, 3, 32], [5, 64], [12, 1, 22], [2, 9], [7, 10, 6], [8, 26, 14], [15, 21], [11, 17, 28], [13, 20, 16], [18, 23], [25, 24, 41], [63, 60, 31, 30], [27, 29, 33], [43, 34, 38], [36, 44, 35], [39, 40, 45], [46, 42, 47, 59], [56, 62, 48], [53, 52, 49], [58, 54, 51], [57, 55, 61], [65, 70], [66, 67, 68, 76], [71, 69, 73, 72], [75, 74, 77, 78], [79, 82, 84], [80, 81, 83, 87], [85, 86, 88]]
168: [[50, 19, 37, 4], [3, 32, 5], [64, 12, 1], [22, 2, 9], [7, 10, 6], [8, 26, 14], [15, 21, 11, 17], [28, 13], [20, 16, 18, 23], [25, 24, 41, 63], [60, 31, 30, 27, 29, 33, 42, 38, 47, 35, 34, 39, 36], [44, 43, 40, 46, 61, 45, 57, 48], [49, 59, 54, 51, 56, 55, 58, 52, 62, 53, 65, 70, 66, 67, 68, 76, 71, 69, 73, 72, 75, 74, 77, 78, 79], [82, 84], [80, 81, 83, 87, 85, 86, 88]]
169: [[50, 19, 37], [4, 3, 32], [5, 64, 12], [1, 22, 2], [9, 7, 10, 6, 8, 26, 14, 15, 21, 11, 17, 28, 13, 20, 16], [18, 23, 25, 24, 41, 63, 60, 31, 30, 43, 27, 45, 35, 29, 34, 48, 56, 57, 44, 46, 33, 42, 38, 39, 58, 36, 40, 47, 51, 54, 52, 53, 49, 55, 61, 62, 59, 65, 70, 66, 67], [68, 76, 71, 69, 73, 72, 75, 74, 77, 78, 79, 82, 84, 80, 81, 83, 87, 85, 86, 88]]
170: [[50, 19, 37], [4, 3, 32], [5, 64, 12], [1, 22, 2], [9, 7, 10], [6, 8, 26], [14, 15, 21], [11, 17, 28], [13, 20, 16], [18, 23, 25], [24, 41, 63], [60, 31, 30], [43, 52, 51], [29, 27, 49], [35, 40], [34, 44, 38], [33, 47], [36, 39], [42, 45, 46], [48, 55, 54], [53, 58, 59], [62, 56, 57], [61, 65, 70], [66, 67, 68], [76, 71, 69, 73], [72, 75, 74], [77, 78, 79, 82], [84, 80, 81], [83, 87, 85], [86, 88]]
171: [[50, 19, 37], [4, 3, 32], [5, 64, 12], [1, 22], [2, 9, 7, 10, 6, 8, 26, 14], [15, 21, 11, 17, 28, 13, 20, 16, 18, 23, 25, 24, 41, 63, 60, 31, 30, 27, 57, 45, 33, 36, 39, 29, 59, 42, 35, 34, 46, 38, 40, 43, 52, 47, 51, 49, 48, 54, 53, 61, 58, 55, 62, 44, 56, 65, 70, 66, 67, 68, 76, 71, 69, 73, 72, 75, 74, 77, 78, 79, 82, 84, 80, 81, 83, 87, 85, 86, 88]]
172: [[50, 19, 37], [4, 3, 32], [5, 64, 12], [1, 22], [2, 9, 7, 10, 6, 8, 26, 14, 15, 21, 11, 17, 28, 13, 20, 16, 18, 23, 25, 24, 41, 63, 60, 31, 30, 27, 49, 53, 51, 29, 35, 33, 34, 46, 38, 36, 40, 47, 43, 42, 44, 39, 45, 48, 52, 54, 62, 56, 55, 57, 58, 61, 59, 65, 70, 66, 67, 68, 76, 71], [69, 73, 72, 75, 74, 77, 78, 79], [82, 84, 80, 81, 83, 87, 85, 86, 88]]
173: [[50, 19, 37], [4, 3, 32], [5, 64, 12], [1, 22], [2, 9, 7, 10, 6, 8, 26, 14, 15, 21, 11, 17, 28, 13, 20, 16, 18, 23, 25, 24, 41, 63, 60, 31, 30, 43, 29, 48, 51, 27, 33, 34, 55, 40, 36, 35, 38, 44, 39, 46, 42, 45, 61, 47, 49, 54, 52, 56, 53, 59, 58, 57, 62, 65, 70, 66, 67, 68, 76, 71, 69, 73, 72, 75, 74, 77, 78, 79, 82, 84, 80, 81, 83, 87, 85, 86, 88]]
174: [[50, 19, 37], [4, 3, 32], [5, 64], [12, 1, 22], [2, 9, 7], [10, 6], [8, 26, 14], [15, 21], [11, 17, 28], [13, 20, 16], [23, 18], [25, 24, 41], [63, 60, 31], [30, 27, 53], [29, 34], [35, 44, 42], [36, 40, 54, 33], [38, 46, 39], [55, 56], [43, 47, 59], [45, 48, 51], [49, 52], [58, 61, 62, 57, 65, 70, 66], [67, 68, 76, 71, 69, 73, 72], [75, 74, 77, 78, 79, 82, 84, 80, 81, 83, 87, 85, 86, 88]]
175: [[50, 19], [37, 4, 3], [32, 5, 64, 12], [1, 22, 2], [9, 7, 10], [6, 8], [26, 14], [15, 21], [11, 17, 28], [13, 20, 16], [18, 23, 25], [24, 41, 63], [60, 31, 30], [27, 29, 33], [35, 34, 39], [38, 42], [40, 36, 45], [44, 43, 47], [46, 52, 51], [62, 49, 53], [55, 56, 54], [58, 48, 57], [59, 61, 65, 70, 66], [67, 68, 76, 71, 69, 73, 72, 75, 74, 77], [78, 79], [82, 84, 80, 81, 83, 87, 85, 86, 88]]
