0: [[27, 35, 7, 2, 17, 1, 11], [5, 3, 14, 9, 13, 4, 8, 30, 29, 23, 31, 15, 28, 18, 22, 16, 10, 21, 6], [24, 19, 20, 25, 12, 26, 41, 34, 38, 32, 36, 37, 46, 33, 47, 45, 39, 42, 40], [43, 44, 49, 48, 51, 53, 58, 50, 52, 55, 59, 57, 54, 56, 60]]
1: [[27, 35, 7, 2, 17, 1, 11], [5, 3, 14, 9, 12, 4, 8, 30, 31, 10, 13, 15, 28, 19, 16, 20, 18, 21, 6], [24, 22, 23, 29, 25, 26, 41, 34, 36, 33, 32, 39, 38, 37, 43, 45, 40, 42, 44], [46, 47, 49, 48, 51, 55, 59, 50, 54, 53, 57, 56, 52, 58, 60]]
2: [[27, 35, 7, 2, 17, 1, 11, 5, 3, 14, 9, 12, 20, 4, 30], [6, 8, 10, 31, 15, 19, 24, 13, 16, 21, 22, 18, 28, 23, 26], [25, 29, 40, 34, 32, 37, 33, 39, 36, 38, 42, 45, 41, 43, 44], [46, 47, 49, 48, 55, 54, 51, 52, 50, 53, 57, 59, 56, 58, 60]]
3: [[27, 35, 7, 2, 17, 1, 11, 5, 3, 14, 9, 12, 20, 4, 30], [6, 8, 10, 15, 13, 23, 24, 18, 19, 21, 16, 22, 28, 26, 31], [25, 29, 40, 34, 32, 37, 33, 38, 36, 39, 42, 45, 41, 43, 44], [46, 47, 49, 48, 55, 54, 51, 52, 50, 53, 57, 59, 56, 58, 60]]
4: [[27, 35, 7, 2, 17, 1, 11, 5, 3, 14, 9, 12, 20, 4, 30], [6, 8, 10, 13, 15, 19, 18, 21, 16, 23, 22, 28, 24, 31, 26], [25, 29, 40, 34, 32, 37, 33, 39, 36, 38, 42, 45, 41, 43, 44], [47, 46, 49, 48, 55, 50, 51, 52, 54, 53, 57, 59, 56, 58, 60]]
5: [[27, 35, 7, 2, 17, 1, 11, 5, 3, 14, 9, 12, 20, 4, 30], [6, 10, 13, 15, 8, 19, 24, 23, 18, 16, 21, 28, 22, 26, 31], [25, 29, 40, 34, 32, 37, 33, 39, 36, 38, 42, 45, 41, 43, 44], [47, 46, 49, 48, 55, 50, 51, 53, 54, 52, 57, 59, 56, 58, 60]]
6: [[27, 35, 7, 2, 17, 1, 11, 5, 3, 14, 9, 12, 20, 4, 30], [6, 8, 28, 15, 10, 19, 13, 18, 23, 16, 21, 24, 22, 31, 26], [25, 29, 40, 34, 32, 37, 33, 39, 36, 38, 42, 45, 41, 43, 44], [47, 46, 49, 48, 55, 50, 51, 53, 54, 52, 57, 59, 56, 58, 60]]
7: [[27, 35, 7, 2, 17, 1, 11, 5, 3, 14, 9, 12, 20, 4, 30], [6, 10, 13, 16, 15, 23, 8, 18, 22, 19, 21, 26, 28, 24, 31], [25, 29, 40, 34, 32, 37, 33, 39, 36, 38, 42, 45, 41, 43, 44], [47, 46, 49, 48, 55, 50, 51, 53, 54, 52, 57, 59, 56, 58, 60]]
8: [[27, 35, 7, 2, 17, 1, 11, 5, 3, 14, 9, 12, 20, 4, 30], [6, 10, 8, 13, 26, 23, 15, 16, 18, 21, 22, 24, 28, 19, 31], [25, 29, 40, 34, 32, 37, 33, 38, 36, 39, 42, 45, 41, 43, 44], [46, 47, 49, 48, 55, 50, 51, 53, 54, 52, 57, 59, 56, 58, 60]]
9: [[27, 35, 7, 2, 17, 1, 11, 5, 3, 14, 9, 12, 20, 4, 30], [10, 8, 13, 31, 22, 19, 26, 15, 18, 21, 23, 24, 16, 28, 6], [25, 29, 40, 34, 32, 37, 33, 39, 36, 38, 42, 45, 41, 43, 44], [47, 46, 49, 48, 55, 50, 51, 53, 54, 52, 57, 59, 56, 58, 60]]
10: [[27, 35, 7, 2, 17, 1, 11, 5, 3, 14, 9, 12, 20, 4, 30], [6, 8, 10, 13, 16, 19, 15, 18, 22, 21, 23, 24, 26, 28, 31], [25, 29, 40, 34, 32, 37, 33, 38, 36, 39, 42, 45, 41, 43, 44], [46, 47, 49, 48, 55, 50, 51, 53, 54, 52, 57, 59, 56, 58, 60]]
11: [[27, 35, 7, 2, 17, 1, 11, 5, 3, 14, 9, 12, 20, 4, 30], [10, 6, 24, 13, 8, 26, 15, 16, 18, 21, 28, 19, 22, 31, 23], [25, 29, 40, 34, 32, 37, 33, 39, 36, 38, 42, 45, 41, 43, 44], [46, 47, 49, 48, 55, 50, 51, 53, 54, 52, 57, 59, 56, 58, 60]]
12: [[27, 35, 7, 2, 17, 1, 11, 5, 3, 14, 9, 12, 20, 4, 30], [10, 15, 13, 8, 16, 19, 24, 21, 18, 23, 22, 26, 28, 31, 6], [25, 29, 40, 34, 32, 37, 33, 38, 36, 39, 42, 45, 41, 43, 44], [47, 46, 49, 48, 55, 50, 51, 53, 54, 52, 57, 59, 56, 58, 60]]
13: [[27, 35, 7, 2, 17, 1, 11, 5, 3, 14, 9, 12, 20, 4, 30], [10, 15, 6, 8, 24, 21, 16, 23, 18, 13, 19, 28, 26, 31, 22], [25, 29, 40, 34, 32, 37, 33, 38, 36, 39, 42, 45, 41, 43, 44], [47, 46, 49, 48, 55, 50, 51, 53, 54, 52, 57, 59, 56, 58, 60]]
14: [[27, 35, 7, 2, 17, 1, 11, 5, 3, 14, 9, 12, 20, 4, 30], [6, 10, 8, 13, 15, 23, 16, 19, 26, 21, 18, 31, 22, 24, 28], [25, 29, 40, 34, 32, 37, 33, 39, 36, 38, 42, 45, 41, 43, 44], [46, 47, 49, 48, 55, 50, 54, 53, 51, 52, 57, 59, 56, 58, 60]]
15: [[27, 35, 7, 2, 17, 1, 11, 5, 3, 14, 9, 12, 20, 4, 30], [6, 8, 10, 13, 15, 16, 31, 18, 23, 19, 21, 22, 24, 26, 28], [25, 29, 40, 34, 32, 37, 33, 39, 36, 38, 42, 45, 41, 43, 44], [46, 47, 49, 48, 55, 50, 51, 53, 52, 54, 57, 59, 56, 58, 60]]
16: [[27, 35, 7, 2, 17, 1, 11, 5, 3, 14, 9, 12, 20, 4, 30], [6, 15, 19, 8, 10, 13, 16, 18, 24, 28, 23, 22, 26, 21, 31], [25, 29, 40, 34, 32, 37, 33, 39, 36, 38, 42, 45, 41, 43, 44], [46, 47, 49, 48, 55, 50, 51, 53, 52, 54, 57, 59, 56, 58, 60]]
17: [[27, 35, 7, 2, 17, 1, 11, 5, 3, 14, 9, 12, 20, 4, 30], [10, 6, 24, 15, 8, 26, 13, 21, 18, 16, 22, 19, 23, 31, 28], [25, 29, 40, 34, 32, 37, 33, 39, 36, 38, 42, 45, 41, 43, 44], [46, 47, 49, 48, 55, 50, 51, 53, 54, 52, 57, 59, 56, 58, 60]]
18: [[27, 35, 7, 2, 17, 1, 11, 5, 3, 14, 9, 12, 20, 4, 30], [24, 15, 8, 18, 13, 16, 19, 26, 23, 22, 28, 31, 10, 21, 6], [25, 29, 40, 34, 32, 37, 33, 39, 36, 38, 42, 45, 41, 43, 44], [46, 47, 49, 48, 55, 50, 51, 53, 52, 54, 57, 59, 56, 58, 60]]
19: [[27, 35, 7, 2, 17, 1, 11, 5, 3, 14, 9, 12, 20, 4, 30], [6, 8, 10, 13, 15, 18, 16, 19, 23, 22, 21, 28, 24, 26, 31], [25, 29, 40, 34, 32, 37, 33, 39, 36, 38, 42, 45, 41, 43, 44], [46, 47, 49, 48, 55, 50, 54, 51, 52, 53, 57, 59, 56, 58, 60]]
20: [[27, 35, 7, 2, 17, 1, 11, 5, 3, 14, 9, 12, 20, 4, 30], [6, 8, 10, 13, 15, 23, 24, 16, 19, 22, 18, 28, 21, 31, 26], [25, 29, 40, 34, 32, 37, 33, 39, 36, 38, 42, 45, 41, 43, 44], [46, 47, 49, 48, 55, 54, 51, 50, 52, 53, 57, 59, 56, 58, 60]]
21: [[27, 35, 7, 2, 17, 1, 11, 5, 3, 14, 9, 12, 20, 4, 30], [6, 10, 8, 13, 15, 23, 16, 26, 24, 18, 19, 21, 22, 31, 28], [25, 29, 40, 34, 32, 37, 33, 39, 36, 38, 42, 45, 41, 43, 44], [47, 46, 49, 48, 55, 54, 51, 53, 50, 52, 57, 59, 56, 58, 60]]
22: [[27, 35, 7, 2, 17, 1, 11, 5, 3, 14, 9, 12, 20, 4, 30], [6, 10, 8, 21, 13, 23, 15, 19, 28, 26, 22, 31, 24, 18, 16], [25, 29, 40, 34, 32, 37, 33, 39, 36, 38, 42, 45, 41, 43, 44], [46, 47, 49, 48, 55, 54, 51, 53, 52, 50, 57, 59, 56, 58, 60]]
23: [[27, 35, 7, 2, 17, 1, 11, 5, 3, 14, 9, 12, 20, 4, 30], [24, 13, 8, 19, 26, 15, 22, 16, 23, 18, 31, 28, 10, 21, 6], [25, 29, 40, 34, 32, 37, 33, 38, 36, 39, 42, 45, 41, 43, 44], [46, 47, 49, 48, 55, 54, 51, 52, 50, 53, 57, 59, 56, 58, 60]]
24: [[27, 35, 7, 2, 17, 1, 11, 5, 3, 14, 9, 12, 20, 4, 30], [6, 10, 8, 13, 15, 23, 24, 18, 16, 19, 21, 31, 28, 26, 22], [25, 29, 40, 34, 32, 37, 33, 39, 36, 38, 42, 45, 41, 43, 44], [47, 46, 49, 48, 55, 54, 51, 53, 50, 52, 57, 59, 56, 58, 60]]
25: [[27, 35, 7, 2, 17, 1, 11, 5, 3, 14, 9, 12, 20, 4, 30], [10, 6, 8, 21, 15, 13, 16, 31, 23, 19, 18, 24, 22, 28, 26], [25, 29, 40, 34, 36, 37, 33, 39, 32, 38, 42, 45, 41, 43, 44], [47, 46, 49, 48, 55, 50, 51, 52, 53, 54, 57, 59, 56, 58, 60]]
26: [[27, 35, 7, 2, 17, 1, 11, 5, 3, 14, 9, 12, 20, 4, 30], [8, 6, 10, 21, 15, 19, 24, 13, 23, 16, 18, 26, 22, 28, 31], [25, 29, 40, 34, 32, 37, 33, 39, 36, 38, 42, 45, 41, 43, 44], [46, 47, 49, 48, 55, 50, 53, 51, 54, 52, 57, 59, 56, 58, 60]]
27: [[27, 35, 7, 2, 17, 1, 11, 5, 3, 14, 9, 12, 20, 4, 30], [8, 15, 6, 31, 10, 19, 24, 13, 23, 16, 18, 26, 22, 28, 21], [25, 29, 40, 34, 32, 37, 33, 39, 36, 38, 42, 45, 41, 43, 44], [46, 47, 49, 48, 55, 50, 51, 54, 52, 53, 57, 59, 56, 58, 60]]
28: [[27, 35, 7, 2, 17, 1, 11, 5, 3, 14, 9, 12, 20, 4, 30], [10, 6, 26, 13, 8, 15, 18, 16, 19, 21, 28, 23, 22, 31, 24], [25, 29, 40, 34, 32, 37, 33, 39, 36, 38, 42, 45, 41, 43, 44], [46, 47, 49, 48, 55, 50, 51, 53, 54, 52, 57, 59, 56, 58, 60]]
29: [[27, 35, 7, 2, 17, 1, 11, 5, 3, 14, 9, 12, 20, 4, 30], [26, 13, 8, 18, 19, 16, 23, 15, 24, 22, 31, 28, 10, 21, 6], [25, 29, 40, 34, 32, 37, 33, 39, 36, 38, 42, 45, 41, 43, 44], [46, 47, 49, 48, 55, 50, 51, 53, 54, 52, 57, 59, 56, 58, 60]]
30: [[27, 35, 7, 2, 17, 1, 11, 5, 3, 14, 9, 12, 20, 4, 30], [8, 6, 10, 13, 15, 19, 24, 21, 22, 16, 18, 26, 23, 28, 31], [25, 29, 40, 34, 32, 37, 33, 39, 36, 38, 42, 45, 41, 43, 44], [47, 46, 49, 48, 55, 50, 53, 51, 52, 54, 57, 59, 56, 58, 60]]
31: [[27, 35, 7, 2, 17, 1, 11, 5, 3, 14, 9, 12, 20, 4, 30], [6, 8, 10, 13, 31, 15, 19, 23, 24, 16, 18, 21, 22, 26, 28], [25, 29, 40, 34, 36, 37, 33, 38, 44, 32, 42, 45, 41, 43, 39], [46, 47, 49, 48, 55, 50, 51, 52, 54, 53, 57, 59, 56, 58, 60]]
32: [[27, 35, 7, 2, 17, 1, 11, 5, 3, 14, 9, 12, 20, 4, 30], [8, 10, 24, 15, 6, 19, 13, 18, 22, 16, 21, 28, 31, 23, 26], [25, 29, 40, 34, 32, 37, 33, 39, 36, 38, 42, 45, 41, 43, 44], [47, 46, 49, 48, 55, 50, 51, 52, 54, 53, 57, 59, 56, 58, 60]]
33: [[27, 35, 7, 2, 17, 1, 11, 5, 3, 14, 9, 12, 20, 4, 30], [6, 10, 8, 15, 13, 23, 24, 18, 16, 19, 22, 21, 28, 26, 31], [25, 29, 40, 34, 32, 37, 33, 38, 36, 39, 42, 45, 41, 43, 44], [47, 46, 49, 48, 55, 50, 51, 52, 53, 54, 57, 59, 56, 58, 60]]
34: [[27, 35, 7, 2, 17, 1, 11, 5, 3, 14, 9, 12, 20, 4, 30], [6, 10, 8, 15, 13, 23, 26, 18, 22, 16, 19, 31, 21, 24, 28], [25, 29, 40, 34, 32, 37, 33, 39, 36, 38, 42, 45, 41, 43, 44], [47, 46, 49, 48, 55, 50, 51, 52, 54, 53, 57, 59, 56, 58, 60]]
35: [[27, 35, 7, 2, 17, 1, 11, 5, 3, 14, 9, 12, 20, 4, 30], [8, 6, 13, 23, 15, 19, 18, 16, 21, 22, 28, 26, 10, 24, 31], [25, 29, 40, 34, 32, 37, 33, 39, 36, 38, 42, 45, 41, 43, 44], [47, 46, 49, 48, 55, 50, 51, 53, 54, 52, 57, 59, 56, 58, 60]]
36: [[27, 35, 7, 2, 17, 1, 11, 5, 3, 14, 9, 12, 20, 4, 30], [8, 13, 24, 23, 10, 15, 18, 16, 19, 22, 28, 21, 6, 26, 31], [25, 29, 40, 34, 32, 37, 33, 38, 36, 39, 42, 45, 41, 43, 44], [46, 47, 49, 48, 55, 54, 51, 53, 50, 52, 57, 59, 56, 58, 60]]
37: [[27, 35, 7, 2, 17, 1, 11, 5, 3, 14, 9, 12, 20, 4, 30], [10, 6, 13, 31, 8, 18, 23, 22, 15, 16, 28, 21, 19, 24, 26], [25, 29, 40, 34, 32, 37, 33, 39, 36, 38, 42, 45, 41, 43, 44], [46, 47, 49, 48, 55, 50, 51, 53, 54, 52, 57, 59, 56, 58, 60]]
38: [[27, 35, 7, 2, 17, 1, 11, 5, 3, 14, 9, 12, 20, 4, 30], [10, 6, 28, 15, 8, 18, 31, 13, 16, 19, 24, 21, 22, 23, 26], [25, 29, 40, 34, 32, 37, 33, 38, 36, 39, 42, 45, 41, 43, 44], [46, 47, 49, 48, 55, 50, 51, 53, 52, 54, 57, 59, 56, 58, 60]]
39: [[27, 35, 7, 2, 17, 1, 11, 5, 3, 14, 9, 12, 20, 4, 30], [6, 10, 8, 15, 13, 23, 16, 18, 24, 19, 21, 22, 26, 28, 31], [25, 29, 40, 34, 32, 37, 33, 39, 36, 38, 42, 45, 41, 43, 44], [47, 46, 49, 48, 55, 50, 51, 52, 53, 54, 57, 59, 56, 58, 60]]
40: [[27, 35, 7, 2, 17, 1, 11, 5, 3, 14, 9, 12, 20, 4, 30], [6, 10, 8, 15, 26, 23, 13, 22, 31, 16, 18, 19, 21, 24, 28], [25, 29, 40, 34, 32, 37, 33, 39, 36, 38, 42, 45, 41, 43, 44], [47, 46, 49, 48, 55, 50, 51, 52, 54, 53, 57, 59, 56, 58, 60]]
41: [[27, 35, 7, 2, 17, 1, 11, 5, 3, 14, 9, 12, 20, 4, 30], [6, 10, 8, 15, 13, 23, 26, 31, 22, 16, 18, 19, 21, 24, 28], [25, 29, 40, 34, 32, 37, 33, 39, 36, 38, 42, 45, 41, 43, 44], [46, 47, 49, 48, 55, 50, 51, 52, 54, 53, 57, 59, 56, 58, 60]]
42: [[27, 35, 7, 2, 17, 1, 11, 5, 3, 14, 9, 12, 20, 4, 30], [6, 8, 26, 13, 10, 16, 15, 19, 18, 21, 24, 22, 28, 31, 23], [25, 29, 40, 34, 32, 37, 33, 39, 36, 38, 42, 45, 41, 43, 44], [46, 47, 49, 48, 55, 54, 50, 53, 51, 52, 57, 59, 56, 58, 60]]
43: [[27, 35, 7, 2, 17, 1, 11, 5, 3, 14, 9, 12, 20, 4, 30], [6, 10, 8, 13, 15, 23, 16, 18, 19, 21, 26, 24, 22, 28, 31], [25, 29, 40, 34, 32, 37, 33, 39, 36, 38, 42, 45, 41, 43, 44], [46, 47, 49, 48, 55, 54, 51, 53, 50, 52, 57, 59, 56, 58, 60]]
44: [[27, 35, 7, 2, 17, 1, 11, 5, 3, 14, 9, 12, 20, 4, 30], [6, 10, 8, 15, 13, 23, 16, 18, 22, 19, 21, 24, 31, 26, 28], [25, 29, 40, 34, 32, 37, 33, 39, 36, 38, 42, 45, 41, 43, 44], [46, 47, 49, 48, 55, 54, 51, 53, 50, 52, 57, 59, 56, 58, 60]]
45: [[27, 35, 7, 2, 17, 1, 11, 5, 3, 14, 9, 12, 20, 4, 30], [6, 8, 10, 15, 13, 19, 16, 18, 22, 23, 21, 24, 31, 26, 28], [25, 29, 40, 34, 32, 37, 33, 39, 36, 38, 42, 45, 41, 43, 44], [46, 47, 49, 48, 55, 54, 51, 53, 50, 52, 57, 59, 56, 58, 60]]
46: [[27, 35, 7, 2, 17, 1, 11, 5, 3, 14, 9, 12, 20, 4, 30], [6, 8, 10, 13, 15, 19, 18, 23, 28, 24, 16, 26, 21, 22, 31], [25, 29, 40, 34, 32, 37, 33, 39, 36, 38, 42, 45, 41, 43, 44], [46, 47, 49, 48, 55, 50, 51, 53, 52, 54, 57, 59, 56, 58, 60]]
47: [[27, 35, 7, 2, 17, 1, 11, 5, 3, 14, 9, 12, 20, 4, 30], [6, 8, 13, 16, 10, 23, 15, 18, 21, 19, 28, 26, 22, 24, 31], [25, 29, 40, 34, 32, 37, 33, 39, 36, 38, 42, 45, 41, 43, 44], [47, 46, 49, 48, 55, 50, 51, 53, 52, 54, 57, 59, 56, 58, 60]]
48: [[27, 35, 7, 2, 17, 1, 11, 5, 3, 14, 9, 12, 20, 4, 30], [6, 8, 13, 15, 26, 23, 16, 31, 10, 22, 18, 19, 21, 24, 28], [25, 29, 40, 34, 32, 37, 33, 39, 36, 38, 42, 45, 41, 43, 44], [46, 47, 49, 48, 55, 50, 51, 52, 54, 53, 57, 59, 56, 58, 60]]
49: [[27, 35, 7, 2, 17, 1, 11, 5, 3, 14, 9, 12, 20, 4, 30], [6, 8, 10, 13, 18, 26, 24, 31, 15, 23, 19, 21, 16, 22, 28], [29, 25, 40, 34, 32, 36, 33, 38, 37, 39, 42, 45, 41, 43, 44], [47, 46, 49, 48, 55, 50, 53, 51, 52, 54, 57, 59, 56, 58, 60]]
50: [[27, 35, 7, 2, 17, 1, 11, 5, 3, 14, 9, 12, 20, 4, 30], [6, 8, 10, 15, 13, 19, 16, 18, 22, 21, 24, 28, 26, 23, 31], [25, 29, 40, 34, 32, 37, 33, 38, 36, 39, 42, 45, 41, 43, 44], [46, 47, 49, 48, 55, 50, 51, 53, 54, 52, 57, 59, 56, 58, 60]]
51: [[27, 35, 7, 2, 17, 1, 11, 5, 3, 14, 9, 12, 20, 4, 30], [10, 8, 15, 13, 6, 19, 16, 18, 22, 21, 24, 28, 26, 23, 31], [25, 29, 40, 34, 32, 37, 33, 38, 36, 39, 42, 45, 41, 43, 44], [47, 46, 49, 48, 55, 50, 51, 52, 54, 53, 57, 59, 56, 58, 60]]
52: [[27, 35, 7, 2, 17, 1, 11, 5, 3, 14, 9, 12, 20, 4, 30], [6, 8, 10, 24, 13, 31, 15, 19, 28, 18, 16, 21, 22, 23, 26], [25, 29, 40, 34, 32, 37, 33, 39, 36, 38, 42, 45, 41, 43, 44], [47, 46, 49, 48, 55, 50, 51, 53, 52, 54, 57, 59, 56, 58, 60]]
53: [[27, 35, 7, 2, 17, 1, 11, 5, 3, 14, 9, 12, 20, 4, 30], [6, 8, 15, 10, 13, 21, 23, 18, 28, 19, 16, 22, 24, 26, 31], [25, 29, 40, 34, 32, 37, 33, 39, 36, 38, 42, 45, 41, 43, 44], [46, 47, 49, 48, 55, 50, 51, 53, 52, 54, 57, 59, 56, 58, 60]]
54: [[27, 35, 7, 2, 17, 1, 11, 5, 3, 14, 9, 12, 20, 4, 30], [8, 10, 15, 13, 6, 18, 25, 16, 22, 19, 21, 23, 31, 28, 24], [26, 29, 40, 34, 32, 37, 33, 39, 36, 38, 42, 45, 41, 43, 44], [47, 46, 49, 48, 55, 50, 51, 52, 54, 53, 57, 59, 56, 58, 60]]
55: [[27, 35, 7, 2, 17, 1, 11, 5, 3, 14, 9, 12, 20, 4, 30], [6, 10, 13, 15, 25, 19, 24, 31, 8, 22, 16, 21, 18, 23, 28], [26, 29, 40, 34, 32, 37, 33, 39, 36, 38, 42, 45, 41, 43, 44], [46, 47, 49, 48, 55, 50, 51, 53, 54, 52, 57, 59, 56, 58, 60]]
56: [[27, 35, 7, 2, 17, 1, 11, 5, 3, 14, 9, 12, 20, 4, 30], [8, 15, 13, 23, 18, 16, 24, 19, 25, 28, 22, 31, 10, 21, 6], [26, 29, 40, 34, 32, 37, 33, 38, 36, 39, 42, 45, 41, 43, 44], [47, 46, 49, 48, 55, 50, 51, 52, 53, 54, 57, 59, 56, 58, 60]]
57: [[27, 35, 7, 2, 17, 1, 11, 5, 3, 14, 9, 12, 20, 4, 30], [6, 8, 10, 31, 15, 13, 16, 23, 19, 21, 18, 25, 22, 24, 28], [26, 29, 40, 34, 32, 37, 33, 39, 38, 36, 42, 45, 41, 43, 44], [46, 47, 49, 48, 55, 51, 50, 52, 53, 54, 57, 59, 56, 58, 60]]
58: [[27, 35, 7, 2, 17, 1, 11, 5, 3, 14, 9, 12, 20, 4, 30], [6, 10, 8, 13, 15, 23, 16, 18, 19, 21, 22, 26, 24, 25, 28], [31, 29, 40, 34, 32, 37, 33, 39, 36, 38, 42, 45, 41, 43, 44], [47, 46, 49, 48, 55, 50, 51, 52, 53, 54, 57, 59, 56, 58, 60]]
59: [[27, 35, 7, 2, 17, 1, 11, 5, 3, 14, 9, 12, 20, 4, 30], [8, 6, 10, 13, 22, 23, 21, 18, 15, 16, 28, 25, 19, 24, 26], [29, 31, 40, 34, 32, 37, 33, 39, 36, 38, 42, 45, 41, 43, 44], [46, 47, 49, 48, 55, 50, 51, 53, 52, 54, 57, 59, 56, 58, 60]]
60: [[27, 35, 7, 2, 17, 1, 11, 5, 3, 14, 9, 12, 20, 4, 30], [8, 15, 13, 10, 24, 18, 16, 19, 25, 21, 26, 28, 22, 23, 6], [29, 31, 40, 34, 32, 37, 33, 38, 36, 39, 42, 45, 41, 43, 44], [47, 46, 49, 48, 55, 50, 51, 53, 54, 52, 57, 59, 56, 58, 60]]
61: [[27, 35, 7, 2, 17, 1, 11, 5, 3, 14, 9, 12, 20, 4, 30], [8, 15, 13, 16, 24, 22, 26, 19, 10, 18, 23, 28, 25, 21, 6], [29, 31, 40, 34, 32, 37, 33, 38, 36, 39, 42, 45, 41, 43, 44], [47, 46, 49, 48, 55, 50, 51, 53, 54, 52, 57, 59, 56, 58, 60]]
62: [[27, 35, 7, 2, 17, 1, 11, 5, 3, 14, 9, 12, 20, 4, 30], [10, 8, 6, 13, 15, 16, 18, 19, 22, 24, 21, 26, 25, 23, 28], [29, 31, 40, 34, 32, 37, 33, 39, 36, 38, 42, 45, 41, 43, 44], [46, 47, 49, 48, 55, 50, 51, 53, 54, 52, 57, 59, 56, 58, 60]]
63: [[27, 35, 7, 2, 17, 1, 11, 5, 3, 14, 9, 12, 20, 4, 30], [6, 10, 8, 15, 26, 13, 18, 16, 22, 21, 23, 19, 25, 24, 28], [29, 31, 40, 34, 32, 37, 33, 39, 36, 38, 42, 45, 41, 43, 46], [44, 47, 49, 48, 55, 50, 51, 53, 54, 52, 57, 59, 56, 58, 60]]
64: [[27, 35, 7, 2, 17, 1, 11, 5, 3, 14, 9, 12, 20, 4, 30], [6, 10, 13, 8, 24, 23, 26, 21, 15, 16, 18, 22, 28, 31, 29], [25, 19, 40, 34, 32, 37, 33, 38, 36, 39, 42, 45, 41, 43, 44], [47, 46, 49, 48, 55, 50, 51, 53, 52, 54, 57, 59, 56, 58, 60]]
65: [[27, 35, 7, 2, 17, 1, 11, 5, 3, 14, 9, 12, 20, 4, 30], [8, 6, 26, 15, 10, 18, 22, 13, 16, 23, 19, 28, 21, 24, 29], [25, 31, 40, 34, 32, 33, 37, 43, 36, 39, 46, 45, 38, 42, 44], [41, 47, 49, 48, 55, 51, 50, 52, 53, 54, 57, 59, 56, 58, 60]]
66: [[27, 35, 7, 2, 17, 1, 11, 5, 3, 14, 9, 12, 20, 4, 30], [10, 6, 13, 15, 8, 18, 21, 16, 19, 22, 28, 31, 23, 24, 29], [25, 26, 40, 34, 32, 37, 33, 39, 36, 38, 42, 45, 41, 43, 44], [46, 47, 49, 48, 55, 50, 51, 53, 52, 54, 57, 59, 56, 58, 60]]
67: [[27, 35, 7, 2, 17, 1, 11, 5, 3, 14, 9, 12, 20, 4, 30], [8, 13, 31, 15, 16, 19, 18, 23, 28, 22, 24, 29, 10, 21, 6], [25, 26, 40, 34, 36, 37, 33, 39, 32, 38, 42, 45, 41, 43, 44], [46, 47, 49, 48, 55, 50, 54, 51, 53, 52, 57, 59, 56, 58, 60]]
68: [[27, 35, 7, 2, 17, 1, 11, 5, 3, 14, 9, 12, 20, 4, 30], [6, 8, 10, 13, 21, 15, 31, 23, 28, 16, 19, 22, 24, 18, 29], [26, 25, 40, 34, 32, 36, 33, 39, 37, 38, 42, 45, 41, 43, 44], [46, 47, 49, 48, 55, 50, 51, 53, 52, 54, 57, 59, 56, 58, 60]]
69: [[27, 35, 7, 2, 17, 1, 11, 5, 3, 14, 9, 12, 20, 4, 30], [6, 8, 13, 29, 15, 18, 19, 16, 21, 22, 23, 28, 31, 24, 10], [25, 26, 40, 34, 32, 37, 33, 38, 36, 39, 42, 45, 41, 43, 44], [46, 47, 49, 48, 55, 50, 51, 53, 54, 52, 57, 59, 56, 58, 60]]
70: [[27, 35, 7, 2, 17, 1, 11, 5, 3, 14, 9, 12, 20, 4, 30], [10, 6, 29, 15, 8, 18, 31, 22, 19, 13, 28, 16, 21, 23, 24], [25, 26, 40, 34, 32, 37, 33, 38, 36, 39, 42, 45, 41, 43, 44], [47, 46, 49, 48, 55, 50, 51, 53, 52, 54, 57, 59, 56, 58, 60]]
71: [[27, 35, 7, 2, 17, 1, 11, 5, 3, 14, 9, 12, 20, 4, 30], [8, 10, 15, 31, 6, 23, 28, 26, 18, 19, 21, 29, 13, 16, 22], [25, 24, 40, 34, 32, 37, 33, 39, 36, 38, 42, 45, 41, 43, 44], [46, 47, 49, 48, 55, 54, 51, 50, 53, 52, 57, 59, 56, 58, 60]]
72: [[27, 35, 7, 2, 17, 1, 11, 5, 3, 14, 9, 12, 20, 4, 30], [6, 10, 8, 13, 15, 19, 16, 31, 18, 22, 23, 26, 29, 21, 28], [25, 24, 40, 34, 32, 37, 33, 39, 36, 38, 42, 45, 41, 43, 44], [47, 46, 49, 48, 55, 50, 51, 52, 54, 53, 57, 59, 56, 58, 60]]
73: [[27, 35, 7, 2, 17, 1, 11, 5, 3, 14, 9, 12, 20, 4, 30], [6, 8, 26, 15, 10, 23, 16, 18, 19, 29, 13, 25, 21, 28, 31], [24, 22, 40, 34, 32, 37, 33, 39, 36, 38, 42, 45, 41, 43, 44], [46, 47, 49, 48, 55, 50, 51, 53, 54, 52, 57, 59, 56, 58, 60]]
74: [[27, 35, 7, 2, 17, 1, 11, 5, 3, 14, 9, 12, 20, 4, 30], [8, 6, 13, 23, 10, 15, 16, 29, 18, 28, 19, 24, 21, 22, 26], [25, 31, 40, 34, 32, 37, 33, 39, 36, 38, 42, 45, 41, 43, 44], [47, 46, 49, 48, 55, 50, 51, 52, 53, 54, 57, 59, 56, 58, 60]]
75: [[27, 35, 7, 2, 17, 1, 11, 5, 3, 14, 9, 12, 20, 4, 30], [10, 6, 13, 19, 29, 8, 22, 21, 18, 15, 23, 28, 16, 24, 26], [25, 31, 40, 34, 32, 37, 33, 39, 36, 38, 42, 45, 41, 43, 44], [47, 46, 49, 48, 55, 50, 54, 52, 51, 53, 57, 59, 56, 58, 60]]
76: [[27, 35, 7, 2, 17, 1, 11, 5, 3, 14, 9, 12, 20, 4, 30], [6, 8, 10, 13, 15, 23, 18, 16, 22, 19, 21, 24, 29, 26, 28], [25, 31, 40, 34, 32, 37, 33, 38, 36, 39, 42, 45, 41, 43, 44], [46, 47, 49, 48, 55, 50, 51, 52, 53, 54, 57, 59, 56, 58, 60]]
77: [[27, 35, 7, 2, 17, 1, 11, 5, 3, 14, 9, 12, 20, 4, 30], [6, 10, 13, 15, 8, 19, 24, 26, 22, 16, 28, 21, 23, 18, 29], [25, 31, 40, 34, 32, 37, 33, 39, 36, 38, 42, 45, 41, 43, 44], [47, 46, 49, 48, 55, 50, 51, 53, 52, 54, 57, 59, 56, 58, 60]]
78: [[27, 35, 7, 2, 17, 1, 11, 5, 3, 14, 9, 12, 20, 4, 30], [10, 6, 8, 29, 13, 19, 23, 18, 15, 22, 16, 21, 26, 24, 28], [25, 31, 40, 34, 32, 37, 33, 39, 36, 38, 42, 45, 41, 43, 44], [46, 47, 49, 48, 55, 50, 51, 53, 54, 52, 57, 59, 56, 58, 60]]
79: [[27, 35, 7, 2, 17, 1, 11, 5, 3, 14, 9, 12, 20, 4, 30], [8, 13, 15, 10, 6, 19, 16, 18, 22, 23, 28, 24, 21, 26, 29], [25, 31, 40, 34, 32, 37, 33, 39, 36, 38, 42, 45, 41, 43, 44], [46, 47, 49, 48, 55, 50, 51, 53, 52, 54, 57, 59, 56, 58, 60]]
80: [[27, 35, 7, 2, 17, 1, 11, 5, 3, 14, 9, 12, 20, 4, 30], [8, 13, 15, 29, 6, 23, 16, 26, 18, 19, 24, 28, 10, 21, 22], [25, 31, 40, 34, 32, 37, 33, 38, 36, 39, 42, 45, 41, 43, 44], [46, 47, 49, 48, 55, 50, 51, 53, 52, 54, 57, 59, 56, 58, 60]]
81: [[27, 35, 7, 2, 17, 1, 11, 5, 3, 14, 9, 12, 20, 4, 30], [6, 8, 10, 15, 13, 23, 16, 21, 18, 22, 19, 29, 26, 24, 28], [25, 31, 40, 34, 32, 37, 33, 39, 36, 38, 42, 45, 41, 43, 44], [46, 47, 49, 48, 55, 50, 51, 52, 54, 53, 57, 59, 56, 58, 60]]
82: [[27, 35, 7, 2, 17, 1, 11, 5, 3, 14, 9, 12, 20, 4, 30], [6, 13, 8, 15, 16, 19, 18, 21, 29, 24, 28, 22, 10, 23, 26], [25, 31, 40, 34, 32, 37, 33, 39, 36, 38, 42, 45, 41, 43, 44], [46, 47, 49, 48, 55, 50, 51, 53, 54, 52, 57, 59, 56, 58, 60]]
83: [[27, 35, 7, 2, 17, 1, 11, 5, 3, 14, 9, 12, 20, 4, 30], [8, 6, 13, 19, 24, 15, 16, 21, 18, 29, 23, 26, 10, 28, 22], [25, 31, 40, 34, 32, 37, 33, 39, 36, 38, 42, 45, 41, 43, 44], [47, 46, 49, 48, 55, 50, 51, 52, 54, 53, 57, 59, 56, 58, 60]]
84: [[27, 35, 7, 2, 17, 1, 11, 5, 3, 14, 9, 12, 20, 4, 30], [6, 8, 10, 15, 13, 18, 19, 16, 21, 23, 29, 22, 26, 24, 28], [25, 31, 40, 34, 32, 37, 33, 39, 36, 38, 42, 45, 41, 43, 44], [47, 46, 49, 48, 55, 50, 51, 53, 52, 54, 57, 59, 56, 58, 60]]
85: [[27, 35, 7, 2, 17, 1, 11, 5, 3, 14, 9, 12, 20, 4, 30], [6, 10, 8, 13, 15, 23, 16, 21, 22, 18, 19, 26, 28, 29, 24], [25, 31, 40, 34, 32, 37, 33, 39, 36, 38, 42, 45, 41, 43, 44], [46, 47, 49, 48, 55, 54, 51, 53, 50, 52, 57, 59, 56, 58, 60]]
86: [[27, 35, 7, 2, 17, 1, 11, 5, 3, 14, 9, 12, 20, 4, 30], [8, 29, 13, 15, 16, 18, 23, 19, 26, 24, 22, 28, 10, 21, 6], [25, 31, 40, 34, 32, 37, 33, 39, 36, 38, 42, 45, 41, 43, 44], [46, 47, 49, 48, 55, 54, 51, 53, 50, 52, 57, 59, 56, 58, 60]]
87: [[27, 35, 7, 2, 17, 1, 11, 5, 3, 14, 9, 12, 20, 4, 30], [8, 15, 6, 29, 10, 18, 13, 24, 22, 16, 19, 28, 23, 21, 26], [25, 31, 40, 34, 32, 37, 33, 39, 36, 38, 42, 45, 41, 43, 44], [46, 47, 49, 48, 55, 50, 51, 53, 54, 52, 57, 59, 56, 58, 60]]
88: [[27, 35, 7, 2, 17, 1, 11, 5, 3, 14, 9, 12, 20, 4, 30], [6, 8, 10, 29, 15, 19, 24, 13, 18, 22, 16, 26, 21, 23, 28], [25, 31, 40, 34, 32, 37, 33, 39, 36, 38, 42, 45, 41, 43, 44], [47, 46, 49, 48, 55, 54, 51, 50, 53, 52, 57, 59, 56, 58, 60]]
89: [[27, 35, 7, 2, 17, 1, 11, 5, 3, 14, 9, 12, 20, 4, 30], [8, 6, 10, 21, 15, 19, 26, 16, 13, 18, 22, 23, 24, 28, 29], [25, 31, 40, 34, 32, 37, 33, 39, 36, 38, 42, 45, 41, 43, 44], [46, 47, 49, 48, 55, 54, 51, 53, 52, 50, 57, 59, 56, 58, 60]]
90: [[27, 35, 7, 2, 17, 1, 11, 5, 3, 14, 9, 12, 20, 4, 30], [6, 8, 26, 15, 13, 23, 16, 18, 10, 19, 21, 24, 22, 28, 29], [25, 31, 40, 34, 32, 37, 33, 38, 36, 39, 42, 45, 41, 43, 44], [46, 47, 49, 48, 55, 50, 51, 52, 54, 53, 57, 59, 56, 58, 60]]
91: [[27, 35, 7, 2, 17, 1, 11, 5, 3, 14, 9, 12, 20, 4, 30], [6, 10, 8, 13, 15, 28, 24, 23, 18, 16, 19, 21, 22, 26, 29], [25, 31, 40, 34, 32, 37, 33, 39, 38, 36, 42, 45, 41, 43, 44], [46, 47, 49, 48, 55, 50, 51, 52, 53, 54, 57, 59, 56, 58, 60]]
92: [[27, 35, 7, 2, 17, 1, 11, 5, 3, 14, 9, 12, 20, 4, 30], [10, 8, 6, 29, 28, 16, 25, 23, 26, 13, 24, 15, 18, 19, 21], [22, 31, 40, 34, 32, 37, 33, 38, 36, 39, 42, 45, 41, 43, 44], [46, 47, 49, 48, 55, 50, 51, 53, 52, 54, 57, 59, 56, 58, 60]]
93: [[27, 35, 7, 2, 17, 1, 11, 5, 3, 14, 9, 12, 20, 4, 30], [6, 10, 13, 25, 8, 23, 15, 18, 21, 19, 16, 31, 22, 24, 26], [28, 29, 40, 34, 32, 37, 33, 39, 36, 38, 42, 45, 41, 43, 44], [47, 46, 49, 48, 55, 50, 51, 53, 54, 52, 57, 59, 56, 58, 60]]
94: [[27, 35, 7, 2, 17, 1, 11, 5, 3, 14, 9, 12, 20, 4, 30], [6, 24, 8, 13, 10, 15, 16, 18, 21, 19, 31, 23, 22, 25, 26], [28, 29, 40, 34, 32, 37, 33, 38, 36, 39, 42, 45, 41, 43, 44], [46, 47, 49, 48, 55, 50, 51, 53, 52, 54, 57, 59, 56, 58, 60]]
95: [[27, 35, 7, 2, 17, 1, 11, 5, 3, 14, 9, 12, 20, 4, 30], [6, 8, 10, 13, 18, 15, 21, 23, 16, 19, 25, 22, 24, 26, 31], [28, 29, 40, 34, 32, 36, 33, 39, 37, 38, 42, 45, 41, 43, 44], [47, 46, 49, 48, 55, 50, 51, 53, 52, 54, 57, 59, 56, 58, 60]]
96: [[27, 35, 7, 2, 17, 1, 11, 5, 3, 14, 9, 12, 20, 4, 30], [10, 6, 8, 21, 13, 18, 15, 19, 16, 22, 23, 26, 24, 25, 31], [28, 29, 40, 34, 32, 37, 33, 39, 36, 38, 42, 45, 41, 43, 44], [46, 47, 49, 48, 55, 50, 51, 52, 53, 54, 57, 59, 56, 58, 60]]
97: [[27, 35, 7, 2, 17, 1, 11, 5, 3, 14, 9, 12, 20, 4, 30], [6, 10, 28, 15, 8, 13, 29, 18, 21, 23, 16, 19, 22, 25, 24], [26, 31, 40, 34, 32, 37, 33, 38, 36, 39, 42, 45, 41, 43, 44], [47, 46, 49, 48, 55, 50, 51, 53, 54, 52, 57, 59, 56, 58, 60]]
98: [[27, 35, 7, 2, 17, 1, 11, 5, 3, 14, 9, 12, 20, 4, 30], [10, 6, 8, 15, 13, 16, 22, 23, 18, 19, 21, 24, 25, 29, 28], [26, 31, 40, 34, 32, 37, 33, 39, 36, 38, 42, 45, 41, 43, 46], [44, 47, 49, 48, 55, 50, 51, 53, 54, 52, 57, 59, 56, 58, 60]]
99: [[27, 35, 7, 2, 17, 1, 11, 5, 3, 14, 9, 12, 20, 4, 30], [6, 8, 26, 13, 10, 19, 15, 18, 16, 29, 21, 22, 23, 24, 31], [25, 28, 40, 34, 32, 37, 33, 38, 36, 39, 42, 45, 41, 43, 44], [46, 47, 49, 48, 55, 50, 51, 53, 54, 52, 57, 59, 56, 58, 60]]
100: [[27, 35, 7, 2, 17, 1, 11, 5, 3, 14, 9, 12, 20, 4, 30], [24, 29, 8, 13, 31, 18, 15, 22, 16, 19, 23, 26, 10, 21, 6], [25, 28, 40, 34, 32, 37, 33, 39, 36, 38, 42, 45, 41, 43, 44], [46, 47, 49, 48, 55, 50, 51, 53, 54, 52, 57, 59, 56, 58, 60]]
101: [[27, 35, 7, 2, 17, 1, 11, 5, 3, 14, 9, 12, 20, 4, 30], [24, 10, 8, 13, 15, 26, 6, 16, 19, 21, 31, 29, 22, 18, 23], [25, 28, 40, 34, 32, 37, 33, 39, 36, 38, 42, 45, 41, 43, 44], [46, 47, 49, 48, 55, 54, 51, 53, 50, 52, 57, 59, 56, 58, 60]]
102: [[27, 35, 7, 2, 17, 1, 11, 5, 3, 14, 9, 12, 20, 4, 30], [6, 10, 8, 15, 13, 23, 24, 18, 16, 21, 19, 29, 22, 26, 31], [25, 28, 40, 34, 32, 37, 33, 39, 36, 38, 42, 45, 41, 43, 44], [47, 46, 49, 48, 55, 54, 51, 52, 50, 53, 57, 59, 56, 58, 60]]
103: [[27, 35, 7, 2, 17, 1, 11, 5, 3, 14, 9, 12, 20, 4, 30], [6, 8, 10, 13, 15, 16, 19, 23, 29, 26, 21, 22, 18, 24, 31], [25, 28, 40, 34, 32, 37, 33, 39, 36, 38, 42, 45, 41, 43, 44], [46, 47, 49, 48, 55, 50, 51, 53, 52, 54, 57, 59, 56, 58, 60]]
104: [[27, 35, 7, 2, 17, 1, 11, 5, 3, 14, 9, 12, 20, 4, 30], [6, 10, 8, 13, 22, 26, 15, 31, 18, 16, 19, 21, 23, 24, 29], [28, 25, 40, 34, 32, 37, 33, 38, 36, 39, 42, 45, 41, 43, 44], [47, 46, 49, 48, 55, 50, 53, 51, 52, 54, 57, 59, 56, 58, 60]]
105: [[27, 35, 7, 2, 17, 1, 11, 5, 3, 14, 9, 12, 20, 4, 30], [8, 10, 6, 15, 13, 21, 19, 18, 22, 23, 26, 31, 24, 16, 29], [25, 28, 40, 34, 32, 37, 33, 39, 36, 38, 42, 45, 41, 43, 44], [47, 46, 49, 48, 55, 50, 51, 53, 54, 52, 57, 59, 56, 58, 60]]
106: [[27, 35, 7, 2, 17, 1, 11, 5, 3, 14, 9, 12, 20, 4, 30], [6, 18, 8, 15, 13, 29, 10, 22, 19, 21, 23, 31, 24, 16, 26], [25, 28, 40, 34, 32, 37, 33, 39, 36, 38, 42, 45, 41, 43, 44], [46, 47, 49, 48, 55, 54, 51, 53, 50, 52, 57, 59, 56, 58, 60]]
107: [[27, 35, 7, 2, 17, 1, 11, 5, 3, 14, 9, 12, 20, 8, 30], [4, 19, 29, 31, 21, 6, 10, 26, 23, 16, 13, 18, 15, 24, 22], [25, 28, 40, 34, 32, 37, 33, 39, 44, 36, 43, 45, 38, 41, 42], [47, 46, 49, 48, 55, 54, 51, 53, 50, 52, 57, 59, 56, 58, 60]]
108: [[27, 35, 7, 2, 17, 1, 11, 5, 3, 14, 9, 12, 20, 4, 30], [6, 8, 25, 13, 10, 16, 29, 15, 18, 19, 22, 23, 21, 24, 31], [26, 28, 40, 34, 32, 37, 33, 39, 36, 38, 42, 45, 41, 43, 44], [46, 47, 49, 48, 55, 50, 51, 53, 52, 54, 57, 59, 56, 58, 60]]
109: [[27, 35, 7, 2, 17, 1, 11, 5, 3, 14, 9, 12, 20, 4, 30], [6, 15, 8, 13, 10, 23, 24, 22, 16, 21, 19, 18, 26, 25, 29], [28, 31, 40, 34, 32, 37, 33, 39, 36, 38, 42, 45, 41, 43, 44], [47, 46, 49, 48, 55, 50, 51, 52, 53, 54, 57, 59, 56, 58, 60]]
110: [[27, 35, 7, 2, 17, 1, 11, 5, 3, 14, 9, 12, 20, 4, 30], [10, 6, 24, 29, 8, 19, 13, 16, 15, 23, 18, 21, 26, 25, 22], [28, 31, 40, 34, 32, 37, 33, 39, 36, 38, 42, 45, 41, 43, 44], [46, 47, 49, 48, 55, 50, 51, 53, 54, 52, 57, 59, 56, 58, 60]]
111: [[27, 35, 7, 2, 17, 1, 11, 5, 3, 14, 9, 12, 4, 6, 30], [8, 15, 10, 31, 16, 19, 23, 13, 18, 20, 22, 28, 25, 21, 24], [26, 29, 40, 34, 32, 37, 33, 46, 36, 39, 43, 45, 38, 41, 44], [42, 47, 49, 48, 51, 54, 50, 52, 55, 53, 57, 59, 56, 58, 60]]
112: [[27, 35, 7, 2, 17, 1, 11, 5, 3, 14, 9, 12, 4, 6, 30], [20, 8, 13, 15, 28, 18, 22, 19, 10, 21, 25, 24, 23, 16, 29], [26, 31, 40, 34, 36, 37, 32, 39, 33, 38, 43, 45, 41, 42, 44], [47, 46, 49, 48, 55, 51, 59, 50, 52, 53, 54, 57, 58, 56, 60]]
113: [[27, 35, 7, 2, 17, 1, 11, 5, 3, 14, 9, 12, 20, 10, 30], [4, 26, 28, 15, 6, 19, 8, 13, 23, 16, 18, 22, 24, 21, 31], [25, 29, 40, 34, 32, 37, 33, 39, 36, 38, 43, 45, 41, 42, 46], [47, 44, 49, 48, 55, 54, 50, 52, 51, 53, 57, 59, 56, 58, 60]]
114: [[27, 35, 7, 2, 17, 1, 11, 5, 3, 14, 9, 12, 20, 4, 30], [6, 8, 10, 15, 25, 23, 24, 22, 13, 16, 18, 28, 19, 31, 26], [29, 21, 40, 34, 32, 37, 33, 39, 36, 38, 42, 45, 41, 43, 44], [47, 46, 49, 48, 55, 50, 51, 53, 54, 52, 57, 59, 56, 58, 60]]
115: [[27, 35, 7, 2, 17, 1, 11, 5, 3, 14, 9, 12, 4, 30, 10], [8, 13, 15, 19, 16, 23, 22, 20, 18, 28, 25, 24, 26, 21, 6], [29, 31, 40, 34, 32, 37, 36, 46, 38, 39, 42, 45, 33, 43, 44], [41, 47, 49, 48, 51, 54, 50, 53, 52, 55, 57, 59, 56, 58, 60]]
116: [[27, 35, 7, 2, 17, 1, 11, 5, 3, 14, 9, 13, 4, 12, 30], [8, 10, 19, 15, 20, 18, 21, 16, 22, 25, 6, 26, 23, 28, 24], [29, 31, 41, 34, 32, 37, 36, 39, 33, 38, 46, 45, 44, 42, 40], [43, 47, 49, 48, 51, 50, 52, 55, 53, 54, 59, 57, 60, 56, 58]]
117: [[27, 35, 7, 2, 17, 1, 11, 5, 3, 14, 9, 13, 4, 6, 30], [10, 22, 8, 15, 24, 19, 16, 18, 26, 21, 23, 25, 29, 20, 28], [12, 31, 41, 34, 38, 37, 32, 39, 36, 33, 42, 45, 43, 46, 40], [47, 44, 49, 48, 55, 51, 58, 53, 54, 52, 57, 56, 50, 59, 60]]
118: [[27, 35, 7, 2, 17, 1, 11, 5, 3, 14, 9, 13, 20, 6, 30, 8, 4, 10, 15], [21, 19, 22, 16, 18, 23, 12, 28, 26, 24, 29, 25, 31, 40, 34, 32, 33, 36, 37], [38, 39, 43, 45, 41, 42, 44], [47, 46, 49, 48, 55, 54, 50, 51, 52, 53, 57, 59, 56, 58, 60]]
119: [[27, 35, 7, 2, 17, 1, 11, 5, 3, 14, 9, 13, 20, 4, 30, 24, 22, 6, 15], [26, 23, 8, 12, 10, 16, 19, 21, 18, 29, 25, 28, 31, 41, 34, 32, 36, 37, 33], [38, 39, 47, 45, 42, 43, 40], [44, 46, 49, 48, 51, 54, 50, 52, 53, 55, 59, 57, 58, 56, 60]]
120: [[27, 35, 7, 2, 17, 1, 11, 5, 3, 14, 9, 13, 20, 6, 30, 8, 12, 15, 10], [16, 19, 18, 22, 4, 21, 23, 24, 26, 28, 31, 25, 29, 40, 34, 32, 33, 37, 42], [36, 39, 47, 45, 41, 38, 44], [43, 46, 49, 48, 51, 54, 50, 55, 52, 53, 57, 59, 58, 56, 60]]
121: [[27, 35, 7, 2, 17, 1, 11, 5, 3, 14, 9, 13, 4, 8, 30, 6, 12, 15, 31], [16, 18, 23, 19, 10, 20, 22], [28, 24, 21, 25, 29, 26, 40, 34, 32, 37, 33, 42, 38, 39, 47, 45, 36, 43, 44], [41, 46, 49, 48, 51, 54, 50, 53, 55, 52, 57, 59, 58, 56, 60]]
