0: [[21, 13, 6, 3, 1, 35, 2, 4, 5, 7, 8, 17], [15, 9, 10, 11, 12, 29, 23, 16, 22, 24, 18, 28], [20, 14, 19, 30, 25, 26, 27, 31, 40, 32, 33, 34], [37, 36, 47, 39, 38, 45, 42, 41, 43, 46, 44, 51], [49, 52, 50, 48, 53, 54, 55, 59, 56, 57, 58, 60]]
1: [[21, 13, 6, 3, 1, 35, 2, 4, 5, 7, 8, 17], [15, 9, 10, 11, 12, 29, 23, 16, 22, 24, 18, 28], [20, 14, 19, 30, 25, 26, 27, 31, 40, 32, 33, 34], [37, 36, 47, 39, 38, 45, 42, 41, 43, 46, 44, 51], [49, 52, 50, 48, 53, 54, 55, 59, 56, 57, 58, 60]]
2: [[21, 13, 6, 3, 1, 35, 2, 4, 5, 7, 8, 17], [15, 9, 10, 11, 12, 29, 23, 16, 22, 24, 18, 28], [20, 14, 19, 30, 25, 26, 27, 31, 40, 32, 33, 34], [37, 36, 47, 39, 38, 45, 42, 41, 43, 46, 44, 51], [49, 52, 50, 48, 53, 54, 55, 59, 56, 57, 58, 60]]
3: [[21, 13, 6, 3, 1, 35, 2, 4, 5, 7, 8, 17], [15, 9, 10, 11, 12, 29, 23, 16, 22, 24, 18, 28], [20, 14, 19, 30, 25, 26, 27, 31, 40, 32, 33, 34], [37, 36, 47, 39, 38, 45, 42, 41, 43, 46, 44, 51], [49, 52, 50, 48, 53, 54, 55, 59, 56, 57, 58, 60]]
4: [[21, 13, 6, 3, 1, 35, 2, 4, 5, 7, 8, 17], [15, 9, 10, 11, 12, 29, 23, 16, 22, 24, 18, 28], [20, 14, 19, 30, 25, 26, 27, 31, 40, 32, 33, 34], [37, 36, 47, 39, 38, 45, 42, 41, 43, 46, 44, 51], [49, 52, 50, 48, 53, 54, 55, 59, 56, 57, 58, 60]]
5: [[21, 13, 6, 3, 1, 35, 2, 4, 5, 7, 8, 17], [15, 9, 10, 11, 12, 29, 23, 16, 22, 24, 18, 28], [20, 14, 19, 30, 25, 26, 27, 31, 40, 32, 33, 34], [37, 36, 47, 39, 38, 45, 42, 41, 43, 46, 44, 51], [49, 52, 50, 48, 53, 54, 55, 59, 56, 57, 58, 60]]
6: [[21, 13, 6, 3, 1, 35, 2, 4, 5, 7, 8, 17], [15, 9, 10, 11, 12, 29, 23, 16, 22, 24, 18, 28], [20, 14, 19, 30, 25, 26, 27, 31, 40, 32, 33, 34], [37, 36, 47, 39, 38, 45, 42, 41, 43, 46, 44, 51], [49, 52, 50, 48, 53, 54, 55, 59, 56, 57, 58, 60]]
7: [[21, 13, 6, 3, 1, 35, 2, 4, 5, 7, 8, 17], [15, 9, 10, 11, 12, 29, 23, 16, 22, 24, 18, 28], [20, 14, 19, 30, 25, 26, 27, 31, 40, 32, 33, 34], [37, 36, 47, 39, 38, 45, 42, 41, 43, 46, 44, 51], [49, 52, 50, 48, 53, 54, 55, 59, 56, 57, 58, 60]]
8: [[21, 13, 6, 3, 1, 35, 2, 4, 5, 7, 8, 17], [15, 9, 10, 11, 12, 29, 23, 16, 22, 24, 18, 28], [20, 14, 19, 30, 25, 26, 27, 31, 40, 32, 33, 34], [37, 36, 47, 39, 38, 45, 42, 41, 43, 46, 44, 51], [49, 52, 50, 48, 53, 54, 55, 59, 56, 57, 58, 60]]
9: [[21, 13, 6, 3, 1, 35, 2, 4, 5, 7, 8, 17], [15, 9, 10, 11, 12, 29, 23, 16, 22, 24, 18, 28], [20, 14, 19, 30, 25, 26, 27, 31, 40, 32, 33, 34], [37, 36, 47, 39, 38, 45, 42, 41, 43, 46, 44, 51], [49, 52, 50, 48, 53, 54, 55, 59, 56, 57, 58, 60]]
10: [[21, 13, 6, 3, 1, 35, 2, 4, 5, 7, 8, 17], [15, 9, 10, 11, 12, 29, 23, 16, 22, 24, 18, 28], [20, 14, 19, 30, 25, 26, 27, 31, 40, 32, 33, 34], [37, 36, 47, 39, 38, 45, 42, 41, 43, 46, 44, 51], [49, 52, 50, 48, 53, 54, 55, 59, 56, 57, 58, 60]]
11: [[21, 13, 6, 3, 1, 35, 2, 4, 5, 7, 8, 17], [15, 9, 10, 11, 12, 29, 23, 16, 22, 24, 18, 28], [20, 14, 19, 30, 25, 26, 27, 31, 40, 32, 33, 34], [37, 36, 47, 39, 38, 45, 42, 41, 43, 46, 44, 51], [49, 52, 50, 48, 53, 54, 55, 59, 56, 57, 58, 60]]
12: [[21, 13, 6, 3, 1, 35, 2, 4, 5, 7, 8, 17], [15, 9, 10, 11, 12, 29, 23, 16, 22, 24, 18, 28], [20, 14, 19, 30, 25, 26, 27, 31, 40, 32, 33, 34], [37, 36, 47, 39, 38, 45, 42, 41, 43, 46, 44, 51], [49, 52, 50, 48, 53, 54, 55, 59, 56, 57, 58, 60]]
13: [[21, 13, 6, 3, 1, 35, 2, 4, 5, 7, 8, 17], [15, 9, 10, 11, 12, 29, 23, 16, 22, 24, 18, 28], [20, 14, 19, 30, 25, 26, 27, 31, 40, 32, 33, 34], [37, 36, 47, 39, 38, 45, 42, 41, 43, 46, 44, 51], [49, 52, 50, 48, 53, 54, 55, 59, 56, 57, 58, 60]]
14: [[21, 13, 6, 3, 1, 35, 2, 4, 5, 7, 8, 17], [15, 9, 10, 11, 12, 29, 23, 16, 22, 24, 18, 28], [20, 14, 19, 30, 25, 26, 27, 31, 40, 32, 33, 34], [37, 36, 47, 39, 38, 45, 42, 41, 43, 46, 44, 51], [49, 52, 50, 48, 53, 54, 55, 59, 56, 57, 58, 60]]
15: [[21, 13, 6, 3, 1, 35, 2, 4, 5, 7, 8, 17], [15, 9, 10, 11, 12, 29, 23, 16, 22, 24, 18, 28], [20, 14, 19, 30, 25, 26, 27, 31, 40, 32, 33, 34], [37, 36, 47, 39, 38, 45, 42, 41, 43, 46, 44, 51], [49, 52, 50, 48, 53, 54, 55, 59, 56, 57, 58, 60]]
16: [[21, 13, 6, 3, 1, 35, 2, 4, 5, 7, 8, 17], [15, 9, 10, 11, 12, 29, 23, 16, 22, 24, 18, 28], [20, 14, 19, 30, 25, 26, 27, 31, 40, 32, 33, 34], [37, 36, 47, 39, 38, 45, 42, 41, 43, 46, 44, 51], [49, 52, 50, 48, 53, 54, 55, 59, 56, 57, 58, 60]]
17: [[21, 13, 6, 3, 1, 35, 2, 4, 5, 7, 8, 17], [15, 9, 10, 11, 12, 29, 23, 16, 22, 24, 18, 28], [20, 14, 19, 30, 25, 26, 27, 31, 40, 32, 33, 34], [37, 36, 47, 39, 38, 45, 42, 41, 43, 46, 44, 51], [49, 52, 50, 48, 53, 54, 55, 59, 56, 57, 58, 60]]
18: [[21, 13, 6, 3, 1, 35, 2, 4, 5, 7, 8, 17], [15, 9, 10, 11, 12, 29, 23, 16, 22, 24, 18, 28], [20, 14, 19, 30, 25, 26, 27, 31, 40, 32, 33, 34], [37, 36, 47, 39, 38, 45, 42, 41, 43, 46, 44, 51], [49, 52, 50, 48, 53, 54, 55, 59, 56, 57, 58, 60]]
19: [[21, 13, 6, 3, 1, 35, 2, 4, 5, 7, 8, 17], [15, 9, 10, 11, 12, 29, 23, 16, 22, 24, 18, 28], [20, 14, 19, 30, 25, 26, 27, 31, 40, 32, 33, 34], [37, 36, 47, 39, 38, 45, 42, 41, 43, 46, 44, 51], [49, 52, 50, 48, 53, 54, 55, 59, 56, 57, 58, 60]]
20: [[21, 13, 6, 3, 1, 35, 2, 4, 5, 7, 8, 17], [15, 9, 10, 11, 12, 29, 23, 16, 22, 24, 18, 28], [20, 14, 19, 30, 25, 26, 27, 31, 40, 32, 33, 34], [37, 36, 47, 39, 38, 45, 42, 41, 43, 46, 44, 51], [49, 52, 50, 48, 53, 54, 55, 59, 56, 57, 58, 60]]
21: [[21, 13, 6, 3, 1, 35, 2, 4, 5, 7, 8, 17], [15, 9, 10, 11, 12, 29, 23, 16, 22, 24, 18, 28], [20, 14, 19, 30, 25, 26, 27, 31, 40, 32, 33, 34], [37, 36, 47, 39, 38, 45, 42, 41, 43, 46, 44, 51], [49, 52, 50, 48, 53, 54, 55, 59, 56, 57, 58, 60]]
22: [[21, 13, 6, 3, 1, 35, 2, 4, 5, 7, 8, 17], [15, 9, 10, 11, 12, 29, 23, 16, 22, 24, 18, 28], [20, 14, 19, 30, 25, 26, 27, 31, 40, 32, 33, 34], [37, 36, 47, 39, 38, 45, 42, 41, 43, 46, 44, 51], [49, 52, 50, 48, 53, 54, 55, 59, 56, 57, 58, 60]]
23: [[21, 13, 6, 3, 1, 35, 2, 4, 5, 7, 8, 17], [15, 9, 10, 11, 12, 29, 23, 16, 22, 24, 18, 28], [20, 14, 19, 30, 25, 26, 27, 31, 40, 32, 33, 34], [37, 36, 47, 39, 38, 45, 42, 41, 43, 46, 44, 51], [49, 52, 50, 48, 53, 54, 55, 59, 56, 57, 58, 60]]
24: [[21, 13, 6, 3, 1, 35, 2, 4, 5, 7, 8, 17], [15, 9, 10, 11, 12, 29, 23, 16, 22, 24, 18, 28], [20, 14, 19, 30, 25, 26, 27, 31, 40, 32, 33, 34], [37, 36, 47, 39, 38, 45, 42, 41, 43, 46, 44, 51], [49, 52, 50, 48, 53, 54, 55, 59, 56, 57, 58, 60]]
25: [[21, 13, 6, 3, 1, 35, 2, 4, 5, 7, 8, 17], [15, 9, 10, 11, 12, 29, 23, 16, 22, 24, 18, 28], [20, 14, 19, 30, 25, 26, 27, 31, 40, 32, 33, 34], [37, 36, 47, 39, 38, 45, 42, 41, 43, 46, 44, 51], [49, 52, 50, 48, 53, 54, 55, 59, 56, 57, 58, 60]]
26: [[21, 13, 6, 3, 1, 35, 2, 4, 5, 7, 8, 17], [15, 9, 10, 11, 12, 29, 23, 16, 22, 24, 18, 28], [20, 14, 19, 30, 25, 26, 27, 31, 40, 32, 33, 34], [37, 36, 47, 39, 38, 45, 42, 41, 43, 46, 44, 51], [49, 52, 50, 48, 53, 54, 55, 59, 56, 57, 58, 60]]
27: [[21, 13, 6, 3, 1, 35, 2, 4, 5, 7, 8, 17], [15, 9, 10, 11, 12, 29, 23, 16, 22, 24, 18, 28], [20, 14, 19, 30, 25, 26, 27, 31, 40, 32, 33, 34], [37, 36, 47, 39, 38, 45, 42, 41, 43, 46, 44, 51], [49, 52, 50, 48, 53, 54, 55, 59, 56, 57, 58, 60]]
28: [[21, 13, 6, 3, 1, 35, 2, 4, 5, 7, 8, 17], [15, 9, 10, 11, 12, 29, 23, 16, 22, 24, 18, 28], [20, 14, 19, 30, 25, 26, 27, 31, 40, 32, 33, 34], [37, 36, 47, 39, 38, 45, 42, 41, 43, 46, 44, 51], [49, 52, 50, 48, 53, 54, 55, 59, 56, 57, 58, 60]]
29: [[21, 13, 6, 3, 1, 35, 2, 4, 5, 7, 8, 17], [15, 9, 10, 11, 12, 29, 23, 16, 22, 24, 18, 28], [20, 14, 19, 30, 25, 26, 27, 31, 40, 32, 33, 34], [37, 36, 47, 39, 38, 45, 42, 41, 43, 46, 44, 51], [49, 52, 50, 48, 53, 54, 55, 59, 56, 57, 58, 60]]
30: [[21, 13, 6, 3, 1, 35, 2, 4, 5, 7, 8, 17], [15, 9, 10, 11, 12, 29, 23, 16, 22, 24, 18, 28], [20, 14, 19, 30, 25, 26, 27, 31, 40, 32, 33, 34], [37, 36, 47, 39, 38, 45, 42, 41, 43, 46, 44, 51], [49, 52, 50, 48, 53, 54, 55, 59, 56, 57, 58, 60]]
31: [[21, 13, 6, 3, 1, 35, 2, 4, 5, 7, 8, 17], [15, 9, 10, 11, 12, 29, 23, 16, 22, 24, 18, 28], [20, 14, 19, 30, 25, 26, 27, 31, 40, 32, 33, 34], [37, 36, 47, 39, 38, 45, 42, 41, 43, 46, 44, 51], [49, 52, 50, 48, 53, 54, 55, 59, 56, 57, 58, 60]]
32: [[21, 13, 6, 3, 1, 35, 2, 4, 5, 7, 8, 17], [15, 9, 10, 11, 12, 29, 23, 16, 22, 24, 18, 28], [20, 14, 19, 30, 25, 26, 27, 31, 40, 32, 33, 34], [37, 36, 47, 39, 38, 45, 42, 41, 43, 46, 44, 51], [49, 52, 50, 48, 53, 54, 55, 59, 56, 57, 58, 60]]
33: [[21, 13, 6, 3, 1, 35, 2, 4, 5, 7, 8, 17], [15, 9, 10, 11, 12, 29, 23, 16, 22, 24, 18, 28], [20, 14, 19, 30, 25, 26, 27, 31, 40, 32, 33, 34], [37, 36, 47, 39, 38, 45, 42, 41, 43, 46, 44, 51], [49, 52, 50, 48, 53, 54, 55, 59, 56, 57, 58, 60]]
34: [[21, 13, 6, 3, 1, 35, 2, 4, 5, 7, 8, 17], [15, 9, 10, 11, 12, 29, 23, 16, 22, 24, 18, 28], [20, 14, 19, 30, 25, 26, 27, 31, 40, 32, 33, 34], [37, 36, 47, 39, 38, 45, 42, 41, 43, 46, 44, 51], [49, 52, 50, 48, 53, 54, 55, 59, 56, 57, 58, 60]]
35: [[21, 13, 6, 3, 1, 35, 2, 4, 5, 7, 8, 17], [15, 9, 10, 11, 12, 29, 23, 16, 22, 24, 18, 28], [20, 14, 19, 30, 25, 26, 27, 31, 40, 32, 33, 34], [37, 36, 47, 39, 38, 45, 42, 41, 43, 46, 44, 51], [49, 52, 50, 48, 53, 54, 55, 59, 56, 57, 58, 60]]
36: [[21, 13, 6, 3, 1, 35, 2, 4, 5, 7, 8, 17], [15, 9, 10, 11, 12, 29, 23, 16, 22, 24, 18, 28], [20, 14, 19, 30, 25, 26, 27, 31, 40, 32, 33, 34], [37, 36, 47, 39, 38, 45, 42, 41, 43, 46, 44, 51], [49, 52, 50, 48, 53, 54, 55, 59, 56, 57, 58, 60]]
37: [[21, 13, 6, 3, 1, 35, 2, 4, 5, 7, 8, 17], [15, 9, 10, 11, 12, 29, 23, 16, 22, 24, 18, 28], [20, 14, 19, 30, 25, 26, 27, 31, 40, 32, 33, 34], [37, 36, 47, 39, 38, 45, 42, 41, 43, 46, 44, 51], [49, 52, 50, 48, 53, 54, 55, 59, 56, 57, 58, 60]]
38: [[21, 13, 6, 3, 1, 35, 2, 4, 5, 7, 8, 17], [15, 9, 10, 11, 12, 29, 23, 16, 22, 24, 18, 28], [20, 14, 19, 30, 25, 26, 27, 31, 40, 32, 33, 34], [37, 36, 47, 39, 38, 45, 42, 41, 43, 46, 44, 51], [49, 52, 50, 48, 53, 54, 55, 59, 56, 57, 58, 60]]
39: [[21, 13, 6, 3, 1, 35, 2, 4, 5, 7, 8, 17], [15, 9, 10, 11, 12, 29, 23, 16, 22, 24, 18, 28], [20, 14, 19, 30, 25, 26, 27, 31, 40, 32, 33, 34], [37, 36, 47, 39, 38, 45, 42, 41, 43, 46, 44, 51], [49, 52, 50, 48, 53, 54, 55, 59, 56, 57, 58, 60]]
40: [[21, 13, 6, 3, 1, 35, 2, 4, 5, 7, 8, 17], [15, 9, 10, 11, 12, 29, 23, 16, 22, 24, 18, 28], [20, 14, 19, 30, 25, 26, 27, 31, 40, 32, 33, 34], [37, 36, 47, 39, 38, 45, 42, 41, 43, 46, 44, 51], [49, 52, 50, 48, 53, 54, 55, 59, 56, 57, 58, 60]]
41: [[21, 13, 6, 3, 1, 35, 2, 4, 5, 7, 8, 17], [15, 9, 10, 11, 12, 29, 23, 16, 22, 24, 18, 28], [20, 14, 19, 30, 25, 26, 27, 31, 40, 32, 33, 34], [37, 36, 47, 39, 38, 45, 42, 41, 43, 46, 44, 51], [49, 52, 50, 48, 53, 54, 55, 59, 56, 57, 58, 60]]
42: [[21, 13, 6, 3, 1, 35, 2, 4, 5, 7, 8, 17], [15, 9, 10, 11, 12, 29, 23, 16, 22, 24, 18, 28], [20, 14, 19, 30, 25, 26, 27, 31, 40, 32, 33, 34], [37, 36, 47, 39, 38, 45, 42, 41, 43, 46, 44, 51], [49, 52, 50, 48, 53, 54, 55, 59, 56, 57, 58, 60]]
43: [[21, 13, 6, 3, 1, 35, 2, 4, 5, 7, 8, 17], [15, 9, 10, 11, 12, 29, 23, 16, 22, 24, 18, 28], [20, 14, 19, 30, 25, 26, 27, 31, 40, 32, 33, 34], [37, 36, 47, 39, 38, 45, 42, 41, 43, 46, 44, 51], [49, 52, 50, 48, 53, 54, 55, 59, 56, 57, 58, 60]]
44: [[21, 13, 6, 3, 1, 35, 2, 4, 5, 7, 8, 17], [15, 9, 10, 11, 12, 29, 23, 16, 22, 24, 18, 28], [20, 14, 19, 30, 25, 26, 27, 31, 40, 32, 33, 34], [37, 36, 47, 39, 38, 45, 42, 41, 43, 46, 44, 51], [49, 52, 50, 48, 53, 54, 55, 59, 56, 57, 58, 60]]
45: [[21, 13, 6, 3, 1, 35, 2, 4, 5, 7, 8, 17], [15, 9, 10, 11, 12, 29, 23, 16, 22, 24, 18, 28], [20, 14, 19, 30, 25, 26, 27, 31, 40, 32, 33, 34], [37, 36, 47, 39, 38, 45, 42, 41, 43, 46, 44, 51], [49, 52, 50, 48, 53, 54, 55, 59, 56, 57, 58, 60]]
46: [[21, 13, 6, 3, 1, 35, 2, 4, 5, 7, 8, 17], [15, 9, 10, 11, 12, 29, 23, 16, 22, 24, 18, 28], [20, 14, 19, 30, 25, 26, 27, 31, 40, 32, 33, 34], [37, 36, 47, 39, 38, 45, 42, 41, 43, 46, 44, 51], [49, 52, 50, 48, 53, 54, 55, 59, 56, 57, 58, 60]]
47: [[21, 13, 6, 3, 1, 35, 2, 4, 5, 7, 8, 17], [15, 9, 10, 11, 12, 29, 23, 16, 22, 24, 18, 28], [20, 14, 19, 30, 25, 26, 27, 31, 40, 32, 33, 34], [37, 36, 47, 39, 38, 45, 42, 41, 43, 46, 44, 51], [49, 52, 50, 48, 53, 54, 55, 59, 56, 57, 58, 60]]
48: [[21, 13, 6, 3, 1, 35, 2, 4, 5, 7, 8, 17], [15, 9, 10, 11, 12, 29, 23, 16, 22, 24, 18, 28], [20, 14, 19, 30, 25, 26, 27, 31, 40, 32, 33, 34], [37, 36, 47, 39, 38, 45, 42, 41, 43, 46, 44, 51], [49, 52, 50, 48, 53, 54, 55, 59, 56, 57, 58, 60]]
49: [[21, 13, 6, 3, 1, 35, 2, 4, 5, 7, 8, 17], [15, 9, 10, 11, 12, 29, 23, 16, 22, 24, 18, 28], [20, 14, 19, 30, 25, 26, 27, 31, 40, 32, 33, 34], [37, 36, 47, 39, 38, 45, 42, 41, 43, 46, 44, 51], [49, 52, 50, 48, 53, 54, 55, 59, 56, 57, 58, 60]]
50: [[21, 13, 6, 3, 1, 35, 2, 4, 5, 7, 8, 17], [15, 9, 10, 11, 12, 29, 23, 16, 22, 24, 18, 28], [20, 14, 19, 30, 25, 26, 27, 31, 40, 32, 33, 34], [37, 36, 47, 39, 38, 45, 42, 41, 43, 46, 44, 51], [49, 52, 50, 48, 53, 54, 55, 59, 56, 57, 58, 60]]
51: [[21, 13, 6, 3, 1, 35, 2, 4, 5, 7, 8, 17], [15, 9, 10, 11, 12, 29, 23, 16, 22, 24, 18, 28], [20, 14, 19, 30, 25, 26, 27, 31, 40, 32, 33, 34], [37, 36, 47, 39, 38, 45, 42, 41, 43, 46, 44, 51], [49, 52, 50, 48, 53, 54, 55, 59, 56, 57, 58, 60]]
52: [[21, 13, 6, 3, 1, 35, 2, 4, 5, 7, 8, 17], [15, 9, 10, 11, 12, 29, 23, 16, 22, 24, 18, 28], [20, 14, 19, 30, 25, 26, 27, 31, 40, 32, 33, 34], [37, 36, 47, 39, 38, 45, 42, 41, 43, 46, 44, 51], [49, 52, 50, 48, 53, 54, 55, 59, 56, 57, 58, 60]]
53: [[21, 13, 6, 3, 1, 35, 2, 4, 5, 7, 8, 17], [15, 9, 10, 11, 12, 29, 23, 16, 22, 24, 18, 28], [20, 14, 19, 30, 25, 26, 27, 31, 40, 32, 33, 34], [37, 36, 47, 39, 38, 45, 42, 41, 43, 46, 44, 51], [49, 52, 50, 48, 53, 54, 55, 59, 56, 57, 58, 60]]
54: [[21, 13, 6, 3, 1, 35, 2, 4, 5, 7, 8, 17], [15, 9, 10, 11, 12, 29, 23, 16, 22, 24, 18, 28], [20, 14, 19, 30, 25, 26, 27, 31, 40, 32, 33, 34], [37, 36, 47, 39, 38, 45, 42, 41, 43, 46, 44, 51], [49, 52, 50, 48, 53, 54, 55, 59, 56, 57, 58, 60]]
55: [[21, 13, 6, 3, 1, 35, 2, 4, 5, 7, 8, 17], [15, 9, 10, 11, 12, 29, 23, 16, 22, 24, 18, 28], [20, 14, 19, 30, 25, 26, 27, 31, 40, 32, 33, 34], [37, 36, 47, 39, 38, 45, 42, 41, 43, 46, 44, 51], [49, 52, 50, 48, 53, 54, 55, 59, 56, 57, 58, 60]]
56: [[21, 13, 6, 3, 1, 35, 2, 4, 5, 7, 8, 17], [15, 9, 10, 11, 12, 29, 23, 16, 22, 24, 18, 28], [20, 14, 19, 30, 25, 26, 27, 31, 40, 32, 33, 34], [37, 36, 47, 39, 38, 45, 42, 41, 43, 46, 44, 51], [49, 52, 50, 48, 53, 54, 55, 59, 56, 57, 58, 60]]
57: [[21, 13, 6, 3, 1, 35, 2, 4, 5, 7, 8, 17], [15, 9, 10, 11, 12, 29, 23, 16, 22, 24, 18, 28], [20, 14, 19, 30, 25, 26, 27, 31, 40, 32, 33, 34], [37, 36, 47, 39, 38, 45, 42, 41, 43, 46, 44, 51], [49, 52, 50, 48, 53, 54, 55, 59, 56, 57, 58, 60]]
58: [[21, 13, 6, 3, 1, 35, 2, 4, 5, 7, 8, 17], [15, 9, 10, 11, 12, 29, 23, 16, 22, 24, 18, 28], [20, 14, 19, 30, 25, 26, 27, 31, 40, 32, 33, 34], [37, 36, 47, 39, 38, 45, 42, 41, 43, 46, 44, 51], [49, 52, 50, 48, 53, 54, 55, 59, 56, 57, 58, 60]]
59: [[21, 13, 6, 3, 1, 35, 2, 4, 5, 7, 8, 17], [15, 9, 10, 11, 12, 29, 23, 16, 22, 24, 18, 28], [20, 14, 19, 30, 25, 26, 27, 31, 40, 32, 33, 34], [37, 36, 47, 39, 38, 45, 42, 41, 43, 46, 44, 51], [49, 52, 50, 48, 53, 54, 55, 59, 56, 57, 58, 60]]
60: [[21, 13, 6, 3, 1, 35, 2, 4, 5, 7, 8, 17], [15, 9, 10, 11, 12, 29, 23, 16, 22, 24, 18, 28], [20, 14, 19, 30, 25, 26, 27, 31, 40, 32, 33, 34], [37, 36, 47, 39, 38, 45, 42, 41, 43, 46, 44, 51], [49, 52, 50, 48, 53, 54, 55, 59, 56, 57, 58, 60]]
61: [[21, 13, 6, 3, 1, 35, 2, 4, 5, 7, 8, 17], [15, 9, 10, 11, 12, 29, 23, 16, 22, 24, 18, 28], [20, 14, 19, 30, 25, 26, 27, 31, 40, 32, 33, 34], [37, 36, 47, 39, 38, 45, 42, 41, 43, 46, 44, 51], [49, 52, 50, 48, 53, 54, 55, 59, 56, 57, 58, 60]]
62: [[21, 13, 6, 3, 1, 35, 2, 4, 5, 7, 8, 17], [15, 9, 10, 11, 12, 29, 23, 16, 22, 24, 18, 28], [20, 14, 19, 30, 25, 26, 27, 31, 40, 32, 33, 34], [37, 36, 47, 39, 38, 45, 42, 41, 43, 46, 44, 51], [49, 52, 50, 48, 53, 54, 55, 59, 56, 57, 58, 60]]
63: [[21, 13, 6, 3, 1, 35, 2, 4, 5, 7, 8, 17], [15, 9, 10, 11, 12, 29, 23, 16, 22, 24, 18, 28], [20, 14, 19, 30, 25, 26, 27, 31, 40, 32, 33, 34], [37, 36, 47, 39, 38, 45, 42, 41, 43, 46, 44, 51], [49, 52, 50, 48, 53, 54, 55, 59, 56, 57, 58, 60]]
64: [[21, 13, 6, 3, 1, 35, 2, 4, 5, 7, 8, 17], [15, 9, 10, 11, 12, 29, 23, 16, 22, 24, 18, 28], [20, 14, 19, 30, 25, 26, 27, 31, 40, 32, 33, 34], [37, 36, 47, 39, 38, 45, 42, 41, 43, 46, 44, 51], [49, 52, 50, 48, 53, 54, 55, 59, 56, 57, 58, 60]]
65: [[21, 13, 6, 3, 1, 35, 2, 4, 5, 7, 8, 17], [15, 9, 10, 11, 12, 29, 23, 16, 22, 24, 18, 28], [20, 14, 19, 30, 25, 26, 27, 31, 40, 32, 33, 34], [37, 36, 47, 39, 38, 45, 42, 41, 43, 46, 44, 51], [49, 52, 50, 48, 53, 54, 55, 59, 56, 57, 58, 60]]
66: [[21, 13, 6, 3, 1, 35, 2, 4, 5, 7, 8, 17], [15, 9, 10, 11, 12, 29, 23, 16, 22, 24, 18, 28], [20, 14, 19, 30, 25, 26, 27, 31, 40, 32, 33, 34], [37, 36, 47, 39, 38, 45, 42, 41, 43, 46, 44, 51], [49, 52, 50, 48, 53, 54, 55, 59, 56, 57, 58, 60]]
67: [[21, 13, 6, 3, 1, 35, 2, 4, 5, 7, 8, 17], [15, 9, 10, 11, 12, 29, 23, 16, 22, 24, 18, 28], [20, 14, 19, 30, 25, 26, 27, 31, 40, 32, 33, 34], [37, 36, 47, 39, 38, 45, 42, 41, 43, 46, 44, 51], [49, 52, 50, 48, 53, 54, 55, 59, 56, 57, 58, 60]]
68: [[21, 13, 6, 3, 1, 35, 2, 4, 5, 7, 8, 17], [15, 9, 10, 11, 12, 29, 23, 16, 22, 24, 18, 28], [20, 14, 19, 30, 25, 26, 27, 31, 40, 32, 33, 34], [37, 36, 47, 39, 38, 45, 42, 41, 43, 46, 44, 51], [49, 52, 50, 48, 53, 54, 55, 59, 56, 57, 58, 60]]
69: [[21, 13, 6, 3, 1, 35, 2, 4, 5, 7, 8, 17], [15, 9, 10, 11, 12, 29, 23, 16, 22, 24, 18, 28], [20, 14, 19, 30, 25, 26, 27, 31, 40, 32, 33, 34], [37, 36, 47, 39, 38, 45, 42, 41, 43, 46, 44, 51], [49, 52, 50, 48, 53, 54, 55, 59, 56, 57, 58, 60]]
70: [[21, 13, 6, 3, 1, 35, 2, 4, 5, 7, 8, 17], [15, 9, 10, 11, 12, 29, 23, 16, 22, 24, 18, 28], [20, 14, 19, 30, 25, 26, 27, 31, 40, 32, 33, 34], [37, 36, 47, 39, 38, 45, 42, 41, 43, 46, 44, 51], [49, 52, 50, 48, 53, 54, 55, 59, 56, 57, 58, 60]]
71: [[21, 13, 6, 3, 1, 35, 2, 4, 5, 7, 8, 17], [15, 9, 10, 11, 12, 29, 23, 16, 22, 24, 18, 28], [20, 14, 19, 30, 25, 26, 27, 31, 40, 32, 33, 34], [37, 36, 47, 39, 38, 45, 42, 41, 43, 46, 44, 51], [49, 52, 50, 48, 53, 54, 55, 59, 56, 57, 58, 60]]
72: [[21, 13, 6, 3, 1, 35, 2, 4, 5, 7, 8, 17], [15, 9, 10, 11, 12, 29, 23, 16, 22, 24, 18, 28], [20, 14, 19, 30, 25, 26, 27, 31, 40, 32, 33, 34], [37, 36, 47, 39, 38, 45, 42, 41, 43, 46, 44, 51], [49, 52, 50, 48, 53, 54, 55, 59, 56, 57, 58, 60]]
73: [[21, 13, 6, 3, 1, 35, 2, 4, 5, 7, 8, 17], [15, 9, 10, 11, 12, 29, 23, 16, 22, 24, 18, 28], [20, 14, 19, 30, 25, 26, 27, 31, 40, 32, 33, 34], [37, 36, 47, 39, 38, 45, 42, 41, 43, 46, 44, 51], [49, 52, 50, 48, 53, 54, 55, 59, 56, 57, 58, 60]]
74: [[21, 13, 6, 3, 1, 35, 2, 4, 5, 7, 8, 17], [15, 9, 10, 11, 12, 29, 23, 16, 22, 24, 18, 28], [20, 14, 19, 30, 25, 26, 27, 31, 40, 32, 33, 34], [37, 36, 47, 39, 38, 45, 42, 41, 43, 46, 44, 51], [49, 52, 50, 48, 53, 54, 55, 59, 56, 57, 58, 60]]
75: [[21, 13, 6, 3, 1, 35, 2, 4, 5, 7, 8, 17], [15, 9, 10, 11, 12, 29, 23, 16, 22, 24, 18, 28], [20, 14, 19, 30, 25, 26, 27, 31, 40, 32, 33, 34], [37, 36, 47, 39, 38, 45, 42, 41, 43, 46, 44, 51], [49, 52, 50, 48, 53, 54, 55, 59, 56, 57, 58, 60]]
76: [[21, 13, 6, 3, 1, 35, 2, 4, 5, 7, 8, 17], [15, 9, 10, 11, 12, 29, 23, 16, 22, 24, 18, 28], [20, 14, 19, 30, 25, 26, 27, 31, 40, 32, 33, 34], [37, 36, 47, 39, 38, 45, 42, 41, 43, 46, 44, 51], [49, 52, 50, 48, 53, 54, 55, 59, 56, 57, 58, 60]]
77: [[21, 13, 6, 3, 1, 35, 2, 4, 5, 7, 8, 17], [15, 9, 10, 11, 12, 29, 23, 16, 22, 24, 18, 28], [20, 14, 19, 30, 25, 26, 27, 31, 40, 32, 33, 34], [37, 36, 47, 39, 38, 45, 42, 41, 43, 46, 44, 51], [49, 52, 50, 48, 53, 54, 55, 59, 56, 57, 58, 60]]
78: [[21, 13, 6, 3, 1, 35, 2, 4, 5, 7, 8, 17], [15, 9, 10, 11, 12, 29, 23, 16, 22, 24, 18, 28], [20, 14, 19, 30, 25, 26, 27, 31, 40, 32, 33, 34], [37, 36, 47, 39, 38, 45, 42, 41, 43, 46, 44, 51], [49, 52, 50, 48, 53, 54, 55, 59, 56, 57, 58, 60]]
79: [[21, 13, 6, 3, 1, 35, 2, 4, 5, 7, 8, 17], [15, 9, 10, 11, 12, 29, 23, 16, 22, 24, 18, 28], [20, 14, 19, 30, 25, 26, 27, 31, 40, 32, 33, 34], [37, 36, 47, 39, 38, 45, 42, 41, 43, 46, 44, 51], [49, 52, 50, 48, 53, 54, 55, 59, 56, 57, 58, 60]]
80: [[21, 13, 6, 3, 1, 35, 2, 4, 5, 7, 8, 17], [15, 9, 10, 11, 12, 29, 23, 16, 22, 24, 18, 28], [20, 14, 19, 30, 25, 26, 27, 31, 40, 32, 33, 34], [37, 36, 47, 39, 38, 45, 42, 41, 43, 46, 44, 51], [49, 52, 50, 48, 53, 54, 55, 59, 56, 57, 58, 60]]
81: [[21, 13, 6, 3, 1, 35, 2, 4, 5, 7, 8, 17], [15, 9, 10, 11, 12, 29, 23, 16, 22, 24, 18, 28], [20, 14, 19, 30, 25, 26, 27, 31, 40, 32, 33, 34], [37, 36, 47, 39, 38, 45, 42, 41, 43, 46, 44, 51], [49, 52, 50, 48, 53, 54, 55, 59, 56, 57, 58, 60]]
82: [[21, 13, 6, 3, 1, 35, 2, 4, 5, 7, 8, 17], [15, 9, 10, 11, 12, 29, 23, 16, 22, 24, 18, 28], [20, 14, 19, 30, 25, 26, 27, 31, 40, 32, 33, 34], [37, 36, 47, 39, 38, 45, 42, 41, 43, 46, 44, 51], [49, 52, 50, 48, 53, 54, 55, 59, 56, 57, 58, 60]]
83: [[21, 13, 6, 3, 1, 35, 2, 4, 5, 7, 8, 17], [15, 9, 10, 11, 12, 29, 23, 16, 22, 24, 18, 28], [20, 14, 19, 30, 25, 26, 27, 31, 40, 32, 33, 34], [37, 36, 47, 39, 38, 45, 42, 41, 43, 46, 44, 51], [49, 52, 50, 48, 53, 54, 55, 59, 56, 57, 58, 60]]
84: [[21, 13, 6, 3, 1, 35, 2, 4, 5, 7, 8, 17], [15, 9, 10, 11, 12, 29, 23, 16, 22, 24, 18, 28], [20, 14, 19, 30, 25, 26, 27, 31, 40, 32, 33, 34], [37, 36, 47, 39, 38, 45, 42, 41, 43, 46, 44, 51], [49, 52, 50, 48, 53, 54, 55, 59, 56, 57, 58, 60]]
85: [[21, 13, 6, 3, 1, 35, 2, 4, 5, 7, 8, 17], [15, 9, 10, 11, 12, 29, 23, 16, 22, 24, 18, 28], [20, 14, 19, 30, 25, 26, 27, 31, 40, 32, 33, 34], [37, 36, 47, 39, 38, 45, 42, 41, 43, 46, 44, 51], [49, 52, 50, 48, 53, 54, 55, 59, 56, 57, 58, 60]]
86: [[21, 13, 6, 3, 1, 35, 2, 4, 5, 7, 8, 17], [15, 9, 10, 11, 12, 29, 23, 16, 22, 24, 18, 28], [20, 14, 19, 30, 25, 26, 27, 31, 40, 32, 33, 34], [37, 36, 47, 39, 38, 45, 42, 41, 43, 46, 44, 51], [49, 52, 50, 48, 53, 54, 55, 59, 56, 57, 58, 60]]
87: [[21, 13, 6, 3, 1, 35, 2, 4, 5, 7, 8, 17], [15, 9, 10, 11, 12, 29, 23, 16, 22, 24, 18, 28], [20, 14, 19, 30, 25, 26, 27, 31, 40, 32, 33, 34], [37, 36, 47, 39, 38, 45, 42, 41, 43, 46, 44, 51], [49, 52, 50, 48, 53, 54, 55, 59, 56, 57, 58, 60]]
88: [[21, 13, 6, 3, 1, 35, 2, 4, 5, 7, 8, 17], [15, 9, 10, 11, 12, 29, 23, 16, 22, 24, 18, 28], [20, 14, 19, 30, 25, 26, 27, 31, 40, 32, 33, 34], [37, 36, 47, 39, 38, 45, 42, 41, 43, 46, 44, 51], [49, 52, 50, 48, 53, 54, 55, 59, 56, 57, 58, 60]]
89: [[21, 13, 6, 3, 1, 35, 2, 4, 5, 7, 8, 17], [15, 9, 10, 11, 12, 29, 23, 16, 22, 24, 18, 28], [20, 14, 19, 30, 25, 26, 27, 31, 40, 32, 33, 34], [37, 36, 47, 39, 38, 45, 42, 41, 43, 46, 44, 51], [49, 52, 50, 48, 53, 54, 55, 59, 56, 57, 58, 60]]
90: [[21, 13, 6, 3, 1, 35, 2, 4, 5, 7, 8, 17], [15, 9, 10, 11, 12, 29, 23, 16, 22, 24, 18, 28], [20, 14, 19, 30, 25, 26, 27, 31, 40, 32, 33, 34], [37, 36, 47, 39, 38, 45, 42, 41, 43, 46, 44, 51], [49, 52, 50, 48, 53, 54, 55, 59, 56, 57, 58, 60]]
91: [[21, 13, 6, 3, 1, 35, 2, 4, 5, 7, 8, 17], [15, 9, 10, 11, 12, 29, 23, 16, 22, 24, 18, 28], [20, 14, 19, 30, 25, 26, 27, 31, 40, 32, 33, 34], [37, 36, 47, 39, 38, 45, 42, 41, 43, 46, 44, 51], [49, 52, 50, 48, 53, 54, 55, 59, 56, 57, 58, 60]]
92: [[21, 13, 6, 3, 1, 35, 2, 4, 5, 7, 8, 17], [15, 9, 10, 11, 12, 29, 23, 16, 22, 24, 18, 28], [20, 14, 19, 30, 25, 26, 27, 31, 40, 32, 33, 34], [37, 36, 47, 39, 38, 45, 42, 41, 43, 46, 44, 51], [49, 52, 50, 48, 53, 54, 55, 59, 56, 57, 58, 60]]
93: [[21, 13, 6, 3, 1, 35, 2, 4, 5, 7, 8, 17], [15, 9, 10, 11, 12, 29, 23, 16, 22, 24, 18, 28], [20, 14, 19, 30, 25, 26, 27, 31, 40, 32, 33, 34], [37, 36, 47, 39, 38, 45, 42, 41, 43, 46, 44, 51], [49, 52, 50, 48, 53, 54, 55, 59, 56, 57, 58, 60]]
94: [[21, 13, 6, 3, 1, 35, 2, 4, 5, 7, 8, 17], [15, 9, 10, 11, 12, 29, 23, 16, 22, 24, 18, 28], [20, 14, 19, 30, 25, 26, 27, 31, 40, 32, 33, 34], [37, 36, 47, 39, 38, 45, 42, 41, 43, 46, 44, 51], [49, 52, 50, 48, 53, 54, 55, 59, 56, 57, 58, 60]]
95: [[21, 13, 6, 3, 1, 35, 2, 4, 5, 7, 8, 17], [15, 9, 10, 11, 12, 29, 23, 16, 22, 24, 18, 28], [20, 14, 19, 30, 25, 26, 27, 31, 40, 32, 33, 34], [37, 36, 47, 39, 38, 45, 42, 41, 43, 46, 44, 51], [49, 52, 50, 48, 53, 54, 55, 59, 56, 57, 58, 60]]
96: [[21, 13, 6, 3, 1, 35, 2, 4, 5, 7, 8, 17], [15, 9, 10, 11, 12, 29, 23, 16, 22, 24, 18, 28], [20, 14, 19, 30, 25, 26, 27, 31, 40, 32, 33, 34], [37, 36, 47, 39, 38, 45, 42, 41, 43, 46, 44, 51], [49, 52, 50, 48, 53, 54, 55, 59, 56, 57, 58, 60]]
97: [[21, 13, 6, 3, 1, 35, 2, 4, 5, 7, 8, 17], [15, 9, 10, 11, 12, 29, 23, 16, 22, 24, 18, 28], [20, 14, 19, 30, 25, 26, 27, 31, 40, 32, 33, 34], [37, 36, 47, 39, 38, 45, 42, 41, 43, 46, 44, 51], [49, 52, 50, 48, 53, 54, 55, 59, 56, 57, 58, 60]]
98: [[21, 13, 6, 3, 1, 35, 2, 4, 5, 7, 8, 17], [15, 9, 10, 11, 12, 29, 23, 16, 22, 24, 18, 28], [20, 14, 19, 30, 25, 26, 27, 31, 40, 32, 33, 34], [37, 36, 47, 39, 38, 45, 42, 41, 43, 46, 44, 51], [49, 52, 50, 48, 53, 54, 55, 59, 56, 57, 58, 60]]
99: [[21, 13, 6, 3, 1, 35, 2, 4, 5, 7, 8, 17], [15, 9, 10, 11, 12, 29, 23, 16, 22, 24, 18, 28], [20, 14, 19, 30, 25, 26, 27, 31, 40, 32, 33, 34], [37, 36, 47, 39, 38, 45, 42, 41, 43, 46, 44, 51], [49, 52, 50, 48, 53, 54, 55, 59, 56, 57, 58, 60]]
100: [[21, 13, 6, 3, 1, 35, 2, 4, 5, 7, 8, 17], [15, 9, 10, 11, 12, 29, 23, 16, 22, 24, 18, 28], [20, 14, 19, 30, 25, 26, 27, 31, 40, 32, 33, 34], [37, 36, 47, 39, 38, 45, 42, 41, 43, 46, 44, 51], [49, 52, 50, 48, 53, 54, 55, 59, 56, 57, 58, 60]]
101: [[21, 13, 6, 3, 1, 35, 2, 4, 5, 7, 8, 17], [15, 9, 10, 11, 12, 29, 23, 16, 22, 24, 18, 28], [20, 14, 19, 30, 25, 26, 27, 31, 40, 32, 33, 34], [37, 36, 47, 39, 38, 45, 42, 41, 43, 46, 44, 51], [49, 52, 50, 48, 53, 54, 55, 59, 56, 57, 58, 60]]
102: [[21, 13, 6, 3, 1, 35, 2, 4, 5, 7, 8, 17], [15, 9, 10, 11, 12, 29, 23, 16, 22, 24, 18, 28], [20, 14, 19, 30, 25, 26, 27, 31, 40, 32, 33, 34], [37, 36, 47, 39, 38, 45, 42, 41, 43, 46, 44, 51], [49, 52, 50, 48, 53, 54, 55, 59, 56, 57, 58, 60]]
103: [[21, 13, 6, 3, 1, 35, 2, 4, 5, 7, 8, 17], [15, 9, 10, 11, 12, 29, 23, 16, 22, 24, 18, 28], [20, 14, 19, 30, 25, 26, 27, 31, 40, 32, 33, 34], [37, 36, 47, 39, 38, 45, 42, 41, 43, 46, 44, 51], [49, 52, 50, 48, 53, 54, 55, 59, 56, 57, 58, 60]]
104: [[21, 13, 6, 3, 1, 35, 2, 4, 5, 7, 8, 17], [15, 9, 10, 11, 12, 29, 23, 16, 22, 24, 18, 28], [20, 14, 19, 30, 25, 26, 27, 31, 40, 32, 33, 34], [37, 36, 47, 39, 38, 45, 42, 41, 43, 46, 44, 51], [49, 52, 50, 48, 53, 54, 55, 59, 56, 57, 58, 60]]
105: [[21, 13, 6, 3, 1, 35, 2, 4, 5, 7, 8, 17], [15, 9, 10, 11, 12, 29, 23, 16, 22, 24, 18, 28], [20, 14, 19, 30, 25, 26, 27, 31, 40, 32, 33, 34], [37, 36, 47, 39, 38, 45, 42, 41, 43, 46, 44, 51], [49, 52, 50, 48, 53, 54, 55, 59, 56, 57, 58, 60]]
106: [[21, 13, 6, 3, 1, 35, 2, 4, 5, 7, 8, 17], [15, 9, 10, 11, 12, 29, 23, 16, 22, 24, 18, 28], [20, 14, 19, 30, 25, 26, 27, 31, 40, 32, 33, 34], [37, 36, 47, 39, 38, 45, 42, 41, 43, 46, 44, 51], [49, 52, 50, 48, 53, 54, 55, 59, 56, 57, 58, 60]]
107: [[21, 13, 6, 3, 1, 35, 2, 4, 5, 7, 8, 17], [15, 9, 10, 11, 12, 29, 23, 16, 22, 24, 18, 28], [20, 14, 19, 30, 25, 26, 27, 31, 40, 32, 33, 34], [37, 36, 47, 39, 38, 45, 42, 41, 43, 46, 44, 51], [49, 52, 50, 48, 53, 54, 55, 59, 56, 57, 58, 60]]
108: [[21, 13, 6, 3, 1, 35, 2, 4, 5, 7, 8, 17], [15, 9, 10, 11, 12, 29, 23, 16, 22, 24, 18, 28], [20, 14, 19, 30, 25, 26, 27, 31, 40, 32, 33, 34], [37, 36, 47, 39, 38, 45, 42, 41, 43, 46, 44, 51], [49, 52, 50, 48, 53, 54, 55, 59, 56, 57, 58, 60]]
109: [[21, 13, 6, 3, 1, 35, 2, 4, 5, 7, 8, 17], [15, 9, 10, 11, 12, 29, 23, 16, 22, 24, 18, 28], [20, 14, 19, 30, 25, 26, 27, 31, 40, 32, 33, 34], [37, 36, 47, 39, 38, 45, 42, 41, 43, 46, 44, 51], [49, 52, 50, 48, 53, 54, 55, 59, 56, 57, 58, 60]]
110: [[21, 13, 6, 3, 1, 35, 2, 4, 5, 7, 8, 17], [15, 9, 10, 11, 12, 29, 23, 16, 22, 24, 18, 28], [20, 14, 19, 30, 25, 26, 27, 31, 40, 32, 33, 34], [37, 36, 47, 39, 38, 45, 42, 41, 43, 46, 44, 51], [49, 52, 50, 48, 53, 54, 55, 59, 56, 57, 58, 60]]
111: [[21, 13, 6, 3, 1, 35, 2, 4, 5, 7, 8, 17], [15, 9, 10, 11, 12, 29, 23, 16, 22, 24, 18, 28], [20, 14, 19, 30, 25, 26, 27, 31, 40, 32, 33, 34], [37, 36, 47, 39, 38, 45, 42, 41, 43, 46, 44, 51], [49, 52, 50, 48, 53, 54, 55, 59, 56, 57, 58, 60]]
112: [[21, 13, 6, 3, 1, 35, 2, 4, 5, 7, 8, 17], [15, 9, 10, 11, 12, 29, 23, 16, 22, 24, 18, 28], [20, 14, 19, 30, 25, 26, 27, 31, 40, 32, 33, 34], [37, 36, 47, 39, 38, 45, 42, 41, 43, 46, 44, 51], [49, 52, 50, 48, 53, 54, 55, 59, 56, 57, 58, 60]]
113: [[21, 13, 6, 3, 1, 35, 2, 4, 5, 7, 8, 17], [15, 9, 10, 11, 12, 29, 23, 16, 22, 24, 18, 28], [20, 14, 19, 30, 25, 26, 27, 31, 40, 32, 33, 34], [37, 36, 47, 39, 38, 45, 42, 41, 43, 46, 44, 51], [49, 52, 50, 48, 53, 54, 55, 59, 56, 57, 58, 60]]
114: [[21, 13, 6, 3, 1, 35, 2, 4, 5, 7, 8, 17], [15, 9, 10, 11, 12, 29, 23, 16, 22, 24, 18, 28], [20, 14, 19, 30, 25, 26, 27, 31, 40, 32, 33, 34], [37, 36, 47, 39, 38, 45, 42, 41, 43, 46, 44, 51], [49, 52, 50, 48, 53, 54, 55, 59, 56, 57, 58, 60]]
115: [[21, 13, 6, 3, 1, 35, 2, 4, 5, 7, 8, 17], [15, 9, 10, 11, 12, 29, 23, 16, 22, 24, 18, 28], [20, 14, 19, 30, 25, 26, 27, 31, 40, 32, 33, 34], [37, 36, 47, 39, 38, 45, 42, 41, 43, 46, 44, 51], [49, 52, 50, 48, 53, 54, 55, 59, 56, 57, 58, 60]]
116: [[21, 13, 6, 3, 1, 35, 2, 4, 5, 7, 8, 17], [15, 9, 10, 11, 12, 29, 23, 16, 22, 24, 18, 28], [20, 14, 19, 30, 25, 26, 27, 31, 40, 32, 33, 34], [37, 36, 47, 39, 38, 45, 42, 41, 43, 46, 44, 51], [49, 52, 50, 48, 53, 54, 55, 59, 56, 57, 58, 60]]
117: [[21, 13, 6, 3, 1, 35, 2, 4, 5, 7, 8, 17], [15, 9, 10, 11, 12, 29, 23, 16, 22, 24, 18, 28], [20, 14, 19, 30, 25, 26, 27, 31, 40, 32, 33, 34], [37, 36, 47, 39, 38, 45, 42, 41, 43, 46, 44, 51], [49, 52, 50, 48, 53, 54, 55, 59, 56, 57, 58, 60]]
118: [[21, 13, 6, 3, 1, 35, 2, 4, 5, 7, 8, 17], [15, 9, 10, 11, 12, 29, 23, 16, 22, 24, 18, 28], [20, 14, 19, 30, 25, 26, 27, 31, 40, 32, 33, 34], [37, 36, 47, 39, 38, 45, 42, 41, 43, 46, 44, 51], [49, 52, 50, 48, 53, 54, 55, 59, 56, 57, 58, 60]]
119: [[21, 13, 6, 3, 1, 35, 2, 4, 5, 7, 8, 17], [15, 9, 10, 11, 12, 29, 23, 16, 22, 24, 18, 28], [20, 14, 19, 30, 25, 26, 27, 31, 40, 32, 33, 34], [37, 36, 47, 39, 38, 45, 42, 41, 43, 46, 44, 51], [49, 52, 50, 48, 53, 54, 55, 59, 56, 57, 58, 60]]
