0: [[27, 2, 1, 7, 3, 35, 14], [5, 12, 4, 24, 6, 9, 10, 29, 11, 8, 13, 15, 25, 18, 21, 23, 22, 16, 17, 28], [19, 20, 30, 26, 31, 40, 34, 33, 32], [37, 39, 36, 47, 38, 41, 43, 42, 44, 45, 46, 51], [49, 56, 54, 50, 48, 52, 53, 55, 59, 57, 58, 60]]
1: [[27, 2, 1, 7, 3, 35, 14], [5, 12, 4, 24, 10, 8, 11, 6, 9, 30, 29, 17, 13, 23, 15, 16, 19, 18, 21, 31], [20, 28, 22, 25, 26, 40, 34, 33, 32], [37, 39, 36, 47, 38, 41, 43, 42, 44, 45, 46, 51], [49, 56, 54, 50, 48, 52, 53, 55, 59, 57, 58, 60]]
2: [[27, 2, 1, 7, 3, 35, 14], [5, 12, 4, 24, 6, 9, 11, 10, 8, 29, 13, 21, 15, 30, 19, 17, 18, 23, 16, 25], [22, 20, 28, 26, 31, 40, 34, 33, 32], [37, 39, 36, 47, 38, 41, 43, 42, 44, 45, 46, 51], [49, 56, 54, 50, 48, 52, 53, 55, 59, 57, 58, 60]]
3: [[27, 2, 1, 7, 3, 35, 14], [5, 12, 4, 24, 13, 15, 8, 6, 11, 10, 23, 28, 26, 19, 9, 29, 18, 21, 16], [20, 17, 22, 25, 30, 31, 40, 34, 33, 32], [37, 39, 36, 47, 38, 41, 43, 42, 44, 45, 46, 51], [49, 56, 54, 50, 48, 52, 53, 55, 59, 57, 58, 60]]
4: [[27, 2, 1, 7, 3, 35, 14], [5, 12, 4, 24, 6, 11, 8, 9, 10, 15, 13, 20, 29, 19, 21, 30, 16, 26, 17], [18, 22, 23, 25, 28, 31, 40, 34, 33, 32], [37, 39, 36, 47, 38, 41, 43, 42, 44, 45, 46, 51], [49, 56, 54, 50, 48, 52, 53, 55, 59, 57, 58, 60]]
5: [[27, 2, 1, 7, 3, 35, 14], [5, 12, 4, 24, 10, 29, 8, 9, 11, 13, 28, 15, 18, 22, 16, 21, 19, 17, 6], [20, 23, 25, 26, 30, 31, 40, 34, 33, 32], [37, 39, 36, 47, 38, 41, 43, 42, 44, 45, 46, 51], [49, 56, 54, 50, 48, 52, 53, 55, 59, 57, 58, 60]]
6: [[27, 2, 1, 7, 3, 35, 14], [5, 12, 4, 24, 6, 9, 8, 13, 30, 29, 10, 11, 15, 17, 19, 16, 23, 18, 21, 22], [20, 28, 25, 31, 26, 40, 34, 33, 32], [37, 39, 36, 47, 38, 41, 43, 42, 44, 45, 46, 51], [49, 56, 54, 50, 48, 52, 53, 55, 59, 57, 58, 60]]
7: [[27, 2, 1, 7, 3, 35, 14], [5, 12, 4, 24, 10, 9, 8, 15, 6, 30, 29, 11, 13, 16, 22, 19, 23, 17, 18, 21], [20, 25, 26, 31, 28, 40, 34, 33, 32], [37, 39, 36, 47, 38, 41, 43, 42, 44, 45, 46, 51], [49, 56, 54, 50, 48, 52, 53, 55, 59, 57, 58, 60]]
8: [[27, 2, 1, 7, 3, 35, 14], [5, 12, 4, 24, 6, 9, 10, 15, 11, 13, 25, 23, 19, 21, 8, 17, 18, 28, 29, 16], [22, 20, 26, 31, 30, 41, 32, 33, 38], [37, 39, 36, 40, 34, 43, 47, 42, 44, 45, 46, 51], [49, 56, 54, 50, 48, 52, 53, 55, 59, 57, 58, 60]]
9: [[27, 2, 1, 7, 3, 35, 14], [5, 12, 4, 24, 11, 8, 6, 15, 25, 9, 10, 23, 29, 21, 13, 17, 16, 28, 19, 18], [22, 20, 26, 31, 30, 41, 32, 33, 38], [37, 39, 36, 40, 34, 47, 43, 42, 44, 45, 46, 51], [49, 56, 54, 50, 48, 52, 53, 55, 59, 57, 58, 60]]
10: [[27, 2, 1, 7, 3, 35, 14], [5, 12, 4, 24, 11, 10, 6, 9, 8, 13, 15, 16, 22, 17, 18, 29, 21, 19, 23], [20, 25, 26, 28, 30, 31, 40, 34, 33, 32], [37, 39, 36, 47, 38, 41, 43, 42, 44, 45, 46, 51], [49, 56, 54, 50, 48, 52, 53, 55, 59, 57, 58, 60]]
11: [[27, 2, 1, 7, 3, 35, 14], [5, 12, 4, 24, 9, 8, 6, 10, 11, 29, 13, 19, 17, 15, 16, 18, 20, 26, 21], [22, 25, 23, 28, 31, 30, 40, 34, 33, 32], [37, 39, 36, 47, 38, 41, 43, 42, 44, 45, 46, 51], [49, 56, 54, 50, 48, 52, 53, 55, 59, 57, 58, 60]]
12: [[27, 2, 1, 7, 3, 35, 14], [5, 12, 4, 24, 6, 8, 11, 9, 10, 29, 13, 19, 15, 17, 16, 18, 20, 21, 31], [22, 30, 25, 28, 23, 26, 40, 34, 33, 32], [37, 39, 36, 47, 38, 41, 43, 42, 44, 45, 46, 51], [49, 56, 54, 50, 48, 52, 53, 55, 59, 57, 58, 60]]
13: [[27, 2, 1, 7, 3, 35, 14], [5, 12, 4, 24, 10, 9, 11, 15, 31, 8, 29, 6, 17, 13, 16, 18, 19, 20, 21], [23, 22, 28, 25, 26, 30, 40, 32, 33, 34], [37, 39, 36, 45, 38, 47, 43, 42, 44, 41, 46, 51], [49, 56, 54, 50, 48, 52, 53, 55, 59, 57, 58, 60]]
14: [[27, 2, 1, 7, 3, 35, 14], [5, 12, 4, 24, 6, 9, 15, 8, 11, 10, 13, 16, 29, 17, 30, 18, 20, 19, 21], [23, 22, 28, 25, 26, 31, 40, 34, 33, 32], [37, 39, 36, 47, 38, 41, 43, 42, 44, 45, 46, 51], [49, 56, 54, 50, 48, 52, 53, 55, 59, 57, 58, 60]]
15: [[27, 2, 1, 7, 3, 35, 14], [5, 12, 4, 24, 6, 9, 11, 10, 31, 8, 29, 13, 16, 15, 25, 17, 19, 21, 28], [18, 23, 20, 30, 22, 26, 40, 34, 33, 32], [37, 39, 36, 47, 38, 41, 43, 42, 44, 45, 46, 51], [49, 56, 54, 50, 48, 52, 53, 55, 59, 57, 58, 60]]
16: [[27, 2, 1, 7, 3, 35, 14], [5, 12, 4, 24, 6, 8, 10, 9, 11, 15, 13, 18, 29, 17, 19, 21, 22, 16, 23, 25], [20, 26, 30, 28, 31, 40, 34, 33, 32], [37, 39, 36, 47, 38, 41, 43, 42, 44, 45, 46, 51], [49, 56, 54, 50, 48, 52, 53, 55, 59, 57, 58, 60]]
17: [[27, 2, 1, 7, 3, 35, 14], [5, 12, 4, 24, 9, 15, 13, 8, 10, 19, 28, 11, 23, 16, 17, 21, 18, 22, 6], [20, 31, 25, 30, 26, 29, 40, 34, 33, 32], [37, 39, 36, 47, 38, 41, 43, 42, 44, 45, 46, 51], [49, 56, 54, 50, 48, 52, 53, 55, 59, 57, 58, 60]]
18: [[27, 2, 1, 7, 3, 35, 14], [5, 12, 4, 24, 6, 8, 9, 10, 11, 15, 13, 28, 21, 17, 19, 16, 18, 23, 22], [31, 20, 25, 26, 29, 30, 40, 34, 33, 32], [37, 39, 36, 47, 38, 41, 43, 42, 44, 45, 46, 51], [49, 56, 54, 50, 48, 52, 53, 55, 59, 57, 58, 60]]
19: [[27, 2, 1, 7, 3, 35, 14], [5, 12, 4, 24, 11, 8, 10, 15, 25, 13, 6, 23, 21, 19, 28, 17, 18, 9, 16, 30], [29, 20, 22, 26, 31, 40, 32, 33, 34], [37, 39, 36, 41, 38, 47, 43, 42, 44, 45, 46, 51], [49, 56, 54, 50, 48, 52, 53, 55, 59, 57, 58, 60]]
20: [[27, 2, 1, 7, 3, 35, 14], [5, 12, 4, 24, 9, 11, 8, 13, 18, 29, 31, 22, 19, 15, 16, 17, 10, 21, 6], [20, 23, 25, 26, 28, 30, 40, 34, 33, 32], [37, 39, 36, 47, 38, 41, 43, 42, 44, 45, 46, 51], [49, 56, 54, 50, 48, 52, 53, 55, 59, 57, 58, 60]]
21: [[27, 2, 1, 7, 3, 35, 14], [5, 12, 4, 24, 8, 9, 13, 11, 23, 25, 16, 17, 22, 19, 15, 18, 28, 10, 21, 6], [29, 20, 30, 26, 31, 40, 34, 33, 32], [37, 39, 36, 47, 38, 41, 43, 42, 44, 45, 46, 51], [49, 56, 54, 50, 48, 52, 53, 55, 59, 57, 58, 60]]
22: [[27, 2, 1, 7, 3, 35, 14], [5, 12, 4, 24, 6, 15, 13, 8, 11, 26, 19, 23, 30, 9, 16, 17, 10, 21, 18], [20, 22, 25, 29, 28, 31, 40, 34, 33, 32], [37, 39, 36, 47, 38, 41, 43, 42, 44, 45, 46, 51], [49, 56, 54, 50, 48, 52, 53, 55, 59, 57, 58, 60]]
23: [[27, 2, 1, 7, 3, 35, 14], [5, 12, 4, 24, 6, 9, 10, 11, 8, 29, 13, 18, 16, 21, 19, 26, 15, 22, 17, 30], [28, 25, 20, 23, 31, 40, 34, 33, 32], [37, 39, 36, 47, 38, 41, 43, 42, 44, 45, 46, 51], [49, 56, 54, 50, 48, 52, 53, 55, 59, 57, 58, 60]]
24: [[27, 2, 1, 7, 3, 35, 14], [5, 12, 4, 24, 6, 11, 9, 8, 10, 13, 31, 18, 23, 25, 17, 21, 16, 15, 19], [22, 26, 30, 28, 20, 29, 40, 34, 33, 32], [37, 39, 36, 47, 38, 41, 43, 42, 44, 45, 46, 51], [49, 56, 54, 50, 48, 52, 53, 55, 59, 57, 58, 60]]
25: [[27, 2, 1, 7, 3, 35, 14], [5, 12, 4, 24, 6, 15, 8, 9, 11, 22, 29, 16, 10, 19, 13, 18, 17, 21, 26], [20, 23, 25, 28, 31, 30, 40, 34, 33, 32], [37, 39, 36, 47, 38, 41, 43, 42, 44, 45, 46, 51], [49, 56, 54, 50, 48, 52, 53, 55, 59, 57, 58, 60]]
26: [[27, 2, 1, 7, 3, 35, 14], [5, 12, 4, 24, 6, 11, 8, 9, 19, 15, 21, 26, 10, 18, 13, 29, 22, 17, 16], [20, 23, 25, 30, 28, 31, 40, 34, 33, 32], [37, 39, 36, 47, 38, 41, 43, 42, 44, 45, 46, 51], [49, 56, 54, 50, 48, 52, 53, 55, 59, 57, 58, 60]]
27: [[27, 2, 1, 7, 3, 35, 14], [5, 12, 4, 24, 9, 11, 8, 6, 26, 13, 31, 10, 21, 15, 17, 20, 18, 16, 28, 19, 29], [25, 22, 23, 30, 40, 34, 33, 32], [37, 39, 36, 47, 38, 41, 43, 42, 44, 45, 46, 51], [49, 56, 54, 50, 48, 52, 53, 55, 59, 57, 58, 60]]
28: [[27, 2, 1, 7, 3, 35, 14], [5, 12, 4, 24, 6, 9, 11, 8, 15, 31, 29, 13, 17, 10, 16, 18, 19, 21, 22, 25], [23, 20, 26, 28, 30, 40, 34, 33, 32], [37, 39, 36, 47, 38, 41, 43, 42, 44, 45, 46, 51], [49, 56, 54, 50, 48, 52, 53, 55, 59, 57, 58, 60]]
29: [[27, 2, 1, 7, 3, 35, 14], [5, 12, 4, 24, 8, 9, 10, 11, 13, 31, 29, 15, 23, 17, 22, 16, 19, 21, 18], [6, 20, 25, 26, 28, 30, 40, 34, 33, 32], [37, 39, 36, 47, 38, 41, 43, 42, 44, 45, 46, 51], [49, 56, 54, 50, 48, 52, 53, 55, 59, 57, 58, 60]]
30: [[27, 2, 1, 7, 3, 35, 14], [5, 12, 4, 24, 10, 11, 6, 8, 9, 30, 31, 21, 13, 15, 17, 16, 18, 19, 22, 28], [23, 20, 25, 26, 29, 40, 34, 33, 32], [37, 39, 36, 47, 38, 41, 43, 42, 44, 45, 46, 51], [49, 56, 54, 50, 48, 52, 53, 55, 59, 57, 58, 60]]
31: [[27, 2, 1, 7, 3, 35, 14], [5, 12, 4, 24, 6, 10, 8, 9, 15, 11, 13, 18, 21, 20, 19, 17, 16, 23, 29], [22, 31, 26, 25, 28, 30, 40, 34, 33, 32], [37, 39, 36, 47, 38, 41, 43, 42, 44, 45, 46, 51], [49, 56, 54, 50, 48, 52, 53, 55, 59, 57, 58, 60]]
32: [[27, 2, 1, 7, 3, 35, 14], [5, 12, 4, 24, 6, 8, 15, 11, 16, 9, 10, 21, 13, 17, 19, 18, 23, 29, 20], [22, 25, 30, 26, 31, 28, 40, 34, 33, 32], [37, 39, 36, 47, 38, 41, 43, 42, 44, 45, 46, 51], [49, 56, 54, 50, 48, 52, 53, 55, 59, 57, 58, 60]]
33: [[27, 2, 1, 7, 3, 35, 14], [5, 12, 4, 24, 10, 9, 11, 6, 28, 8, 29, 13, 18, 30, 15, 16, 21, 19, 20], [17, 23, 22, 25, 26, 31, 40, 34, 33, 32], [37, 39, 36, 47, 38, 41, 43, 42, 44, 45, 46, 51], [49, 56, 54, 50, 48, 52, 53, 55, 59, 57, 58, 60]]
34: [[27, 2, 1, 7, 3, 35, 14], [5, 12, 4, 24, 6, 9, 10, 8, 15, 19, 21, 16, 11, 28, 13, 17, 22, 18, 25], [29, 30, 20, 23, 26, 31, 40, 34, 33, 32], [37, 39, 36, 47, 38, 41, 43, 42, 44, 45, 46, 51], [49, 56, 54, 50, 48, 52, 53, 55, 59, 57, 58, 60]]
35: [[27, 2, 1, 7, 3, 35, 14], [5, 12, 4, 24, 11, 6, 8, 13, 9, 31, 21, 16, 30, 10, 15, 22, 18, 17, 23, 19], [20, 29, 25, 26, 28, 40, 34, 33, 32], [37, 39, 36, 47, 38, 41, 43, 42, 44, 45, 46, 51], [49, 56, 54, 50, 48, 52, 53, 55, 59, 57, 58, 60]]
36: [[27, 2, 1, 7, 3, 35, 14], [5, 12, 4, 24, 9, 11, 8, 13, 10, 16, 17, 15, 22, 18, 29, 31, 19, 20, 23], [6, 30, 28, 21, 25, 26, 40, 34, 33, 32], [37, 39, 36, 47, 38, 41, 43, 42, 44, 45, 46, 51], [49, 56, 54, 50, 48, 52, 53, 55, 59, 57, 58, 60]]
37: [[27, 2, 1, 7, 3, 35, 14], [5, 12, 4, 24, 8, 9, 11, 15, 17, 26, 16, 13, 18, 19, 23, 22, 10, 21, 6], [20, 25, 28, 29, 31, 30, 40, 34, 33, 32], [37, 39, 36, 47, 38, 41, 43, 42, 44, 45, 46, 51], [49, 56, 54, 50, 48, 52, 53, 55, 59, 57, 58, 60]]
38: [[27, 2, 1, 7, 3, 35, 14], [5, 12, 4, 24, 6, 11, 10, 8, 13, 17, 25, 15, 9, 16, 18, 21, 22, 19, 23], [26, 20, 29, 31, 28, 30, 40, 34, 33, 32], [37, 39, 36, 47, 38, 41, 43, 42, 44, 45, 46, 51], [49, 56, 54, 50, 48, 52, 53, 55, 59, 57, 58, 60]]
39: [[27, 2, 1, 7, 3, 35, 14], [5, 12, 4, 24, 8, 11, 10, 6, 30, 15, 9, 13, 31, 19, 17, 16, 21, 18, 20], [22, 23, 25, 26, 28, 29, 40, 34, 33, 32], [37, 39, 36, 47, 38, 41, 43, 42, 44, 45, 46, 51], [49, 56, 54, 50, 48, 52, 53, 55, 59, 57, 58, 60]]
40: [[27, 2, 1, 7, 3, 35, 14], [5, 12, 4, 24, 6, 8, 9, 15, 11, 22, 17, 31, 10, 16, 21, 23, 28, 13, 19, 18], [25, 29, 26, 20, 30, 33, 34, 32, 36], [37, 39, 40, 47, 38, 41, 43, 42, 44, 45, 46, 51], [49, 56, 54, 50, 48, 52, 53, 55, 59, 57, 58, 60]]
41: [[27, 2, 1, 7, 3, 35, 14], [5, 12, 4, 24, 6, 11, 8, 9, 10, 15, 13, 16, 29, 20, 30, 19, 21, 22, 17], [18, 23, 28, 25, 26, 31, 40, 34, 33, 32], [37, 39, 36, 47, 38, 41, 43, 42, 44, 45, 46, 51], [49, 56, 54, 50, 48, 52, 53, 55, 59, 57, 58, 60]]
42: [[27, 2, 1, 7, 3, 35, 14], [5, 12, 4, 24, 6, 9, 11, 29, 10, 13, 8, 15, 28, 18, 17, 23, 20, 16, 19, 21], [22, 31, 25, 30, 26, 40, 34, 33, 32], [37, 39, 36, 47, 38, 41, 43, 42, 44, 45, 46, 51], [49, 56, 54, 50, 48, 52, 53, 55, 59, 57, 58, 60]]
43: [[27, 2, 1, 7, 3, 35, 14], [5, 12, 4, 24, 8, 10, 15, 13, 28, 29, 6, 17, 16, 9, 23, 18, 11, 19, 20, 21], [22, 25, 26, 30, 31, 40, 34, 33, 32], [37, 39, 36, 47, 38, 41, 43, 42, 44, 45, 46, 51], [49, 56, 54, 50, 48, 52, 53, 55, 59, 57, 58, 60]]
44: [[27, 2, 1, 7, 3, 35, 14], [5, 12, 4, 24, 6, 10, 11, 13, 28, 29, 8, 19, 9, 17, 18, 23, 20, 15, 16, 21], [22, 25, 26, 31, 30, 40, 34, 33, 32], [37, 39, 36, 47, 38, 41, 43, 42, 44, 45, 46, 51], [49, 56, 54, 50, 48, 52, 53, 55, 59, 57, 58, 60]]
45: [[27, 2, 1, 7, 3, 35, 14], [5, 12, 4, 24, 6, 11, 10, 9, 8, 13, 31, 15, 17, 20, 21, 16, 18, 19, 25], [28, 22, 23, 29, 26, 30, 40, 34, 33, 32], [37, 39, 36, 47, 38, 41, 43, 42, 44, 45, 46, 51], [49, 56, 54, 50, 48, 52, 53, 55, 59, 57, 58, 60]]
46: [[27, 2, 1, 7, 3, 35, 14], [5, 12, 4, 24, 9, 6, 8, 11, 10, 13, 25, 17, 16, 15, 31, 18, 20, 21, 19], [22, 23, 26, 30, 28, 29, 40, 34, 33, 32], [37, 39, 36, 47, 38, 41, 43, 42, 44, 45, 46, 51], [49, 56, 54, 50, 48, 52, 53, 55, 59, 57, 58, 60]]
47: [[27, 2, 1, 7, 3, 35, 14], [5, 12, 4, 24, 10, 8, 11, 9, 25, 13, 21, 15, 17, 19, 16, 22, 18, 26, 6], [28, 29, 20, 23, 30, 31, 40, 34, 33, 32], [37, 39, 36, 47, 38, 41, 43, 42, 44, 45, 46, 51], [49, 56, 54, 50, 48, 52, 53, 55, 59, 57, 58, 60]]
48: [[27, 2, 1, 7, 3, 35, 14], [5, 12, 4, 24, 10, 8, 11, 13, 25, 9, 15, 31, 21, 19, 16, 22, 18, 30, 6], [17, 23, 20, 26, 28, 29, 40, 34, 33, 32], [37, 39, 36, 47, 38, 41, 43, 42, 44, 45, 46, 51], [49, 56, 54, 50, 48, 52, 53, 55, 59, 57, 58, 60]]
49: [[27, 2, 1, 7, 3, 35, 14], [5, 12, 4, 24, 6, 10, 8, 9, 11, 13, 15, 30, 20, 16, 21, 18, 19, 17, 23], [31, 22, 29, 25, 26, 28, 40, 34, 33, 32], [37, 39, 36, 47, 38, 41, 43, 42, 44, 45, 46, 51], [49, 56, 54, 50, 48, 52, 53, 55, 59, 57, 58, 60]]
50: [[27, 2, 1, 7, 3, 35, 14], [5, 12, 4, 24, 9, 11, 8, 15, 10, 16, 19, 13, 22, 17, 20, 29, 18, 21, 23], [6, 25, 30, 28, 26, 31, 40, 34, 33, 32], [37, 39, 36, 47, 38, 41, 43, 42, 44, 45, 46, 51], [49, 56, 54, 50, 48, 52, 53, 55, 59, 57, 58, 60]]
51: [[27, 2, 1, 7, 3, 35, 14], [5, 12, 4, 24, 6, 8, 11, 13, 31, 9, 10, 15, 17, 20, 26, 18, 23, 21, 16], [19, 25, 28, 22, 29, 30, 40, 34, 33, 32], [37, 39, 36, 47, 38, 41, 43, 42, 44, 45, 46, 51], [49, 56, 54, 50, 48, 52, 53, 55, 59, 57, 58, 60]]
52: [[27, 2, 1, 7, 3, 35, 14], [5, 12, 4, 24, 8, 11, 10, 13, 31, 19, 25, 26, 21, 6, 23, 17, 22, 16, 9], [15, 30, 18, 28, 20, 29, 40, 34, 33, 32], [37, 39, 36, 47, 38, 41, 43, 42, 44, 45, 46, 51], [49, 56, 54, 50, 48, 52, 53, 55, 59, 57, 58, 60]]
53: [[27, 2, 1, 7, 3, 35, 14], [5, 12, 4, 24, 6, 8, 9, 10, 31, 11, 13, 16, 17, 19, 18, 23, 15, 21, 25, 20], [26, 22, 30, 29, 28, 40, 34, 33, 32], [37, 39, 36, 47, 38, 41, 43, 42, 44, 45, 46, 51], [49, 56, 54, 50, 48, 52, 53, 55, 59, 57, 58, 60]]
54: [[27, 2, 1, 7, 3, 35, 14], [5, 12, 4, 24, 6, 8, 10, 13, 9, 15, 11, 16, 31, 19, 17, 21, 18, 20, 25, 23], [22, 29, 26, 28, 30, 40, 34, 33, 32], [37, 39, 36, 47, 38, 41, 43, 42, 44, 45, 46, 51], [49, 56, 54, 50, 48, 52, 53, 55, 59, 57, 58, 60]]
55: [[27, 2, 1, 7, 3, 35, 14], [5, 12, 4, 24, 8, 9, 11, 13, 15, 17, 16, 31, 18, 19, 23, 20, 25, 10, 21, 6], [22, 29, 30, 26, 28, 40, 34, 33, 32], [37, 39, 36, 47, 38, 41, 43, 42, 44, 45, 46, 51], [49, 56, 54, 50, 48, 52, 53, 55, 59, 57, 58, 60]]
56: [[27, 2, 1, 7, 3, 35, 14], [5, 12, 4, 24, 6, 8, 15, 9, 16, 13, 19, 10, 11, 17, 21, 18, 23, 25, 20], [28, 29, 30, 22, 31, 26, 40, 34, 33, 32], [37, 39, 36, 47, 38, 41, 43, 42, 44, 45, 46, 51], [49, 56, 54, 50, 48, 52, 53, 55, 59, 57, 58, 60]]
57: [[27, 2, 1, 7, 3, 35, 14], [5, 12, 4, 24, 6, 10, 9, 8, 15, 13, 25, 11, 23, 17, 19, 16, 21, 18, 20], [30, 28, 22, 26, 31, 29, 40, 34, 33, 32], [37, 39, 36, 47, 38, 41, 43, 42, 44, 45, 46, 51], [49, 56, 54, 50, 48, 52, 53, 55, 59, 57, 58, 60]]
58: [[27, 2, 1, 7, 3, 35, 14], [5, 12, 4, 24, 6, 10, 9, 8, 15, 13, 25, 11, 23, 17, 19, 16, 21, 18, 20], [30, 28, 22, 26, 31, 29, 40, 34, 33, 32], [37, 39, 36, 47, 38, 41, 43, 42, 44, 45, 46, 51], [49, 56, 54, 50, 48, 52, 53, 55, 59, 57, 58, 60]]
59: [[27, 2, 1, 7, 3, 35, 14], [5, 12, 4, 24, 6, 9, 8, 11, 10, 15, 29, 22, 13, 18, 19, 20, 16, 17, 21], [25, 30, 31, 28, 23, 26, 40, 34, 33, 32], [37, 39, 36, 47, 38, 41, 43, 42, 44, 45, 46, 51], [49, 56, 54, 50, 48, 52, 53, 55, 59, 57, 58, 60]]
60: [[27, 2, 1, 7, 3, 35, 14], [5, 12, 4, 24, 10, 11, 18, 13, 29, 6, 8, 9, 15, 19, 17, 20, 21, 16, 22], [25, 23, 26, 28, 31, 30, 40, 34, 33, 32], [37, 39, 36, 47, 38, 41, 43, 42, 44, 45, 46, 51], [49, 56, 54, 50, 48, 52, 53, 55, 59, 57, 58, 60]]
61: [[27, 2, 1, 7, 3, 35, 14], [5, 12, 4, 24, 11, 8, 9, 13, 23, 31, 15, 17, 16, 19, 20, 18, 28, 10, 21, 6], [25, 30, 26, 22, 29, 40, 34, 33, 32], [37, 39, 36, 47, 38, 41, 43, 42, 44, 45, 46, 51], [49, 56, 54, 50, 48, 52, 53, 55, 59, 57, 58, 60]]
62: [[27, 2, 1, 7, 3, 35, 14], [5, 12, 4, 24, 6, 8, 9, 11, 10, 15, 13, 19, 28, 30, 17, 18, 16, 21, 23, 20], [22, 25, 26, 29, 31, 40, 34, 33, 32], [37, 39, 36, 47, 38, 41, 43, 42, 44, 45, 46, 51], [49, 56, 54, 50, 48, 52, 53, 55, 59, 57, 58, 60]]
63: [[27, 2, 1, 7, 3, 35, 14], [5, 12, 4, 24, 6, 11, 8, 15, 9, 10, 31, 13, 18, 17, 20, 28, 16, 21, 23], [22, 19, 25, 26, 29, 30, 40, 34, 33, 32], [37, 39, 36, 47, 38, 41, 43, 42, 44, 45, 46, 51], [49, 56, 54, 50, 48, 52, 53, 55, 59, 57, 58, 60]]
64: [[27, 2, 1, 7, 3, 35, 14], [5, 12, 4, 24, 10, 9, 6, 13, 23, 30, 29, 11, 8, 21, 18, 22, 15, 16, 20], [17, 28, 19, 25, 26, 31, 40, 34, 33, 32], [37, 39, 36, 47, 38, 41, 43, 42, 44, 45, 46, 51], [49, 56, 54, 50, 48, 52, 53, 55, 59, 57, 58, 60]]
65: [[27, 2, 1, 7, 3, 35, 14], [5, 12, 4, 24, 10, 9, 11, 6, 8, 15, 16, 13, 29, 18, 17, 19, 23, 21, 20, 22], [31, 30, 25, 26, 28, 40, 34, 33, 32], [37, 39, 36, 47, 38, 41, 43, 42, 44, 45, 46, 51], [49, 56, 54, 50, 48, 52, 53, 55, 59, 57, 58, 60]]
66: [[27, 2, 1, 7, 3, 35, 14], [5, 12, 4, 24, 6, 8, 10, 15, 9, 11, 13, 21, 17, 18, 20, 23, 16, 19, 25, 28], [22, 29, 26, 30, 31, 40, 34, 33, 32], [37, 39, 36, 47, 38, 41, 43, 42, 44, 45, 46, 51], [49, 56, 54, 50, 48, 52, 53, 55, 59, 57, 58, 60]]
67: [[27, 2, 1, 7, 3, 35, 14], [5, 12, 4, 24, 6, 9, 10, 11, 8, 28, 15, 31, 13, 18, 21, 19, 23, 20, 22, 16], [25, 26, 17, 29, 30, 40, 34, 33, 32], [37, 39, 36, 47, 38, 41, 43, 42, 44, 45, 46, 51], [49, 56, 54, 50, 48, 52, 53, 55, 59, 57, 58, 60]]
68: [[27, 2, 1, 7, 3, 35, 14], [5, 12, 4, 24, 6, 9, 10, 11, 8, 28, 15, 31, 13, 18, 21, 19, 23, 20, 22, 16], [25, 26, 17, 29, 30, 40, 34, 33, 32], [37, 39, 36, 47, 38, 41, 43, 42, 44, 45, 46, 51], [49, 56, 54, 50, 48, 52, 53, 55, 59, 57, 58, 60]]
69: [[27, 2, 1, 7, 3, 35, 14], [5, 12, 4, 24, 6, 25, 15, 8, 11, 9, 29, 13, 20, 21, 16, 23, 17, 10, 22], [18, 30, 19, 26, 28, 31, 40, 34, 33, 32], [37, 39, 36, 47, 38, 41, 43, 42, 44, 45, 46, 51], [49, 56, 54, 50, 48, 52, 53, 55, 59, 57, 58, 60]]
70: [[27, 2, 1, 7, 3, 35, 14], [5, 12, 4, 24, 11, 8, 9, 13, 15, 16, 18, 30, 22, 20, 23, 19, 28, 10, 21, 6], [17, 25, 26, 31, 29, 40, 34, 33, 32], [37, 39, 36, 47, 38, 41, 43, 42, 44, 45, 46, 51], [49, 56, 54, 50, 48, 52, 53, 55, 59, 57, 58, 60]]
71: [[27, 2, 1, 7, 3, 35, 14], [5, 12, 4, 24, 11, 8, 6, 9, 10, 13, 15, 22, 21, 17, 19, 18, 16, 26, 20], [28, 23, 25, 30, 31, 29, 40, 34, 33, 32], [37, 39, 36, 47, 38, 41, 43, 42, 44, 45, 46, 51], [49, 56, 54, 50, 48, 52, 53, 55, 59, 57, 58, 60]]
72: [[27, 2, 1, 7, 3, 35, 14], [5, 12, 4, 24, 8, 9, 6, 11, 10, 15, 13, 17, 16, 21, 19, 20, 23, 28, 22, 18], [26, 25, 30, 31, 29, 40, 34, 33, 32], [37, 39, 36, 47, 38, 41, 43, 42, 44, 45, 46, 51], [49, 56, 54, 50, 48, 52, 53, 55, 59, 57, 58, 60]]
73: [[27, 2, 1, 7, 3, 35, 14], [5, 12, 4, 24, 6, 9, 13, 16, 11, 8, 18, 10, 15, 19, 17, 21, 26, 20, 22], [23, 29, 25, 30, 28, 31, 40, 34, 33, 32], [37, 39, 36, 47, 38, 41, 43, 42, 44, 45, 46, 51], [49, 56, 54, 50, 48, 52, 53, 55, 59, 57, 58, 60]]
74: [[27, 2, 1, 7, 3, 35, 14], [5, 12, 4, 24, 6, 9, 10, 8, 11, 13, 15, 18, 31, 17, 16, 22, 19, 21, 20], [29, 30, 23, 28, 25, 26, 40, 34, 33, 32], [37, 39, 36, 47, 38, 41, 43, 42, 44, 45, 46, 51], [49, 56, 54, 50, 48, 52, 53, 55, 59, 57, 58, 60]]
75: [[27, 2, 1, 7, 3, 35, 14], [5, 12, 4, 24, 6, 11, 10, 8, 30, 13, 9, 15, 22, 19, 17, 21, 16, 18, 20], [23, 26, 25, 28, 29, 31, 40, 34, 33, 32], [37, 39, 36, 47, 38, 41, 43, 42, 44, 45, 46, 51], [49, 56, 54, 50, 48, 52, 53, 55, 59, 57, 58, 60]]
76: [[27, 2, 1, 7, 3, 35, 14], [5, 12, 4, 24, 8, 11, 6, 15, 26, 18, 9, 28, 22, 16, 20, 21, 10, 13, 17], [19, 31, 30, 23, 25, 29, 40, 34, 33, 32], [37, 39, 36, 47, 38, 41, 43, 42, 44, 45, 46, 51], [49, 56, 54, 50, 48, 52, 53, 55, 59, 57, 58, 60]]
77: [[27, 2, 1, 7, 3, 35, 14], [5, 12, 4, 24, 11, 8, 6, 10, 25, 9, 13, 26, 28, 23, 21, 15, 17, 16, 20], [18, 22, 29, 30, 19, 31, 40, 34, 33, 32], [37, 39, 36, 47, 38, 45, 43, 42, 44, 41, 46, 51], [49, 56, 54, 50, 48, 52, 53, 55, 59, 57, 58, 60]]
78: [[27, 2, 1, 7, 3, 35, 14], [5, 12, 4, 24, 6, 11, 10, 15, 8, 28, 9, 13, 18, 25, 20, 21, 16, 19, 22, 23], [17, 26, 29, 30, 31, 40, 34, 33, 32], [37, 39, 36, 47, 38, 41, 43, 42, 44, 45, 46, 51], [49, 56, 54, 50, 48, 52, 53, 55, 59, 57, 58, 60]]
79: [[27, 2, 1, 7, 3, 35, 14], [5, 12, 4, 24, 6, 9, 10, 8, 11, 15, 13, 16, 21, 18, 17, 19, 22, 23, 20, 26], [25, 31, 29, 28, 30, 40, 34, 33, 32], [37, 39, 36, 47, 38, 41, 43, 42, 44, 45, 46, 51], [49, 56, 54, 50, 48, 52, 53, 55, 59, 57, 58, 60]]
80: [[27, 2, 1, 7, 3, 35, 14], [5, 12, 4, 24, 6, 10, 9, 13, 11, 23, 8, 17, 26, 15, 18, 22, 16, 21, 20, 19], [29, 28, 25, 30, 31, 40, 34, 33, 32], [37, 39, 36, 47, 38, 41, 43, 42, 44, 45, 46, 51], [49, 56, 54, 50, 48, 52, 53, 55, 59, 57, 58, 60]]
81: [[27, 2, 1, 7, 3, 35, 14], [5, 12, 4, 24, 6, 8, 9, 10, 11, 15, 13, 23, 21, 19, 16, 18, 17, 20, 22], [28, 29, 25, 26, 31, 30, 40, 34, 33, 32], [37, 39, 36, 47, 38, 41, 43, 42, 44, 45, 46, 51], [49, 56, 54, 50, 48, 52, 53, 55, 59, 57, 58, 60]]
82: [[27, 2, 1, 7, 3, 35, 14], [5, 12, 4, 24, 6, 9, 11, 10, 13, 15, 8, 16, 20, 17, 21, 18, 19, 23, 22], [26, 28, 25, 29, 31, 30, 40, 34, 33, 32], [37, 39, 36, 47, 38, 41, 43, 42, 44, 45, 46, 51], [49, 56, 54, 50, 48, 52, 53, 55, 59, 57, 58, 60]]
83: [[27, 2, 1, 7, 3, 35, 14], [5, 12, 4, 24, 10, 8, 6, 9, 25, 11, 13, 15, 17, 21, 19, 22, 16, 26, 18], [23, 28, 20, 29, 31, 30, 41, 34, 33, 38], [37, 39, 36, 46, 32, 47, 43, 42, 44, 45, 40, 51], [49, 56, 54, 50, 48, 52, 53, 55, 59, 57, 58, 60]]
84: [[27, 2, 1, 7, 3, 35, 14], [5, 12, 4, 24, 10, 6, 8, 9, 25, 19, 26, 31, 22, 23, 16, 11, 13, 21, 20], [15, 18, 29, 30, 28, 17, 40, 34, 33, 32], [37, 39, 36, 47, 38, 41, 43, 42, 44, 45, 46, 51], [49, 56, 54, 50, 48, 52, 53, 55, 59, 57, 58, 60]]
85: [[27, 2, 1, 7, 3, 35, 14], [5, 12, 4, 24, 6, 10, 13, 8, 9, 15, 11, 26, 17, 23, 21, 16, 22, 20, 18], [19, 30, 29, 25, 28, 31, 40, 34, 33, 32], [37, 39, 36, 47, 38, 41, 43, 42, 44, 45, 46, 51], [49, 56, 54, 50, 48, 52, 53, 55, 59, 57, 58, 60]]
86: [[27, 2, 1, 7, 3, 35, 14], [5, 12, 4, 24, 10, 6, 8, 13, 11, 9, 31, 22, 15, 21, 17, 18, 20, 16, 23], [28, 25, 26, 30, 29, 19, 40, 34, 33, 32], [37, 39, 36, 47, 38, 41, 43, 42, 44, 45, 46, 51], [49, 56, 54, 50, 48, 52, 53, 55, 59, 57, 58, 60]]
87: [[27, 2, 1, 7, 3, 35, 14], [5, 12, 4, 24, 6, 11, 8, 9, 10, 13, 16, 15, 25, 29, 20, 21, 22, 18, 19, 17], [23, 30, 28, 26, 31, 40, 34, 33, 32], [37, 39, 36, 47, 38, 41, 43, 42, 44, 45, 46, 51], [49, 56, 54, 50, 48, 52, 53, 55, 59, 57, 58, 60]]
88: [[27, 2, 1, 7, 3, 35, 14], [5, 12, 4, 24, 9, 8, 11, 26, 16, 15, 21, 20, 13, 17, 18, 22, 30, 10, 23, 6], [25, 29, 28, 19, 31, 40, 34, 33, 32], [37, 39, 36, 47, 38, 41, 43, 42, 44, 45, 46, 51], [49, 56, 54, 50, 48, 52, 53, 55, 59, 57, 58, 60]]
89: [[27, 2, 1, 7, 3, 35, 14], [5, 12, 4, 24, 6, 9, 11, 10, 8, 13, 15, 22, 21, 28, 18, 19, 17, 25, 16, 20], [29, 23, 26, 30, 31, 40, 34, 33, 32], [37, 39, 36, 47, 38, 41, 43, 42, 44, 45, 46, 51], [49, 56, 54, 50, 48, 52, 53, 55, 59, 57, 58, 60]]
90: [[27, 2, 1, 7, 3, 35, 14], [5, 12, 4, 24, 8, 13, 15, 9, 17, 11, 19, 18, 22, 26, 20, 30, 10, 21, 6], [23, 25, 16, 28, 29, 31, 40, 34, 33, 32], [37, 39, 36, 47, 38, 41, 43, 42, 44, 45, 46, 51], [49, 56, 54, 50, 48, 52, 53, 55, 59, 57, 58, 60]]
91: [[27, 2, 1, 7, 3, 35, 14], [5, 12, 4, 24, 9, 8, 11, 13, 10, 15, 16, 18, 20, 21, 22, 19, 28, 17, 23], [6, 29, 26, 25, 30, 31, 40, 34, 33, 32], [37, 39, 36, 47, 38, 41, 43, 42, 44, 45, 46, 51], [49, 56, 54, 50, 48, 52, 53, 55, 59, 57, 58, 60]]
92: [[27, 2, 1, 7, 3, 35, 14], [5, 12, 4, 24, 9, 11, 10, 13, 15, 17, 6, 8, 21, 16, 23, 25, 22, 19, 20], [26, 29, 18, 28, 30, 31, 40, 34, 33, 32], [37, 39, 36, 47, 38, 41, 43, 42, 44, 45, 46, 51], [49, 56, 54, 50, 48, 52, 53, 55, 59, 57, 58, 60]]
93: [[27, 2, 1, 7, 3, 35, 14], [5, 12, 4, 24, 6, 11, 8, 9, 29, 10, 13, 15, 21, 18, 20, 16, 22, 25, 17], [28, 19, 23, 26, 30, 31, 40, 34, 33, 32], [37, 39, 36, 47, 38, 41, 43, 42, 44, 45, 46, 51], [49, 56, 54, 50, 48, 52, 53, 55, 59, 57, 58, 60]]
94: [[27, 2, 1, 7, 3, 35, 14], [5, 12, 4, 24, 6, 8, 13, 9, 15, 25, 11, 10, 16, 19, 17, 22, 18, 20, 21, 26], [23, 29, 30, 28, 31, 40, 34, 33, 32], [37, 39, 36, 47, 38, 41, 43, 42, 44, 45, 46, 51], [49, 56, 54, 50, 48, 52, 53, 55, 59, 57, 58, 60]]
95: [[27, 2, 1, 7, 3, 35, 14], [5, 12, 4, 24, 9, 25, 8, 10, 13, 15, 11, 6, 20, 23, 16, 19, 18, 21, 22], [26, 17, 30, 31, 28, 29, 40, 34, 33, 32], [37, 39, 36, 47, 38, 41, 43, 42, 44, 45, 46, 51], [49, 56, 54, 50, 48, 52, 53, 55, 59, 57, 58, 60]]
96: [[27, 2, 1, 7, 3, 35, 14], [5, 12, 4, 24, 6, 11, 9, 10, 13, 8, 15, 16, 17, 25, 18, 22, 23, 29, 28], [19, 20, 21, 26, 30, 31, 40, 34, 33, 32], [37, 39, 36, 47, 38, 41, 43, 42, 44, 45, 46, 51], [49, 56, 54, 50, 48, 52, 53, 55, 59, 57, 58, 60]]
97: [[27, 2, 1, 7, 3, 35, 14], [5, 12, 4, 24, 6, 9, 11, 10, 8, 31, 21, 15, 13, 16, 19, 20, 18, 17, 22, 25], [26, 23, 28, 30, 29, 40, 34, 33, 32], [37, 39, 36, 47, 38, 41, 43, 42, 44, 45, 46, 51], [49, 56, 54, 50, 48, 52, 53, 55, 59, 57, 58, 60]]
98: [[27, 2, 1, 7, 3, 35, 14], [5, 12, 4, 24, 6, 9, 8, 15, 10, 30, 13, 25, 11, 16, 18, 22, 19, 21, 20, 23], [29, 17, 26, 28, 31, 40, 34, 33, 32], [37, 39, 36, 47, 38, 41, 43, 42, 44, 45, 46, 51], [49, 56, 54, 50, 48, 52, 53, 55, 59, 57, 58, 60]]
99: [[27, 2, 1, 7, 3, 35, 14], [5, 12, 4, 24, 10, 9, 8, 13, 6, 11, 29, 15, 17, 21, 18, 22, 20, 19, 31, 28], [16, 23, 26, 25, 30, 40, 34, 33, 32], [37, 39, 36, 47, 38, 41, 43, 42, 44, 45, 46, 51], [49, 56, 54, 50, 48, 52, 53, 55, 59, 57, 58, 60]]
100: [[27, 2, 1, 7, 3, 35, 14], [5, 12, 4, 24, 11, 8, 6, 15, 10, 13, 17, 9, 16, 19, 20, 22, 21, 25, 23, 28], [18, 29, 26, 31, 30, 40, 34, 33, 32], [37, 39, 36, 47, 38, 41, 43, 42, 44, 45, 46, 51], [49, 56, 54, 50, 48, 52, 53, 55, 59, 57, 58, 60]]
101: [[27, 2, 1, 7, 3, 35, 14], [5, 12, 4, 24, 6, 8, 9, 10, 11, 13, 15, 21, 19, 16, 17, 25, 23, 22, 18, 20], [30, 28, 29, 26, 31, 40, 34, 33, 32], [37, 39, 36, 47, 38, 41, 43, 42, 44, 45, 46, 51], [49, 56, 54, 50, 48, 52, 53, 55, 59, 57, 58, 60]]
102: [[27, 2, 1, 7, 3, 35, 14], [5, 12, 4, 24, 8, 11, 10, 13, 25, 9, 23, 30, 6, 19, 15, 20, 26, 31, 16], [17, 18, 21, 28, 29, 22, 40, 34, 33, 32], [37, 39, 36, 47, 38, 41, 43, 42, 44, 45, 46, 51], [49, 56, 54, 50, 48, 52, 53, 55, 59, 57, 58, 60]]
103: [[27, 2, 1, 7, 3, 35, 14], [5, 12, 4, 24, 8, 11, 6, 13, 10, 25, 9, 15, 30, 17, 29, 28, 19, 16, 23, 22, 18], [20, 21, 26, 31, 40, 34, 33, 32], [37, 39, 36, 47, 38, 41, 43, 42, 44, 45, 46, 51], [49, 56, 54, 50, 48, 52, 53, 55, 59, 57, 58, 60]]
104: [[27, 2, 1, 7, 3, 35, 14], [5, 12, 4, 24, 10, 9, 11, 6, 8, 13, 29, 20, 31, 30, 17, 26, 16, 15, 18], [21, 19, 22, 23, 25, 28, 40, 34, 33, 32], [37, 39, 36, 47, 38, 41, 43, 42, 44, 45, 46, 51], [49, 56, 54, 50, 48, 52, 53, 55, 59, 57, 58, 60]]
105: [[27, 2, 1, 7, 3, 35, 14], [5, 12, 4, 24, 6, 9, 11, 15, 13, 8, 16, 10, 25, 23, 19, 22, 18, 20, 29, 28], [17, 21, 30, 26, 31, 40, 34, 33, 32], [37, 39, 36, 47, 38, 41, 43, 42, 44, 45, 46, 51], [49, 56, 54, 50, 48, 52, 53, 55, 59, 57, 58, 60]]
106: [[27, 2, 1, 7, 3, 35, 14], [5, 12, 4, 24, 9, 6, 10, 15, 8, 26, 11, 30, 16, 13, 23, 17, 22, 25, 18], [19, 21, 29, 28, 20, 31, 40, 34, 33, 32], [37, 39, 36, 47, 38, 41, 43, 42, 44, 45, 46, 51], [49, 56, 54, 50, 48, 52, 53, 55, 59, 57, 58, 60]]
107: [[27, 2, 1, 7, 3, 35, 14], [5, 12, 4, 24, 8, 11, 10, 9, 26, 25, 17, 13, 15, 19, 31, 16, 22, 21, 23], [6, 29, 28, 30, 18, 20, 40, 34, 33, 32], [37, 39, 36, 47, 38, 41, 43, 42, 44, 45, 46, 51], [49, 56, 54, 50, 48, 52, 53, 55, 59, 57, 58, 60]]
108: [[27, 2, 1, 7, 3, 35, 14], [5, 12, 4, 24, 6, 8, 9, 10, 11, 13, 31, 23, 29, 15, 19, 30, 16, 22, 17], [20, 18, 21, 26, 25, 28, 40, 34, 33, 32], [37, 39, 36, 47, 38, 41, 43, 42, 44, 45, 46, 51], [49, 56, 54, 50, 48, 52, 53, 55, 59, 57, 58, 60]]
109: [[27, 2, 1, 7, 3, 35, 14], [5, 12, 4, 24, 6, 10, 8, 9, 15, 11, 13, 18, 19, 17, 16, 23, 25, 22, 26], [20, 21, 28, 31, 29, 30, 40, 34, 33, 32], [37, 39, 36, 47, 38, 41, 43, 42, 44, 45, 46, 51], [49, 56, 54, 50, 48, 52, 53, 55, 59, 57, 58, 60]]
110: [[27, 2, 1, 7, 3, 35, 14], [5, 12, 4, 24, 6, 10, 9, 13, 26, 17, 8, 31, 20, 11, 22, 15, 16, 18, 19], [21, 28, 30, 23, 25, 29, 40, 34, 33, 32], [37, 39, 36, 47, 38, 41, 43, 42, 44, 45, 46, 51], [49, 56, 54, 50, 48, 52, 53, 55, 59, 57, 58, 60]]
111: [[27, 2, 1, 7, 3, 35, 14], [5, 12, 4, 24, 8, 9, 6, 15, 10, 25, 23, 31, 11, 17, 13, 16, 18, 19, 20], [30, 21, 29, 22, 28, 26, 40, 34, 33, 32], [37, 39, 36, 47, 38, 41, 43, 42, 44, 45, 46, 51], [49, 56, 54, 50, 48, 52, 53, 55, 59, 57, 58, 60]]
112: [[27, 2, 1, 7, 3, 35, 14], [5, 12, 4, 24, 8, 11, 10, 13, 9, 23, 25, 26, 29, 6, 15, 17, 22, 16, 19, 20, 30], [18, 21, 28, 31, 40, 34, 33, 32], [37, 39, 36, 47, 38, 41, 43, 42, 44, 45, 46, 51], [49, 56, 54, 50, 48, 52, 53, 55, 59, 57, 58, 60]]
113: [[27, 2, 1, 7, 3, 35, 14], [5, 12, 4, 24, 6, 11, 10, 29, 25, 9, 15, 19, 23, 8, 17, 16, 13, 22, 20], [18, 21, 26, 31, 30, 28, 40, 34, 33, 32], [37, 39, 36, 47, 38, 41, 43, 42, 44, 45, 46, 51], [49, 56, 54, 50, 48, 52, 53, 55, 59, 57, 58, 60]]
114: [[27, 2, 1, 7, 3, 35, 14], [5, 12, 4, 24, 11, 6, 8, 13, 9, 23, 10, 31, 30, 15, 19, 25, 17, 16, 22], [18, 20, 28, 21, 29, 26, 40, 34, 33, 32], [37, 39, 36, 47, 38, 41, 43, 42, 44, 45, 46, 51], [49, 56, 54, 50, 48, 52, 53, 55, 59, 57, 58, 60]]
115: [[27, 2, 1, 7, 3, 35, 14], [5, 12, 4, 24, 6, 9, 8, 11, 23, 25, 10, 19, 22, 13, 16, 17, 15, 18, 20, 26], [21, 28, 30, 29, 31, 40, 34, 33, 32], [37, 39, 36, 47, 38, 41, 43, 42, 44, 45, 46, 51], [49, 56, 54, 50, 48, 52, 53, 55, 59, 57, 58, 60]]
116: [[27, 2, 1, 7, 3, 35, 14], [5, 12, 4, 24, 6, 9, 10, 15, 8, 23, 11, 13, 25, 18, 26, 16, 19, 17, 22, 20], [21, 28, 29, 31, 30, 40, 34, 33, 32], [37, 39, 36, 47, 38, 41, 43, 42, 44, 45, 46, 51], [49, 56, 54, 50, 48, 52, 53, 55, 59, 57, 58, 60]]
117: [[27, 2, 1, 7, 3, 35, 14], [5, 12, 4, 24, 15, 9, 8, 10, 11, 6, 13, 22, 17, 23, 16, 25, 19, 18, 20], [29, 21, 26, 31, 28, 30, 40, 34, 33, 32], [37, 39, 36, 47, 38, 41, 43, 42, 44, 45, 46, 51], [49, 56, 54, 50, 48, 52, 53, 55, 59, 57, 58, 60]]
118: [[27, 2, 1, 7, 3, 35, 14], [5, 12, 4, 24, 6, 9, 11, 8, 25, 10, 13, 23, 15, 16, 22, 18, 17, 19, 20], [21, 26, 28, 30, 29, 31, 40, 34, 33, 32], [37, 39, 36, 47, 38, 41, 43, 42, 44, 45, 46, 51], [49, 56, 54, 50, 48, 52, 53, 55, 59, 57, 58, 60]]
119: [[27, 2, 1, 7, 3, 35, 14], [5, 12, 4, 24, 11, 8, 6, 15, 25, 9, 10, 13, 28, 30, 16, 17, 18, 29, 22, 19], [23, 20, 26, 21, 31, 41, 34, 33, 36], [37, 39, 32, 42, 38, 40, 43, 47, 44, 45, 46, 51], [49, 56, 54, 50, 48, 52, 53, 55, 59, 57, 58, 60]]
120: [[27, 2, 1, 7, 3, 35, 14], [5, 12, 4, 24, 6, 9, 11, 13, 10, 8, 29, 15, 20, 18, 22, 16, 19, 17, 25], [21, 23, 28, 26, 31, 30, 40, 34, 33, 32], [37, 39, 36, 47, 38, 41, 43, 42, 44, 45, 46, 51], [49, 56, 54, 50, 48, 52, 53, 55, 59, 57, 58, 60]]
121: [[27, 2, 1, 7, 3, 35, 14], [5, 12, 4, 24, 6, 9, 15, 8, 11, 29, 13, 10, 16, 22, 23, 17, 19, 20, 25, 18], [31, 21, 30, 28, 26, 40, 34, 33, 32], [37, 39, 36, 47, 38, 41, 43, 42, 44, 45, 46, 51], [49, 56, 54, 50, 48, 52, 53, 55, 59, 57, 58, 60]]
