0: [[41, 46, 38, 77, 29, 25, 1, 13], [2, 35, 12, 22], [33, 37, 59, 60, 21, 74], [55, 3, 26, 64, 53, 56], [4, 67, 32, 52, 87], [6, 7, 20, 11, 51, 57], [14, 19, 15], [27, 28, 34, 39, 10], [43, 5, 62, 44, 69, 45, 8, 73], [9, 48, 49, 54, 61, 66, 72], [65, 82, 36, 81], [68, 58, 70, 42], [17, 50, 24, 16, 23], [76, 78, 79, 80, 83, 63, 71], [47, 85, 84, 30, 86, 88, 18, 31, 40, 75]]
1: [[41, 36, 46, 5, 23, 24, 6, 3, 1, 2, 11, 8, 12, 13, 43, 4, 15, 7, 25, 10, 28, 9, 22, 14, 18, 20, 16, 17, 60, 29], [19, 21, 26, 30, 27, 31, 50, 34, 33, 32, 39, 35, 37, 44, 38, 42, 40, 45, 47, 53, 48, 49, 54, 57, 51, 52, 56, 59, 61], [58, 55, 63, 62, 69, 80, 65, 64, 67, 73, 70, 68, 66, 75, 71, 76, 74, 72, 77, 79, 78, 86, 81, 82, 87, 84, 83, 85, 88]]
2: [[41, 36, 46, 5, 23, 24, 6, 3, 1, 2, 11, 8, 12, 13, 43, 4, 15, 7, 25, 10, 28, 9, 22, 14, 18, 20, 16, 17, 60, 29], [19, 21, 26, 30, 27, 31, 50, 34, 33, 32, 39, 35, 37, 44, 38, 42, 40, 45, 47, 53, 48, 49, 54, 57, 51, 52, 56, 59, 61], [58, 55, 63, 62, 69, 80, 65, 64, 67, 73, 70, 68, 66, 75, 71, 76, 74, 72, 77, 79, 78, 86, 81, 82, 87, 84, 83, 85, 88]]
3: [[41, 36, 46, 5, 23, 24, 6, 3, 1, 2, 11, 8, 12, 13, 43, 4, 15, 7, 25, 10, 28, 9, 22, 14, 18, 20, 16, 17, 60, 29], [19, 21, 26, 30, 27, 31, 50, 34, 33, 32, 39, 35, 37, 44, 38, 42, 40, 45, 47, 53, 48, 49, 54, 57, 51, 52, 56, 59, 61], [58, 55, 63, 62, 69, 80, 65, 64, 67, 73, 70, 68, 66, 75, 71, 76, 74, 72, 77, 79, 78, 86, 81, 82, 87, 84, 83, 85, 88]]
4: [[41, 36, 46, 5, 23, 24, 6, 3, 1, 2, 11, 8, 12, 13, 43, 4, 15, 7, 25, 10, 28, 9, 22, 14, 18, 20, 16, 17, 60, 29], [19, 21, 26, 30, 27, 31, 50, 34, 33, 32, 39, 35, 37, 44, 38, 42, 40, 45, 47, 53, 48, 49, 54, 57, 51, 52, 56, 59, 61], [58, 55, 63, 62, 69, 80, 65, 64, 67, 73, 70, 68, 66, 75, 71, 76, 74, 72, 77, 79, 78, 86, 81, 82, 87, 84, 83, 85, 88]]
5: [[41, 36, 46, 5, 23, 24, 6, 3, 1, 2, 11, 8, 12, 13, 43, 4, 15, 7, 25, 10, 28, 9, 22, 14, 18, 20, 16, 17, 60, 29], [19, 21, 26, 30, 27, 31, 50, 34, 33, 32, 39, 35, 37, 44, 38, 42, 40, 45, 47, 53, 48, 49, 54, 57, 51, 52, 56, 59, 61], [58, 55, 63, 62, 69, 80, 65, 64, 67, 73, 70, 68, 66, 75, 71, 76, 74, 72, 77, 79, 78, 86, 81, 82, 87, 84, 83, 85, 88]]
6: [[41, 36, 46, 5, 23, 24, 6, 3, 1, 2, 11, 8, 12, 13, 43, 4, 15, 7, 25, 10, 28, 9, 22, 14, 18, 20, 16, 17, 60, 29], [19, 21, 26, 30, 27, 31, 50, 34, 33, 32, 39, 35, 37, 44, 38, 42, 40, 45, 47, 53, 48, 49, 54, 57, 51, 52, 56, 59, 61], [58, 55, 63, 62, 69, 80, 65, 64, 67, 73, 70, 68, 66, 75, 71, 76, 74, 72, 77, 79, 78, 86, 81, 82, 87, 84, 83, 85, 88]]
7: [[41, 36, 46, 5, 23, 24, 6, 3, 1, 2, 11, 8, 12, 13, 43, 4, 15, 7, 25, 10, 28, 9, 22, 14, 18, 20, 16, 17, 60, 29], [19, 21, 26, 30, 27, 31, 50, 34, 33, 32, 39, 35, 37, 44, 38, 42, 40, 45, 47, 53, 48, 49, 54, 57, 51, 52, 56, 59, 61], [58, 55, 63, 62, 69, 80, 65, 64, 67, 73, 70, 68, 66, 75, 71, 76, 74, 72, 77, 79, 78, 86, 81, 82, 87, 84, 83, 85, 88]]
8: [[41, 36, 46, 5, 23, 24, 6, 3, 1, 2, 11, 8, 12, 13, 43, 4, 15, 7, 25, 10, 28, 9, 22, 14, 18, 20, 16, 17, 60, 29], [19, 21, 26, 30, 27, 31, 50, 34, 33, 32, 39, 35, 37, 44, 38, 42, 40, 45, 47, 53, 48, 49, 54, 57, 51, 52, 56, 59, 61], [58, 55, 63, 62, 69, 80, 65, 64, 67, 73, 70, 68, 66, 75, 71, 76, 74, 72, 77, 79, 78, 86, 81, 82, 87, 84, 83, 85, 88]]
9: [[41, 36, 46, 5, 23, 24, 6, 3, 1, 2, 11, 8, 12, 13, 43, 4, 15, 7, 25, 10, 28, 9, 22, 14, 18, 20, 16, 17, 60, 29], [19, 21, 26, 30, 27, 31, 50, 34, 33, 32, 39, 35, 37, 44, 38, 42, 40, 45, 47, 53, 48, 49, 54, 57, 51, 52, 56, 59, 61], [58, 55, 63, 62, 69, 80, 65, 64, 67, 73, 70, 68, 66, 75, 71, 76, 74, 72, 77, 79, 78, 86, 81, 82, 87, 84, 83, 85, 88]]
10: [[41, 36, 46, 5, 23, 24, 6, 3, 1, 2, 11, 8, 12, 13, 43, 4, 15, 7, 25, 10, 28, 9, 22, 14, 18, 20, 16, 17, 60, 29], [19, 21, 26, 30, 27, 31, 50, 34, 33, 32, 39, 35, 37, 44, 38, 42, 40, 45, 47, 53, 48, 49, 54, 57, 51, 52, 56, 59, 61], [58, 55, 63, 62, 69, 80, 65, 64, 67, 73, 70, 68, 66, 75, 71, 76, 74, 72, 77, 79, 78, 86, 81, 82, 87, 84, 83, 85, 88]]
11: [[41, 36, 46, 5, 23, 24, 6, 3, 1, 2, 11, 8, 12, 13, 43, 4, 15, 7, 25, 10, 28, 9, 22, 14, 18, 20, 16, 17, 60, 29], [19, 21, 26, 30, 27, 31, 50, 34, 33, 32, 39, 35, 37, 44, 38, 42, 40, 45, 47, 53, 48, 49, 54, 57, 51, 52, 56, 59, 61], [58, 55, 63, 62, 69, 80, 65, 64, 67, 73, 70, 68, 66, 75, 71, 76, 74, 72, 77, 79, 78, 86, 81, 82, 87, 84, 83, 85, 88]]
12: [[41, 36, 46, 5, 23, 24, 6, 3, 1, 2, 11, 8, 12, 13, 43, 4, 15, 7, 25, 10, 28, 9, 22, 14, 18, 20, 16, 17, 60, 29], [19, 21, 26, 30, 27, 31, 50, 34, 33, 32, 39, 35, 37, 44, 38, 42, 40, 45, 47, 53, 48, 49, 54, 57, 51, 52, 56, 59, 61], [58, 55, 63, 62, 69, 80, 65, 64, 67, 73, 70, 68, 66, 75, 71, 76, 74, 72, 77, 79, 78, 86, 81, 82, 87, 84, 83, 85, 88]]
13: [[41, 36, 46, 5, 23, 24, 6, 3, 1, 2, 11, 8, 12, 13, 43, 4, 15, 7, 25, 10, 28, 9, 22, 14, 18, 20, 16, 17, 60, 29], [19, 21, 26, 30, 27, 31, 50, 34, 33, 32, 39, 35, 37, 44, 38, 42, 40, 45, 47, 53, 48, 49, 54, 57, 51, 52, 56, 59, 61], [58, 55, 63, 62, 69, 80, 65, 64, 67, 73, 70, 68, 66, 75, 71, 76, 74, 72, 77, 79, 78, 86, 81, 82, 87, 84, 83, 85, 88]]
14: [[41, 36, 46, 5, 23, 24, 6, 3, 1, 2, 11, 8, 12, 13, 43, 4, 15, 7, 25, 10, 28, 9, 22, 14, 18, 20, 16, 17, 60, 29], [19, 21, 26, 30, 27, 31, 50, 34, 33, 32, 39, 35, 37, 44, 38, 42, 40, 45, 47, 53, 48, 49, 54, 57, 51, 52, 56, 59, 61], [58, 55, 63, 62, 69, 80, 65, 64, 67, 73, 70, 68, 66, 75, 71, 76, 74, 72, 77, 79, 78, 86, 81, 82, 87, 84, 83, 85, 88]]
15: [[41, 36, 46, 5, 23, 24, 6, 3, 1, 2, 11, 8, 12, 13, 43, 4, 15, 7, 25, 10, 28, 9, 22, 14, 18, 20, 16, 17, 60, 29], [19, 21, 26, 30, 27, 31, 50, 34, 33, 32, 39, 35, 37, 44, 38, 42, 40, 45, 47, 53, 48, 49, 54, 57, 51, 52, 56, 59, 61], [58, 55, 63, 62, 69, 80, 65, 64, 67, 73, 70, 68, 66, 75, 71, 76, 74, 72, 77, 79, 78, 86, 81, 82, 87, 84, 83, 85, 88]]
16: [[41, 36, 46, 5, 23, 24, 6, 3, 1, 2, 11, 8, 12, 13, 43, 4, 15, 7, 25, 10, 28, 9, 22, 14, 18, 20, 16, 17, 60, 29], [19, 21, 26, 30, 27, 31, 50, 34, 33, 32, 39, 35, 37, 44, 38, 42, 40, 45, 47, 53, 48, 49, 54, 57, 51, 52, 56, 59, 61], [58, 55, 63, 62, 69, 80, 65, 64, 67, 73, 70, 68, 66, 75, 71, 76, 74, 72, 77, 79, 78, 86, 81, 82, 87, 84, 83, 85, 88]]
17: [[41, 36, 46, 5, 23, 24, 6, 3, 1, 2, 11, 8, 12, 13, 43, 4, 15, 7, 25, 10, 28, 9, 22, 14, 18, 20, 16, 17, 60, 29], [19, 21, 26, 30, 27, 31, 50, 34, 33, 32, 39, 35, 37, 44, 38, 42, 40, 45, 47, 53, 48, 49, 54, 57, 51, 52, 56, 59, 61], [58, 55, 63, 62, 69, 80, 65, 64, 67, 73, 70, 68, 66, 75, 71, 76, 74, 72, 77, 79, 78, 86, 81, 82, 87, 84, 83, 85, 88]]
18: [[41, 36, 46, 5, 23, 24, 6, 3, 1, 2, 11, 8, 12, 13, 43, 4, 15, 7, 25, 10, 28, 9, 22, 14, 18, 20, 16, 17, 60, 29], [19, 21, 26, 30, 27, 31, 50, 34, 33, 32, 39, 35, 37, 44, 38, 42, 40, 45, 47, 53, 48, 49, 54, 57, 51, 52, 56, 59, 61], [58, 55, 63, 62, 69, 80, 65, 64, 67, 73, 70, 68, 66, 75, 71, 76, 74, 72, 77, 79, 78, 86, 81, 82, 87, 84, 83, 85, 88]]
19: [[41, 36, 46, 5, 23, 24, 6, 3, 1, 2, 11, 8, 12, 13, 43, 4, 15, 7, 25, 10, 28, 9, 22, 14, 18, 20, 16, 17, 60, 29], [19, 21, 26, 30, 27, 31, 50, 34, 33, 32, 39, 35, 37, 44, 38, 42, 40, 45, 47, 53, 48, 49, 54, 57, 51, 52, 56, 59, 61], [58, 55, 63, 62, 69, 80, 65, 64, 67, 73, 70, 68, 66, 75, 71, 76, 74, 72, 77, 79, 78, 86, 81, 82, 87, 84, 83, 85, 88]]
20: [[41, 36, 46, 5, 23, 24, 6, 3, 1, 2, 11, 8, 12, 13, 43, 4, 15, 7, 25, 10, 28, 9, 22, 14, 18, 20, 16, 17, 60, 29], [19, 21, 26, 30, 27, 31, 50, 34, 33, 32, 39, 35, 37, 44, 38, 42, 40, 45, 47, 53, 48, 49, 54, 57, 51, 52, 56, 59, 61], [58, 55, 63, 62, 69, 80, 65, 64, 67, 73, 70, 68, 66, 75, 71, 76, 74, 72, 77, 79, 78, 86, 81, 82, 87, 84, 83, 85, 88]]
21: [[41, 36, 46, 5, 23, 24, 6, 3, 1, 2, 11, 8, 12, 13, 43, 4, 15, 7, 25, 10, 28, 9, 22, 14, 18, 20, 16, 17, 60, 29], [19, 21, 26, 30, 27, 31, 50, 34, 33, 32, 39, 35, 37, 44, 38, 42, 40, 45, 47, 53, 48, 49, 54, 57, 51, 52, 56, 59, 61], [58, 55, 63, 62, 69, 80, 65, 64, 67, 73, 70, 68, 66, 75, 71, 76, 74, 72, 77, 79, 78, 86, 81, 82, 87, 84, 83, 85, 88]]
22: [[41, 36, 46, 5, 23, 24, 6, 3, 1, 2, 11, 8, 12, 13, 43, 4, 15, 7, 25, 10, 28, 9, 22, 14, 18, 20, 16, 17, 60, 29], [19, 21, 26, 30, 27, 31, 50, 34, 33, 32, 39, 35, 37, 44, 38, 42, 40, 45, 47, 53, 48, 49, 54, 57, 51, 52, 56, 59, 61], [58, 55, 63, 62, 69, 80, 65, 64, 67, 73, 70, 68, 66, 75, 71, 76, 74, 72, 77, 79, 78, 86, 81, 82, 87, 84, 83, 85, 88]]
23: [[41, 36, 46, 5, 23, 24, 6, 3, 1, 2, 11, 8, 12, 13, 43, 4, 15, 7, 25, 10, 28, 9, 22, 14, 18, 20, 16, 17, 60, 29], [19, 21, 26, 30, 27, 31, 50, 34, 33, 32, 39, 35, 37, 44, 38, 42, 40, 45, 47, 53, 48, 49, 54, 57, 51, 52, 56, 59, 61], [58, 55, 63, 62, 69, 80, 65, 64, 67, 73, 70, 68, 66, 75, 71, 76, 74, 72, 77, 79, 78, 86, 81, 82, 87, 84, 83, 85, 88]]
24: [[41, 36, 46, 5, 23, 24, 6, 3, 1, 2, 11, 8, 12, 13, 43, 4, 15, 7, 25, 10, 28, 9, 22, 14, 18, 20, 16, 17, 60, 29], [19, 21, 26, 30, 27, 31, 50, 34, 33, 32, 39, 35, 37, 44, 38, 42, 40, 45, 47, 53, 48, 49, 54, 57, 51, 52, 56, 59, 61], [58, 55, 63, 62, 69, 80, 65, 64, 67, 73, 70, 68, 66, 75, 71, 76, 74, 72, 77, 79, 78, 86, 81, 82, 87, 84, 83, 85, 88]]
25: [[41, 36, 46, 5, 23, 24, 6, 3, 1, 2, 11, 8, 12, 13, 43, 4, 15, 7, 25, 10, 28, 9, 22, 14, 18, 20, 16, 17, 60, 29], [19, 21, 26, 30, 27, 31, 50, 34, 33, 32, 39, 35, 37, 44, 38, 42, 40, 45, 47, 53, 48, 49, 54, 57, 51, 52, 56, 59, 61], [58, 55, 63, 62, 69, 80, 65, 64, 67, 73, 70, 68, 66, 75, 71, 76, 74, 72, 77, 79, 78, 86, 81, 82, 87, 84, 83, 85, 88]]
26: [[41, 36, 46, 5, 23, 24, 6, 3, 1, 2, 11, 8, 12, 13, 43, 4, 15, 7, 25, 10, 28, 9, 22, 14, 18, 20, 16, 17, 60, 29], [19, 21, 26, 30, 27, 31, 50, 34, 33, 32, 39, 35, 37, 44, 38, 42, 40, 45, 47, 53, 48, 49, 54, 57, 51, 52, 56, 59, 61], [58, 55, 63, 62, 69, 80, 65, 64, 67, 73, 70, 68, 66, 75, 71, 76, 74, 72, 77, 79, 78, 86, 81, 82, 87, 84, 83, 85, 88]]
27: [[41, 36, 46, 5, 23, 24, 6, 3, 1, 2, 11, 8, 12, 13, 43, 4, 15, 7, 25, 10, 28, 9, 22, 14, 18, 20, 16, 17, 60, 29], [19, 21, 26, 30, 27, 31, 50, 34, 33, 32, 39, 35, 37, 44, 38, 42, 40, 45, 47, 53, 48, 49, 54, 57, 51, 52, 56, 59, 61], [58, 55, 63, 62, 69, 80, 65, 64, 67, 73, 70, 68, 66, 75, 71, 76, 74, 72, 77, 79, 78, 86, 81, 82, 87, 84, 83, 85, 88]]
28: [[41, 36, 46, 5, 23, 24, 6, 3, 1, 2, 11, 8, 12, 13, 43, 4, 15, 7, 25, 10, 28, 9, 22, 14, 18, 20, 16, 17, 60, 29], [19, 21, 26, 30, 27, 31, 50, 34, 33, 32, 39, 35, 37, 44, 38, 42, 40, 45, 47, 53, 48, 49, 54, 57, 51, 52, 56, 59, 61], [58, 55, 63, 62, 69, 80, 65, 64, 67, 73, 70, 68, 66, 75, 71, 76, 74, 72, 77, 79, 78, 86, 81, 82, 87, 84, 83, 85, 88]]
29: [[41, 36, 46, 5, 23, 24, 6, 3, 1, 2, 11, 8, 12, 13, 43, 4, 15, 7, 25, 10, 28, 9, 22, 14, 18, 20, 16, 17, 60, 29], [19, 21, 26, 30, 27, 31, 50, 34, 33, 32, 39, 35, 37, 44, 38, 42, 40, 45, 47, 53, 48, 49, 54, 57, 51, 52, 56, 59, 61], [58, 55, 63, 62, 69, 80, 65, 64, 67, 73, 70, 68, 66, 75, 71, 76, 74, 72, 77, 79, 78, 86, 81, 82, 87, 84, 83, 85, 88]]
30: [[41, 36, 46, 5, 23, 24, 6, 3, 1, 2, 11, 8, 12, 13, 43, 4, 15, 7, 25, 10, 28, 9, 22, 14, 18, 20, 16, 17, 60, 29], [19, 21, 26, 30, 27, 31, 50, 34, 33, 32, 39, 35, 37, 44, 38, 42, 40, 45, 47, 53, 48, 49, 54, 57, 51, 52, 56, 59, 61], [58, 55, 63, 62, 69, 80, 65, 64, 67, 73, 70, 68, 66, 75, 71, 76, 74, 72, 77, 79, 78, 86, 81, 82, 87, 84, 83, 85, 88]]
31: [[41, 36, 46, 5, 23, 24, 6, 3, 1, 2, 11, 8, 12, 13, 43, 4, 15, 7, 25, 10, 28, 9, 22, 14, 18, 20, 16, 17, 60, 29], [19, 21, 26, 30, 27, 31, 50, 34, 33, 32, 39, 35, 37, 44, 38, 42, 40, 45, 47, 53, 48, 49, 54, 57, 51, 52, 56, 59, 61], [58, 55, 63, 62, 69, 80, 65, 64, 67, 73, 70, 68, 66, 75, 71, 76, 74, 72, 77, 79, 78, 86, 81, 82, 87, 84, 83, 85, 88]]
32: [[41, 36, 46, 5, 23, 24, 6, 3, 1, 2, 11, 8, 12, 13, 43, 4, 15, 7, 25, 10, 28, 9, 22, 14, 18, 20, 16, 17, 60, 29], [19, 21, 26, 30, 27, 31, 50, 34, 33, 32, 39, 35, 37, 44, 38, 42, 40, 45, 47, 53, 48, 49, 54, 57, 51, 52, 56, 59, 61], [58, 55, 63, 62, 69, 80, 65, 64, 67, 73, 70, 68, 66, 75, 71, 76, 74, 72, 77, 79, 78, 86, 81, 82, 87, 84, 83, 85, 88]]
33: [[41, 36, 46, 5, 23, 24, 6, 3, 1, 2, 11, 8, 12, 13, 43, 4, 15, 7, 25, 10, 28, 9, 22, 14, 18, 20, 16, 17, 60, 29], [19, 21, 26, 30, 27, 31, 50, 34, 33, 32, 39, 35, 37, 44, 38, 42, 40, 45, 47, 53, 48, 49, 54, 57, 51, 52, 56, 59, 61], [58, 55, 63, 62, 69, 80, 65, 64, 67, 73, 70, 68, 66, 75, 71, 76, 74, 72, 77, 79, 78, 86, 81, 82, 87, 84, 83, 85, 88]]
34: [[41, 36, 46, 5, 23, 24, 6, 3, 1, 2, 11, 8, 12, 13, 43, 4, 15, 7, 25, 10, 28, 9, 22, 14, 18, 20, 16, 17, 60, 29], [19, 21, 26, 30, 27, 31, 50, 34, 33, 32, 39, 35, 37, 44, 38, 42, 40, 45, 47, 53, 48, 49, 54, 57, 51, 52, 56, 59, 61], [58, 55, 63, 62, 69, 80, 65, 64, 67, 73, 70, 68, 66, 75, 71, 76, 74, 72, 77, 79, 78, 86, 81, 82, 87, 84, 83, 85, 88]]
35: [[41, 36, 46, 5, 23, 24, 6, 3, 1, 2, 11, 8, 12, 13, 43, 4, 15, 7, 25, 10, 28, 9, 22, 14, 18, 20, 16, 17, 60, 29], [19, 21, 26, 30, 27, 31, 50, 34, 33, 32, 39, 35, 37, 44, 38, 42, 40, 45, 47, 53, 48, 49, 54, 57, 51, 52, 56, 59, 61], [58, 55, 63, 62, 69, 80, 65, 64, 67, 73, 70, 68, 66, 75, 71, 76, 74, 72, 77, 79, 78, 86, 81, 82, 87, 84, 83, 85, 88]]
36: [[41, 36, 46, 5, 23, 24, 6, 3, 1, 2, 11, 8, 12, 13, 43, 4, 15, 7, 25, 10, 28, 9, 22, 14, 18, 20, 16, 17, 60, 29], [19, 21, 26, 30, 27, 31, 50, 34, 33, 32, 39, 35, 37, 44, 38, 42, 40, 45, 47, 53, 48, 49, 54, 57, 51, 52, 56, 59, 61], [58, 55, 63, 62, 69, 80, 65, 64, 67, 73, 70, 68, 66, 75, 71, 76, 74, 72, 77, 79, 78, 86, 81, 82, 87, 84, 83, 85, 88]]
37: [[41, 36, 46, 5, 23, 24, 6, 3, 1, 2, 11, 8, 12, 13, 43, 4, 15, 7, 25, 10, 28, 9, 22, 14, 18, 20, 16, 17, 60, 29], [19, 21, 26, 30, 27, 31, 50, 34, 33, 32, 39, 35, 37, 44, 38, 42, 40, 45, 47, 53, 48, 49, 54, 57, 51, 52, 56, 59, 61], [58, 55, 63, 62, 69, 80, 65, 64, 67, 73, 70, 68, 66, 75, 71, 76, 74, 72, 77, 79, 78, 86, 81, 82, 87, 84, 83, 85, 88]]
38: [[41, 36, 46, 5, 23, 24, 6, 3, 1, 2, 11, 8, 12, 13, 43, 4, 15, 7, 25, 10, 28, 9, 22, 14, 18, 20, 16, 17, 60, 29], [19, 21, 26, 30, 27, 31, 50, 34, 33, 32, 39, 35, 37, 44, 38, 42, 40, 45, 47, 53, 48, 49, 54, 57, 51, 52, 56, 59, 61], [58, 55, 63, 62, 69, 80, 65, 64, 67, 73, 70, 68, 66, 75, 71, 76, 74, 72, 77, 79, 78, 86, 81, 82, 87, 84, 83, 85, 88]]
39: [[41, 36, 46, 5, 23, 24, 6, 3, 1, 2, 11, 8, 12, 13, 43, 4, 15, 7, 25, 10, 28, 9, 22, 14, 18, 20, 16, 17, 60, 29], [19, 21, 26, 30, 27, 31, 50, 34, 33, 32, 39, 35, 37, 44, 38, 42, 40, 45, 47, 53, 48, 49, 54, 57, 51, 52, 56, 59, 61], [58, 55, 63, 62, 69, 80, 65, 64, 67, 73, 70, 68, 66, 75, 71, 76, 74, 72, 77, 79, 78, 86, 81, 82, 87, 84, 83, 85, 88]]
40: [[41, 36, 46, 5, 23, 24, 6, 3, 1, 2, 11, 8, 12, 13, 43, 4, 15, 7, 25, 10, 28, 9, 22, 14, 18, 20, 16, 17, 60, 29], [19, 21, 26, 30, 27, 31, 50, 34, 33, 32, 39, 35, 37, 44, 38, 42, 40, 45, 47, 53, 48, 49, 54, 57, 51, 52, 56, 59, 61], [58, 55, 63, 62, 69, 80, 65, 64, 67, 73, 70, 68, 66, 75, 71, 76, 74, 72, 77, 79, 78, 86, 81, 82, 87, 84, 83, 85, 88]]
41: [[41, 36, 46, 5, 23, 24, 6, 3, 1, 2, 11, 8, 12, 13, 43, 4, 15, 7, 25, 10, 28, 9, 22, 14, 18, 20, 16, 17, 60, 29], [19, 21, 26, 30, 27, 31, 50, 34, 33, 32, 39, 35, 37, 44, 38, 42, 40, 45, 47, 53, 48, 49, 54, 57, 51, 52, 56, 59, 61], [58, 55, 63, 62, 69, 80, 65, 64, 67, 73, 70, 68, 66, 75, 71, 76, 74, 72, 77, 79, 78, 86, 81, 82, 87, 84, 83, 85, 88]]
42: [[41, 36, 46, 5, 23, 24, 6, 3, 1, 2, 11, 8, 12, 13, 43, 4, 15, 7, 25, 10, 28, 9, 22, 14, 18, 20, 16, 17, 60, 29], [19, 21, 26, 30, 27, 31, 50, 34, 33, 32, 39, 35, 37, 44, 38, 42, 40, 45, 47, 53, 48, 49, 54, 57, 51, 52, 56, 59, 61], [58, 55, 63, 62, 69, 80, 65, 64, 67, 73, 70, 68, 66, 75, 71, 76, 74, 72, 77, 79, 78, 86, 81, 82, 87, 84, 83, 85, 88]]
43: [[41, 36, 46, 5, 23, 24, 6, 3, 1, 2, 11, 8, 12, 13, 43, 4, 15, 7, 25, 10, 28, 9, 22, 14, 18, 20, 16, 17, 60, 29], [19, 21, 26, 30, 27, 31, 50, 34, 33, 32, 39, 35, 37, 44, 38, 42, 40, 45, 47, 53, 48, 49, 54, 57, 51, 52, 56, 59, 61], [58, 55, 63, 62, 69, 80, 65, 64, 67, 73, 70, 68, 66, 75, 71, 76, 74, 72, 77, 79, 78, 86, 81, 82, 87, 84, 83, 85, 88]]
44: [[41, 36, 46, 5, 23, 24, 6, 3, 1, 2, 11, 8, 12, 13, 43, 4, 15, 7, 25, 10, 28, 9, 22, 14, 18, 20, 16, 17, 60, 29], [19, 21, 26, 30, 27, 31, 50, 34, 33, 32, 39, 35, 37, 44, 38, 42, 40, 45, 47, 53, 48, 49, 54, 57, 51, 52, 56, 59, 61], [58, 55, 63, 62, 69, 80, 65, 64, 67, 73, 70, 68, 66, 75, 71, 76, 74, 72, 77, 79, 78, 86, 81, 82, 87, 84, 83, 85, 88]]
45: [[41, 36, 46, 5, 23, 24, 6, 3, 1, 2, 11, 8, 12, 13, 43, 4, 15, 7, 25, 10, 28, 9, 22, 14, 18, 20, 16, 17, 60, 29], [19, 21, 26, 30, 27, 31, 50, 34, 33, 32, 39, 35, 37, 44, 38, 42, 40, 45, 47, 53, 48, 49, 54, 57, 51, 52, 56, 59, 61], [58, 55, 63, 62, 69, 80, 65, 64, 67, 73, 70, 68, 66, 75, 71, 76, 74, 72, 77, 79, 78, 86, 81, 82, 87, 84, 83, 85, 88]]
46: [[41, 36, 46, 5, 23, 24, 6, 3, 1, 2, 11, 8, 12, 13, 43, 4, 15, 7, 25, 10, 28, 9, 22, 14, 18, 20, 16, 17, 60, 29], [19, 21, 26, 30, 27, 31, 50, 34, 33, 32, 39, 35, 37, 44, 38, 42, 40, 45, 47, 53, 48, 49, 54, 57, 51, 52, 56, 59, 61], [58, 55, 63, 62, 69, 80, 65, 64, 67, 73, 70, 68, 66, 75, 71, 76, 74, 72, 77, 79, 78, 86, 81, 82, 87, 84, 83, 85, 88]]
47: [[41, 36, 46, 5, 23, 24, 6, 3, 1, 2, 11, 8, 12, 13, 43, 4, 15, 7, 25, 10, 28, 9, 22, 14, 18, 20, 16, 17, 60, 29], [19, 21, 26, 30, 27, 31, 50, 34, 33, 32, 39, 35, 37, 44, 38, 42, 40, 45, 47, 53, 48, 49, 54, 57, 51, 52, 56, 59, 61], [58, 55, 63, 62, 69, 80, 65, 64, 67, 73, 70, 68, 66, 75, 71, 76, 74, 72, 77, 79, 78, 86, 81, 82, 87, 84, 83, 85, 88]]
48: [[41, 36, 46, 5, 23, 24, 6, 3, 1, 2, 11, 8, 12, 13, 43, 4, 15, 7, 25, 10, 28, 9, 22, 14, 18, 20, 16, 17, 60, 29], [19, 21, 26, 30, 27, 31, 50, 34, 33, 32, 39, 35, 37, 44, 38, 42, 40, 45, 47, 53, 48, 49, 54, 57, 51, 52, 56, 59, 61], [58, 55, 63, 62, 69, 80, 65, 64, 67, 73, 70, 68, 66, 75, 71, 76, 74, 72, 77, 79, 78, 86, 81, 82, 87, 84, 83, 85, 88]]
49: [[41, 36, 46, 5, 23, 24, 6, 3, 1, 2, 11, 8, 12, 13, 43, 4, 15, 7, 25, 10, 28, 9, 22, 14, 18, 20, 16, 17, 60, 29], [19, 21, 26, 30, 27, 31, 50, 34, 33, 32, 39, 35, 37, 44, 38, 42, 40, 45, 47, 53, 48, 49, 54, 57, 51, 52, 56, 59, 61], [58, 55, 63, 62, 69, 80, 65, 64, 67, 73, 70, 68, 66, 75, 71, 76, 74, 72, 77, 79, 78, 86, 81, 82, 87, 84, 83, 85, 88]]
50: [[41, 36, 46, 5, 23, 24, 6, 3, 1, 2, 11, 8, 12, 13, 43, 4, 15, 7, 25, 10, 28, 9, 22, 14, 18, 20, 16, 17, 60, 29], [19, 21, 26, 30, 27, 31, 50, 34, 33, 32, 39, 35, 37, 44, 38, 42, 40, 45, 47, 53, 48, 49, 54, 57, 51, 52, 56, 59, 61], [58, 55, 63, 62, 69, 80, 65, 64, 67, 73, 70, 68, 66, 75, 71, 76, 74, 72, 77, 79, 78, 86, 81, 82, 87, 84, 83, 85, 88]]
51: [[41, 36, 46, 5, 23, 24, 6, 3, 1, 2, 11, 8, 12, 13, 43, 4, 15, 7, 25, 10, 28, 9, 22, 14, 18, 20, 16, 17, 60, 29], [19, 21, 26, 30, 27, 31, 50, 34, 33, 32, 39, 35, 37, 44, 38, 42, 40, 45, 47, 53, 48, 49, 54, 57, 51, 52, 56, 59, 61], [58, 55, 63, 62, 69, 80, 65, 64, 67, 73, 70, 68, 66, 75, 71, 76, 74, 72, 77, 79, 78, 86, 81, 82, 87, 84, 83, 85, 88]]
52: [[41, 36, 46, 5, 23, 24, 6, 3, 1, 2, 11, 8, 12, 13, 43, 4, 15, 7, 25, 10, 28, 9, 22, 14, 18, 20, 16, 17, 60, 29], [19, 21, 26, 30, 27, 31, 50, 34, 33, 32, 39, 35, 37, 44, 38, 42, 40, 45, 47, 53, 48, 49, 54, 57, 51, 52, 56, 59, 61], [58, 55, 63, 62, 69, 80, 65, 64, 67, 73, 70, 68, 66, 75, 71, 76, 74, 72, 77, 79, 78, 86, 81, 82, 87, 84, 83, 85, 88]]
53: [[41, 36, 46, 5, 23, 24, 6, 3, 1, 2, 11, 8, 12, 13, 43, 4, 15, 7, 25, 10, 28, 9, 22, 14, 18, 20, 16, 17, 60, 29], [19, 21, 26, 30, 27, 31, 50, 34, 33, 32, 39, 35, 37, 44, 38, 42, 40, 45, 47, 53, 48, 49, 54, 57, 51, 52, 56, 59, 61], [58, 55, 63, 62, 69, 80, 65, 64, 67, 73, 70, 68, 66, 75, 71, 76, 74, 72, 77, 79, 78, 86, 81, 82, 87, 84, 83, 85, 88]]
54: [[41, 36, 46, 5, 23, 24, 6, 3, 1, 2, 11, 8, 12, 13, 43, 4, 15, 7, 25, 10, 28, 9, 22, 14, 18, 20, 16, 17, 60, 29], [19, 21, 26, 30, 27, 31, 50, 34, 33, 32, 39, 35, 37, 44, 38, 42, 40, 45, 47, 53, 48, 49, 54, 57, 51, 52, 56, 59, 61], [58, 55, 63, 62, 69, 80, 65, 64, 67, 73, 70, 68, 66, 75, 71, 76, 74, 72, 77, 79, 78, 86, 81, 82, 87, 84, 83, 85, 88]]
55: [[41, 36, 46, 5, 23, 24, 6, 3, 1, 2, 11, 8, 12, 13, 43, 4, 15, 7, 25, 10, 28, 9, 22, 14, 18, 20, 16, 17, 60, 29], [19, 21, 26, 30, 27, 31, 50, 34, 33, 32, 39, 35, 37, 44, 38, 42, 40, 45, 47, 53, 48, 49, 54, 57, 51, 52, 56, 59, 61], [58, 55, 63, 62, 69, 80, 65, 64, 67, 73, 70, 68, 66, 75, 71, 76, 74, 72, 77, 79, 78, 86, 81, 82, 87, 84, 83, 85, 88]]
56: [[41, 36, 46, 5, 23, 24, 6, 3, 1, 2, 11, 8, 12, 13, 43, 4, 15, 7, 25, 10, 28, 9, 22, 14, 18, 20, 16, 17, 60, 29], [19, 21, 26, 30, 27, 31, 50, 34, 33, 32, 39, 35, 37, 44, 38, 42, 40, 45, 47, 53, 48, 49, 54, 57, 51, 52, 56, 59, 61], [58, 55, 63, 62, 69, 80, 65, 64, 67, 73, 70, 68, 66, 75, 71, 76, 74, 72, 77, 79, 78, 86, 81, 82, 87, 84, 83, 85, 88]]
57: [[41, 36, 46, 5, 23, 24, 6, 3, 1, 2, 11, 8, 12, 13, 43, 4, 15, 7, 25, 10, 28, 9, 22, 14, 18, 20, 16, 17, 60, 29], [19, 21, 26, 30, 27, 31, 50, 34, 33, 32, 39, 35, 37, 44, 38, 42, 40, 45, 47, 53, 48, 49, 54, 57, 51, 52, 56, 59, 61], [58, 55, 63, 62, 69, 80, 65, 64, 67, 73, 70, 68, 66, 75, 71, 76, 74, 72, 77, 79, 78, 86, 81, 82, 87, 84, 83, 85, 88]]
58: [[41, 36, 46, 5, 23, 24, 6, 3, 1, 2, 11, 8, 12, 13, 43, 4, 15, 7, 25, 10, 28, 9, 22, 14, 18, 20, 16, 17, 60, 29], [19, 21, 26, 30, 27, 31, 50, 34, 33, 32, 39, 35, 37, 44, 38, 42, 40, 45, 47, 53, 48, 49, 54, 57, 51, 52, 56, 59, 61], [58, 55, 63, 62, 69, 80, 65, 64, 67, 73, 70, 68, 66, 75, 71, 76, 74, 72, 77, 79, 78, 86, 81, 82, 87, 84, 83, 85, 88]]
59: [[41, 36, 46, 5, 23, 24, 6, 3, 1, 2, 11, 8, 12, 13, 43, 4, 15, 7, 25, 10, 28, 9, 22, 14, 18, 20, 16, 17, 60, 29], [19, 21, 26, 30, 27, 31, 50, 34, 33, 32, 39, 35, 37, 44, 38, 42, 40, 45, 47, 53, 48, 49, 54, 57, 51, 52, 56, 59, 61], [58, 55, 63, 62, 69, 80, 65, 64, 67, 73, 70, 68, 66, 75, 71, 76, 74, 72, 77, 79, 78, 86, 81, 82, 87, 84, 83, 85, 88]]
60: [[41, 36, 46, 5, 23, 24, 6, 3, 1, 2, 11, 8, 12, 13, 43, 4, 15, 7, 25, 10, 28, 9, 22, 14, 18, 20, 16, 17, 60, 29], [19, 21, 26, 30, 27, 31, 50, 34, 33, 32, 39, 35, 37, 44, 38, 42, 40, 45, 47, 53, 48, 49, 54, 57, 51, 52, 56, 59, 61], [58, 55, 63, 62, 69, 80, 65, 64, 67, 73, 70, 68, 66, 75, 71, 76, 74, 72, 77, 79, 78, 86, 81, 82, 87, 84, 83, 85, 88]]
61: [[41, 36, 46, 5, 23, 24, 6, 3, 1, 2, 11, 8, 12, 13, 43, 4, 15, 7, 25, 10, 28, 9, 22, 14, 18, 20, 16, 17, 60, 29], [19, 21, 26, 30, 27, 31, 50, 34, 33, 32, 39, 35, 37, 44, 38, 42, 40, 45, 47, 53, 48, 49, 54, 57, 51, 52, 56, 59, 61], [58, 55, 63, 62, 69, 80, 65, 64, 67, 73, 70, 68, 66, 75, 71, 76, 74, 72, 77, 79, 78, 86, 81, 82, 87, 84, 83, 85, 88]]
62: [[41, 36, 46, 5, 23, 24, 6, 3, 1, 2, 11, 8, 12, 13, 43, 4, 15, 7, 25, 10, 28, 9, 22, 14, 18, 20, 16, 17, 60, 29], [19, 21, 26, 30, 27, 31, 50, 34, 33, 32, 39, 35, 37, 44, 38, 42, 40, 45, 47, 53, 48, 49, 54, 57, 51, 52, 56, 59, 61], [58, 55, 63, 62, 69, 80, 65, 64, 67, 73, 70, 68, 66, 75, 71, 76, 74, 72, 77, 79, 78, 86, 81, 82, 87, 84, 83, 85, 88]]
63: [[41, 36, 46, 5, 23, 24, 6, 3, 1, 2, 11, 8, 12, 13, 43, 4, 15, 7, 25, 10, 28, 9, 22, 14, 18, 20, 16, 17, 60, 29], [19, 21, 26, 30, 27, 31, 50, 34, 33, 32, 39, 35, 37, 44, 38, 42, 40, 45, 47, 53, 48, 49, 54, 57, 51, 52, 56, 59, 61], [58, 55, 63, 62, 69, 80, 65, 64, 67, 73, 70, 68, 66, 75, 71, 76, 74, 72, 77, 79, 78, 86, 81, 82, 87, 84, 83, 85, 88]]
64: [[41, 36, 46, 5, 23, 24, 6, 3, 1, 2, 11, 8, 12, 13, 43, 4, 15, 7, 25, 10, 28, 9, 22, 14, 18, 20, 16, 17, 60, 29], [19, 21, 26, 30, 27, 31, 50, 34, 33, 32, 39, 35, 37, 44, 38, 42, 40, 45, 47, 53, 48, 49, 54, 57, 51, 52, 56, 59, 61], [58, 55, 63, 62, 69, 80, 65, 64, 67, 73, 70, 68, 66, 75, 71, 76, 74, 72, 77, 79, 78, 86, 81, 82, 87, 84, 83, 85, 88]]
65: [[41, 36, 46, 5, 23, 24, 6, 3, 1, 2, 11, 8, 12, 13, 43, 4, 15, 7, 25, 10, 28, 9, 22, 14, 18, 20, 16, 17, 60, 29], [19, 21, 26, 30, 27, 31, 50, 34, 33, 32, 39, 35, 37, 44, 38, 42, 40, 45, 47, 53, 48, 49, 54, 57, 51, 52, 56, 59, 61], [58, 55, 63, 62, 69, 80, 65, 64, 67, 73, 70, 68, 66, 75, 71, 76, 74, 72, 77, 79, 78, 86, 81, 82, 87, 84, 83, 85, 88]]
66: [[41, 36, 46, 5, 23, 24, 6, 3, 1, 2, 11, 8, 12, 13, 43, 4, 15, 7, 25, 10, 28, 9, 22, 14, 18, 20, 16, 17, 60, 29], [19, 21, 26, 30, 27, 31, 50, 34, 33, 32, 39, 35, 37, 44, 38, 42, 40, 45, 47, 53, 48, 49, 54, 57, 51, 52, 56, 59, 61], [58, 55, 63, 62, 69, 80, 65, 64, 67, 73, 70, 68, 66, 75, 71, 76, 74, 72, 77, 79, 78, 86, 81, 82, 87, 84, 83, 85, 88]]
67: [[41, 36, 46, 5, 23, 24, 6, 3, 1, 2, 11, 8, 12, 13, 43, 4, 15, 7, 25, 10, 28, 9, 22, 14, 18, 20, 16, 17, 60, 29], [19, 21, 26, 30, 27, 31, 50, 34, 33, 32, 39, 35, 37, 44, 38, 42, 40, 45, 47, 53, 48, 49, 54, 57, 51, 52, 56, 59, 61], [58, 55, 63, 62, 69, 80, 65, 64, 67, 73, 70, 68, 66, 75, 71, 76, 74, 72, 77, 79, 78, 86, 81, 82, 87, 84, 83, 85, 88]]
68: [[41, 36, 46, 5, 23, 24, 6, 3, 1, 2, 11, 8, 12, 13, 43, 4, 15, 7, 25, 10, 28, 9, 22, 14, 18, 20, 16, 17, 60, 29], [19, 21, 26, 30, 27, 31, 50, 34, 33, 32, 39, 35, 37, 44, 38, 42, 40, 45, 47, 53, 48, 49, 54, 57, 51, 52, 56, 59, 61], [58, 55, 63, 62, 69, 80, 65, 64, 67, 73, 70, 68, 66, 75, 71, 76, 74, 72, 77, 79, 78, 86, 81, 82, 87, 84, 83, 85, 88]]
69: [[41, 36, 46, 5, 23, 24, 6, 3, 1, 2, 11, 8, 12, 13, 43, 4, 15, 7, 25, 10, 28, 9, 22, 14, 18, 20, 16, 17, 60, 29], [19, 21, 26, 30, 27, 31, 50, 34, 33, 32, 39, 35, 37, 44, 38, 42, 40, 45, 47, 53, 48, 49, 54, 57, 51, 52, 56, 59, 61], [58, 55, 63, 62, 69, 80, 65, 64, 67, 73, 70, 68, 66, 75, 71, 76, 74, 72, 77, 79, 78, 86, 81, 82, 87, 84, 83, 85, 88]]
70: [[41, 36, 46, 5, 23, 24, 6, 3, 1, 2, 11, 8, 12, 13, 43, 4, 15, 7, 25, 10, 28, 9, 22, 14, 18, 20, 16, 17, 60, 29], [19, 21, 26, 30, 27, 31, 50, 34, 33, 32, 39, 35, 37, 44, 38, 42, 40, 45, 47, 53, 48, 49, 54, 57, 51, 52, 56, 59, 61], [58, 55, 63, 62, 69, 80, 65, 64, 67, 73, 70, 68, 66, 75, 71, 76, 74, 72, 77, 79, 78, 86, 81, 82, 87, 84, 83, 85, 88]]
71: [[41, 36, 46, 5, 23, 24, 6, 3, 1, 2, 11, 8, 12, 13, 43, 4, 15, 7, 25, 10, 28, 9, 22, 14, 18, 20, 16, 17, 60, 29], [19, 21, 26, 30, 27, 31, 50, 34, 33, 32, 39, 35, 37, 44, 38, 42, 40, 45, 47, 53, 48, 49, 54, 57, 51, 52, 56, 59, 61], [58, 55, 63, 62, 69, 80, 65, 64, 67, 73, 70, 68, 66, 75, 71, 76, 74, 72, 77, 79, 78, 86, 81, 82, 87, 84, 83, 85, 88]]
72: [[41, 36, 46, 5, 23, 24, 6, 3, 1, 2, 11, 8, 12, 13, 43, 4, 15, 7, 25, 10, 28, 9, 22, 14, 18, 20, 16, 17, 60, 29], [19, 21, 26, 30, 27, 31, 50, 34, 33, 32, 39, 35, 37, 44, 38, 42, 40, 45, 47, 53, 48, 49, 54, 57, 51, 52, 56, 59, 61], [58, 55, 63, 62, 69, 80, 65, 64, 67, 73, 70, 68, 66, 75, 71, 76, 74, 72, 77, 79, 78, 86, 81, 82, 87, 84, 83, 85, 88]]
73: [[41, 36, 46, 5, 23, 24, 6, 3, 1, 2, 11, 8, 12, 13, 43, 4, 15, 7, 25, 10, 28, 9, 22, 14, 18, 20, 16, 17, 60, 29], [19, 21, 26, 30, 27, 31, 50, 34, 33, 32, 39, 35, 37, 44, 38, 42, 40, 45, 47, 53, 48, 49, 54, 57, 51, 52, 56, 59, 61], [58, 55, 63, 62, 69, 80, 65, 64, 67, 73, 70, 68, 66, 75, 71, 76, 74, 72, 77, 79, 78, 86, 81, 82, 87, 84, 83, 85, 88]]
74: [[41, 36, 46, 5, 23, 24, 6, 3, 1, 2, 11, 8, 12, 13, 43, 4, 15, 7, 25, 10, 28, 9, 22, 14, 18, 20, 16, 17, 60, 29], [19, 21, 26, 30, 27, 31, 50, 34, 33, 32, 39, 35, 37, 44, 38, 42, 40, 45, 47, 53, 48, 49, 54, 57, 51, 52, 56, 59, 61], [58, 55, 63, 62, 69, 80, 65, 64, 67, 73, 70, 68, 66, 75, 71, 76, 74, 72, 77, 79, 78, 86, 81, 82, 87, 84, 83, 85, 88]]
75: [[41, 36, 46, 5, 23, 24, 6, 3, 1, 2, 11, 8, 12, 13, 43, 4, 15, 7, 25, 10, 28, 9, 22, 14, 18, 20, 16, 17, 60, 29], [19, 21, 26, 30, 27, 31, 50, 34, 33, 32, 39, 35, 37, 44, 38, 42, 40, 45, 47, 53, 48, 49, 54, 57, 51, 52, 56, 59, 61], [58, 55, 63, 62, 69, 80, 65, 64, 67, 73, 70, 68, 66, 75, 71, 76, 74, 72, 77, 79, 78, 86, 81, 82, 87, 84, 83, 85, 88]]
76: [[41, 36, 46, 5, 23, 24, 6, 3, 1, 2, 11, 8, 12, 13, 43, 4, 15, 7, 25, 10, 28, 9, 22, 14, 18, 20, 16, 17, 60, 29], [19, 21, 26, 30, 27, 31, 50, 34, 33, 32, 39, 35, 37, 44, 38, 42, 40, 45, 47, 53, 48, 49, 54, 57, 51, 52, 56, 59, 61], [58, 55, 63, 62, 69, 80, 65, 64, 67, 73, 70, 68, 66, 75, 71, 76, 74, 72, 77, 79, 78, 86, 81, 82, 87, 84, 83, 85, 88]]
77: [[41, 36, 46, 5, 23, 24, 6, 3, 1, 2, 11, 8, 12, 13, 43, 4, 15, 7, 25, 10, 28, 9, 22, 14, 18, 20, 16, 17, 60, 29], [19, 21, 26, 30, 27, 31, 50, 34, 33, 32, 39, 35, 37, 44, 38, 42, 40, 45, 47, 53, 48, 49, 54, 57, 51, 52, 56, 59, 61], [58, 55, 63, 62, 69, 80, 65, 64, 67, 73, 70, 68, 66, 75, 71, 76, 74, 72, 77, 79, 78, 86, 81, 82, 87, 84, 83, 85, 88]]
78: [[41, 36, 46, 5, 23, 24, 6, 3, 1, 2, 11, 8, 12, 13, 43, 4, 15, 7, 25, 10, 28, 9, 22, 14, 18, 20, 16, 17, 60, 29], [19, 21, 26, 30, 27, 31, 50, 34, 33, 32, 39, 35, 37, 44, 38, 42, 40, 45, 47, 53, 48, 49, 54, 57, 51, 52, 56, 59, 61], [58, 55, 63, 62, 69, 80, 65, 64, 67, 73, 70, 68, 66, 75, 71, 76, 74, 72, 77, 79, 78, 86, 81, 82, 87, 84, 83, 85, 88]]
79: [[41, 36, 46, 5, 23, 24, 6, 3, 1, 2, 11, 8, 12, 13, 43, 4, 15, 7, 25, 10, 28, 9, 22, 14, 18, 20, 16, 17, 60, 29], [19, 21, 26, 30, 27, 31, 50, 34, 33, 32, 39, 35, 37, 44, 38, 42, 40, 45, 47, 53, 48, 49, 54, 57, 51, 52, 56, 59, 61], [58, 55, 63, 62, 69, 80, 65, 64, 67, 73, 70, 68, 66, 75, 71, 76, 74, 72, 77, 79, 78, 86, 81, 82, 87, 84, 83, 85, 88]]
80: [[41, 36, 46, 5, 23, 24, 6, 3, 1, 2, 11, 8, 12, 13, 43, 4, 15, 7, 25, 10, 28, 9, 22, 14, 18, 20, 16, 17, 60, 29], [19, 21, 26, 30, 27, 31, 50, 34, 33, 32, 39, 35, 37, 44, 38, 42, 40, 45, 47, 53, 48, 49, 54, 57, 51, 52, 56, 59, 61], [58, 55, 63, 62, 69, 80, 65, 64, 67, 73, 70, 68, 66, 75, 71, 76, 74, 72, 77, 79, 78, 86, 81, 82, 87, 84, 83, 85, 88]]
81: [[41, 36, 46, 5, 23, 24, 6, 3, 1, 2, 11, 8, 12, 13, 43, 4, 15, 7, 25, 10, 28, 9, 22, 14, 18, 20, 16, 17, 60, 29], [19, 21, 26, 30, 27, 31, 50, 34, 33, 32, 39, 35, 37, 44, 38, 42, 40, 45, 47, 53, 48, 49, 54, 57, 51, 52, 56, 59, 61], [58, 55, 63, 62, 69, 80, 65, 64, 67, 73, 70, 68, 66, 75, 71, 76, 74, 72, 77, 79, 78, 86, 81, 82, 87, 84, 83, 85, 88]]
82: [[41, 36, 46, 5, 23, 24, 6, 3, 1, 2, 11, 8, 12, 13, 43, 4, 15, 7, 25, 10, 28, 9, 22, 14, 18, 20, 16, 17, 60, 29], [19, 21, 26, 30, 27, 31, 50, 34, 33, 32, 39, 35, 37, 44, 38, 42, 40, 45, 47, 53, 48, 49, 54, 57, 51, 52, 56, 59, 61], [58, 55, 63, 62, 69, 80, 65, 64, 67, 73, 70, 68, 66, 75, 71, 76, 74, 72, 77, 79, 78, 86, 81, 82, 87, 84, 83, 85, 88]]
83: [[41, 36, 46, 5, 23, 24, 6, 3, 1, 2, 11, 8, 12, 13, 43, 4, 15, 7, 25, 10, 28, 9, 22, 14, 18, 20, 16, 17, 60, 29], [19, 21, 26, 30, 27, 31, 50, 34, 33, 32, 39, 35, 37, 44, 38, 42, 40, 45, 47, 53, 48, 49, 54, 57, 51, 52, 56, 59, 61], [58, 55, 63, 62, 69, 80, 65, 64, 67, 73, 70, 68, 66, 75, 71, 76, 74, 72, 77, 79, 78, 86, 81, 82, 87, 84, 83, 85, 88]]
84: [[41, 36, 46, 5, 23, 24, 6, 3, 1, 2, 11, 8, 12, 13, 43, 4, 15, 7, 25, 10, 28, 9, 22, 14, 18, 20, 16, 17, 60, 29], [19, 21, 26, 30, 27, 31, 50, 34, 33, 32, 39, 35, 37, 44, 38, 42, 40, 45, 47, 53, 48, 49, 54, 57, 51, 52, 56, 59, 61], [58, 55, 63, 62, 69, 80, 65, 64, 67, 73, 70, 68, 66, 75, 71, 76, 74, 72, 77, 79, 78, 86, 81, 82, 87, 84, 83, 85, 88]]
85: [[41, 36, 46, 5, 23, 24, 6, 3, 1, 2, 11, 8, 12, 13, 43, 4, 15, 7, 25, 10, 28, 9, 22, 14, 18, 20, 16, 17, 60, 29], [19, 21, 26, 30, 27, 31, 50, 34, 33, 32, 39, 35, 37, 44, 38, 42, 40, 45, 47, 53, 48, 49, 54, 57, 51, 52, 56, 59, 61], [58, 55, 63, 62, 69, 80, 65, 64, 67, 73, 70, 68, 66, 75, 71, 76, 74, 72, 77, 79, 78, 86, 81, 82, 87, 84, 83, 85, 88]]
86: [[41, 36, 46, 5, 23, 24, 6, 3, 1, 2, 11, 8, 12, 13, 43, 4, 15, 7, 25, 10, 28, 9, 22, 14, 18, 20, 16, 17, 60, 29], [19, 21, 26, 30, 27, 31, 50, 34, 33, 32, 39, 35, 37, 44, 38, 42, 40, 45, 47, 53, 48, 49, 54, 57, 51, 52, 56, 59, 61], [58, 55, 63, 62, 69, 80, 65, 64, 67, 73, 70, 68, 66, 75, 71, 76, 74, 72, 77, 79, 78, 86, 81, 82, 87, 84, 83, 85, 88]]
87: [[41, 36, 46, 5, 23, 24, 6, 3, 1, 2, 11, 8, 12, 13, 43, 4, 15, 7, 25, 10, 28, 9, 22, 14, 18, 20, 16, 17, 60, 29], [19, 21, 26, 30, 27, 31, 50, 34, 33, 32, 39, 35, 37, 44, 38, 42, 40, 45, 47, 53, 48, 49, 54, 57, 51, 52, 56, 59, 61], [58, 55, 63, 62, 69, 80, 65, 64, 67, 73, 70, 68, 66, 75, 71, 76, 74, 72, 77, 79, 78, 86, 81, 82, 87, 84, 83, 85, 88]]
88: [[41, 36, 46, 5, 23, 24, 6, 3, 1, 2, 11, 8, 12, 13, 43, 4, 15, 7, 25, 10, 28, 9, 22, 14, 18, 20, 16, 17, 60, 29], [19, 21, 26, 30, 27, 31, 50, 34, 33, 32, 39, 35, 37, 44, 38, 42, 40, 45, 47, 53, 48, 49, 54, 57, 51, 52, 56, 59, 61], [58, 55, 63, 62, 69, 80, 65, 64, 67, 73, 70, 68, 66, 75, 71, 76, 74, 72, 77, 79, 78, 86, 81, 82, 87, 84, 83, 85, 88]]
89: [[41, 36, 46, 5, 23, 24, 6, 3, 1, 2, 11, 8, 12, 13, 43, 4, 15, 7, 25, 10, 28, 9, 22, 14, 18, 20, 16, 17, 60, 29], [19, 21, 26, 30, 27, 31, 50, 34, 33, 32, 39, 35, 37, 44, 38, 42, 40, 45, 47, 53, 48, 49, 54, 57, 51, 52, 56, 59, 61], [58, 55, 63, 62, 69, 80, 65, 64, 67, 73, 70, 68, 66, 75, 71, 76, 74, 72, 77, 79, 78, 86, 81, 82, 87, 84, 83, 85, 88]]
90: [[41, 36, 46, 5, 23, 24, 6, 3, 1, 2, 11, 8, 12, 13, 43, 4, 15, 7, 25, 10, 28, 9, 22, 14, 18, 20, 16, 17, 60, 29], [19, 21, 26, 30, 27, 31, 50, 34, 33, 32, 39, 35, 37, 44, 38, 42, 40, 45, 47, 53, 48, 49, 54, 57, 51, 52, 56, 59, 61], [58, 55, 63, 62, 69, 80, 65, 64, 67, 73, 70, 68, 66, 75, 71, 76, 74, 72, 77, 79, 78, 86, 81, 82, 87, 84, 83, 85, 88]]
91: [[41, 36, 46, 5, 23, 24, 6, 3, 1, 2, 11, 8, 12, 13, 43, 4, 15, 7, 25, 10, 28, 9, 22, 14, 18, 20, 16, 17, 60, 29], [19, 21, 26, 30, 27, 31, 50, 34, 33, 32, 39, 35, 37, 44, 38, 42, 40, 45, 47, 53, 48, 49, 54, 57, 51, 52, 56, 59, 61], [58, 55, 63, 62, 69, 80, 65, 64, 67, 73, 70, 68, 66, 75, 71, 76, 74, 72, 77, 79, 78, 86, 81, 82, 87, 84, 83, 85, 88]]
92: [[41, 36, 46, 5, 23, 24, 6, 3, 1, 2, 11, 8, 12, 13, 43, 4, 15, 7, 25, 10, 28, 9, 22, 14, 18, 20, 16, 17, 60, 29], [19, 21, 26, 30, 27, 31, 50, 34, 33, 32, 39, 35, 37, 44, 38, 42, 40, 45, 47, 53, 48, 49, 54, 57, 51, 52, 56, 59, 61], [58, 55, 63, 62, 69, 80, 65, 64, 67, 73, 70, 68, 66, 75, 71, 76, 74, 72, 77, 79, 78, 86, 81, 82, 87, 84, 83, 85, 88]]
93: [[41, 36, 46, 5, 23, 24, 6, 3, 1, 2, 11, 8, 12, 13, 43, 4, 15, 7, 25, 10, 28, 9, 22, 14, 18, 20, 16, 17, 60, 29], [19, 21, 26, 30, 27, 31, 50, 34, 33, 32, 39, 35, 37, 44, 38, 42, 40, 45, 47, 53, 48, 49, 54, 57, 51, 52, 56, 59, 61], [58, 55, 63, 62, 69, 80, 65, 64, 67, 73, 70, 68, 66, 75, 71, 76, 74, 72, 77, 79, 78, 86, 81, 82, 87, 84, 83, 85, 88]]
94: [[41, 36, 46, 5, 23, 24, 6, 3, 1, 2, 11, 8, 12, 13, 43, 4, 15, 7, 25, 10, 28, 9, 22, 14, 18, 20, 16, 17, 60, 29], [19, 21, 26, 30, 27, 31, 50, 34, 33, 32, 39, 35, 37, 44, 38, 42, 40, 45, 47, 53, 48, 49, 54, 57, 51, 52, 56, 59, 61], [58, 55, 63, 62, 69, 80, 65, 64, 67, 73, 70, 68, 66, 75, 71, 76, 74, 72, 77, 79, 78, 86, 81, 82, 87, 84, 83, 85, 88]]
95: [[41, 36, 46, 5, 23, 24, 6, 3, 1, 2, 11, 8, 12, 13, 43, 4, 15, 7, 25, 10, 28, 9, 22, 14, 18, 20, 16, 17, 60, 29], [19, 21, 26, 30, 27, 31, 50, 34, 33, 32, 39, 35, 37, 44, 38, 42, 40, 45, 47, 53, 48, 49, 54, 57, 51, 52, 56, 59, 61], [58, 55, 63, 62, 69, 80, 65, 64, 67, 73, 70, 68, 66, 75, 71, 76, 74, 72, 77, 79, 78, 86, 81, 82, 87, 84, 83, 85, 88]]
96: [[41, 36, 46, 5, 23, 24, 6, 3, 1, 2, 11, 8, 12, 13, 43, 4, 15, 7, 25, 10, 28, 9, 22, 14, 18, 20, 16, 17, 60, 29], [19, 21, 26, 30, 27, 31, 50, 34, 33, 32, 39, 35, 37, 44, 38, 42, 40, 45, 47, 53, 48, 49, 54, 57, 51, 52, 56, 59, 61], [58, 55, 63, 62, 69, 80, 65, 64, 67, 73, 70, 68, 66, 75, 71, 76, 74, 72, 77, 79, 78, 86, 81, 82, 87, 84, 83, 85, 88]]
97: [[41, 36, 46, 5, 23, 24, 6, 3, 1, 2, 11, 8, 12, 13, 43, 4, 15, 7, 25, 10, 28, 9, 22, 14, 18, 20, 16, 17, 60, 29], [19, 21, 26, 30, 27, 31, 50, 34, 33, 32, 39, 35, 37, 44, 38, 42, 40, 45, 47, 53, 48, 49, 54, 57, 51, 52, 56, 59, 61], [58, 55, 63, 62, 69, 80, 65, 64, 67, 73, 70, 68, 66, 75, 71, 76, 74, 72, 77, 79, 78, 86, 81, 82, 87, 84, 83, 85, 88]]
98: [[41, 36, 46, 5, 23, 24, 6, 3, 1, 2, 11, 8, 12, 13, 43, 4, 15, 7, 25, 10, 28, 9, 22, 14, 18, 20, 16, 17, 60], [29, 19, 21, 26, 30, 27, 31, 50, 34, 33, 32, 39, 35, 37, 44, 38, 42, 40, 45, 47, 53, 48, 49, 54, 57, 51, 52, 56, 59, 61], [58, 55, 63, 62, 69, 80, 65, 64, 67, 73, 70, 68, 66, 75, 71, 76, 74, 72, 77, 79, 78, 86, 81, 82, 87, 84, 83, 85, 88]]
99: [[41, 36, 46, 5, 23, 24, 6, 3, 1, 2, 11, 8, 12, 13, 43, 4, 15, 7, 25, 10, 28, 9, 22, 14, 18, 20, 16, 17, 60], [29, 19, 21, 26, 30, 27, 31, 50, 34, 33, 32, 39, 35, 37, 44, 38, 42, 40, 45, 47, 53, 48, 49, 54, 57, 51, 52, 56, 59, 61], [58, 55, 63, 62, 69, 80, 65, 64, 67, 73, 70, 68, 66, 75, 71, 76, 74, 72, 77, 79, 78, 86, 81, 82, 87, 84, 83, 85, 88]]
100: [[41, 36, 46, 5, 23, 24, 6, 3, 1, 2, 11, 8, 12, 13, 43, 4, 15, 7, 25, 10, 28, 9, 22, 14, 18, 20, 16, 17, 60], [29, 19, 21, 26, 30, 27, 31, 50, 34, 33, 32, 39, 35, 37, 44, 38, 42, 40, 45, 47, 53, 48, 49, 54, 57, 51, 52, 56, 59, 61], [58, 55, 63, 62, 69, 80, 65, 64, 67, 73, 70, 68, 66, 75, 71, 76, 74, 72, 77, 79, 78, 86, 81, 82, 87, 84, 83, 85, 88]]
101: [[41, 36, 46, 5, 23, 24, 6, 3, 1, 2, 11, 8, 12, 13, 43, 4, 15, 7, 25, 10, 28, 9, 22, 14, 18, 20, 16, 17, 60], [29, 19, 21, 26, 30, 27, 31, 50, 34, 33, 32, 39, 35, 37, 44, 38, 42, 40, 45, 47, 53, 48, 49, 54, 57, 51, 52, 56, 59, 61], [58, 55, 63, 62, 69, 80, 65, 64, 67, 73, 70, 68, 66, 75, 71, 76, 74, 72, 77, 79, 78, 86, 81, 82, 87, 84, 83, 85, 88]]
102: [[41, 36, 46, 5, 23, 24, 6, 3, 1, 2, 11, 8, 12, 13, 43, 4, 15, 7, 25, 10, 28, 9, 22, 14, 18, 20, 16, 17, 60], [29, 19, 21, 26, 30, 27, 31, 50, 34, 33, 32, 39, 35, 37, 44, 38, 42, 40, 45, 47, 53, 48, 49, 54, 57, 51, 52, 56, 59, 61], [58, 55, 63, 62, 69, 80, 65, 64, 67, 73, 70, 68, 66, 75, 71, 76, 74, 72, 77, 79, 78, 86, 81, 82, 87, 84, 83, 85, 88]]
103: [[41, 36, 46, 5, 23, 24, 6, 3, 1, 2, 11, 8, 12, 13, 43, 4, 15, 7, 25, 10, 28, 9, 22, 14, 18, 20, 16, 17, 60], [29, 19, 21, 26, 30, 27, 31, 50, 34, 33, 32, 39, 35, 37, 44, 38, 42, 40, 45, 47, 53, 48, 49, 54, 57, 51, 52, 56, 59, 61], [58, 55, 63, 62, 69, 80, 65, 64, 67, 73, 70, 68, 66, 75, 71, 76, 74, 72, 77, 79, 78, 86, 81, 82, 87, 84, 83, 85, 88]]
104: [[41, 36, 46, 5, 23, 24, 6, 3, 1, 2, 11, 8, 12, 13, 43, 4, 15, 7, 25, 10, 28, 9, 22, 14, 18, 20, 16, 17, 60], [29, 19, 21, 26, 30, 27, 31, 50, 34, 33, 32, 39, 35, 37, 44, 38, 42, 40, 45, 47, 53, 48, 49, 54, 57, 51, 52, 56, 59, 61], [58, 55, 63, 62, 69, 80, 65, 64, 67, 73, 70, 68, 66, 75, 71, 76, 74, 72, 77, 79, 78, 86, 81, 82, 87, 84, 83, 85, 88]]
105: [[41, 36, 46, 5, 23, 24, 6, 3, 1, 2, 11, 8, 12, 13, 43, 4, 15, 7, 25, 10, 28, 9, 22, 14, 18, 20, 16, 17, 60], [29, 19, 21, 26, 30, 27, 31, 50, 34, 33, 32, 39, 35, 37, 44, 38, 42, 40, 45, 47, 53, 48, 49, 54, 57, 51, 52, 56, 59, 61], [58, 55, 63, 62, 69, 80, 65, 64, 67, 73, 70, 68, 66, 75, 71, 76, 74, 72, 77, 79, 78, 86, 81, 82, 87, 84, 83, 85, 88]]
106: [[41, 36, 46, 5, 23, 24, 6, 3, 1, 2, 11, 8, 12, 13, 43, 4, 15, 7, 25, 10, 28, 9, 22, 14, 18, 20, 16, 17, 60], [29, 19, 21, 26, 30, 27, 31, 50, 34, 33, 32, 39, 35, 37, 44, 38, 42, 40, 45, 47, 53, 48, 49, 54, 57, 51, 52, 56, 59, 61], [58, 55, 63, 62, 69, 80, 65, 64, 67, 73, 70, 68, 66, 75, 71, 76, 74, 72, 77, 79, 78, 86, 81, 82, 87, 84, 83, 85, 88]]
107: [[41, 36, 46, 5, 23, 24, 6, 3, 1, 2, 11, 8, 12, 13, 43, 4, 15, 7, 25, 10, 28, 9, 22, 14, 18, 20, 16, 17, 60], [29, 19, 21, 26, 30, 27, 31, 50, 34, 33, 32, 39, 35, 37, 44, 38, 42, 40, 45, 47, 53, 48, 49, 54, 57, 51, 52, 56, 59, 61], [58, 55, 63, 62, 69, 80, 65, 64, 67, 73, 70, 68, 66, 75, 71, 76, 74, 72, 77, 79, 78, 86, 81, 82, 87, 84, 83, 85, 88]]
108: [[41, 36, 46, 5, 23, 24, 6, 3, 1, 2, 11, 8, 12, 13, 43, 4, 15, 7, 25, 10, 28, 9, 22, 14, 18, 20, 16, 17, 60], [29, 19, 21, 26, 30, 27, 31, 50, 34, 33, 32, 39, 35, 37, 44, 38, 42, 40, 45, 47, 53, 48, 49, 54, 57, 51, 52, 56, 59, 61], [58, 55, 63, 62, 69, 80, 65, 64, 67, 73, 70, 68, 66, 75, 71, 76, 74, 72, 77, 79, 78, 86, 81, 82, 87, 84, 83, 85, 88]]
109: [[41, 36, 46, 5, 23, 24, 6, 3, 1, 2, 11, 8, 12, 13, 43, 4, 15, 7, 25, 10, 28, 9, 22, 14, 18, 20, 16, 17, 60], [29, 19, 21, 26, 30, 27, 31, 50, 34, 33, 32, 39, 35, 37, 44, 38, 42, 40, 45, 47, 53, 48, 49, 54, 57, 51, 52, 56, 59, 61], [58, 55, 63, 62, 69, 80, 65, 64, 67, 73, 70, 68, 66, 75, 71, 76, 74, 72, 77, 79, 78, 86, 81, 82, 87, 84, 83, 85, 88]]
110: [[41, 36, 46, 5, 23, 24, 6, 3, 1, 2, 11, 8, 12, 13, 43, 4, 15, 7, 25, 10, 28, 9, 22, 14, 18, 20, 16, 17, 60], [29, 19, 21, 26, 30, 27, 31, 50, 34, 33, 32, 39, 35, 37, 44, 38, 42, 40, 45, 47, 53, 48, 49, 54, 57, 51, 52, 56, 59, 61], [58, 55, 63, 62, 69, 80, 65, 64, 67, 73, 70, 68, 66, 75, 71, 76, 74, 72, 77, 79, 78, 86, 81, 82, 87, 84, 83, 85, 88]]
111: [[41, 36, 46, 5, 23, 24, 6, 3, 1, 2, 11, 8, 12, 13, 43, 4, 15, 7, 25, 10, 28, 9, 22, 14, 18, 20, 16, 17, 60], [29, 19, 21, 26, 30, 27, 31, 50, 34, 33, 32, 39, 35, 37, 44, 38, 42, 40, 45, 47, 53, 48, 49, 54, 57, 51, 52, 56, 59, 61], [58, 55, 63, 62, 69, 80, 65, 64, 67, 73, 70, 68, 66, 75, 71, 76, 74, 72, 77, 79, 78, 86, 81, 82, 87, 84, 83, 85, 88]]
112: [[41, 36, 46, 5, 23, 24, 6, 3, 1, 2, 11, 8, 12, 13, 43, 4, 15, 7, 25, 10, 28, 9, 22, 14, 18, 20, 16, 17, 60], [29, 19, 21, 26, 30, 27, 31, 50, 34, 33, 32, 39, 35, 37, 44, 38, 42, 40, 45, 47, 53, 48, 49, 54, 57, 51, 52, 56, 59, 61], [58, 55, 63, 62, 69, 80, 65, 64, 67, 73, 70, 68, 66, 75, 71, 76, 74, 72, 77, 79, 78, 86, 81, 82, 87, 84, 83, 85, 88]]
113: [[41, 36, 46, 5, 23, 24, 6, 3, 1, 2, 11, 8, 12, 13, 43, 4, 15, 7, 25, 10, 28, 9, 22, 14, 18, 20, 16, 17, 60], [29, 19, 21, 26, 30, 27, 31, 50, 34, 33, 32, 39, 35, 37, 44, 38, 42, 40, 45, 47, 53, 48, 49, 54, 57, 51, 52, 56, 59, 61], [58, 55, 63, 62, 69, 80, 65, 64, 67, 73, 70, 68, 66, 75, 71, 76, 74, 72, 77, 79, 78, 86, 81, 82, 87, 84, 83, 85, 88]]
114: [[41, 36, 46, 5, 23, 24, 6, 3, 1, 2, 11, 8, 12, 13, 43, 4, 15, 7, 25, 10, 28, 9, 22, 14, 18, 20, 16, 17, 60], [29, 19, 21, 26, 30, 27, 31, 50, 34, 33, 32, 39, 35, 37, 44, 38, 42, 40, 45, 47, 53, 48, 49, 54, 57, 51, 52, 56, 59, 61], [58, 55, 63, 62, 69, 80, 65, 64, 67, 73, 70, 68, 66, 75, 71, 76, 74, 72, 77, 79, 78, 86, 81, 82, 87, 84, 83, 85, 88]]
115: [[41, 36, 46, 5, 23, 24, 6, 3, 1, 2, 11, 8, 12, 13, 43, 4, 15, 7, 25, 10, 28, 9, 22, 14, 18, 20, 16, 17, 60], [29, 19, 21, 26, 30, 27, 31, 50, 34, 33, 32, 39, 35, 37, 44, 38, 42, 40, 45, 47, 53, 48, 49, 54, 57, 51, 52, 56, 59, 61], [58, 55, 63, 62, 69, 80, 65, 64, 67, 73, 70, 68, 66, 75, 71, 76, 74, 72, 77, 79, 78, 86, 81, 82, 87, 84, 83, 85, 88]]
116: [[41, 36, 46, 5, 23, 24, 6, 3, 1, 2, 11, 8, 12, 13, 43, 4, 15, 7, 25, 10, 28, 9, 22, 14, 18, 20, 16, 17, 60], [29, 19, 21, 26, 30, 27, 31, 50, 34, 33, 32, 39, 35, 37, 44, 38, 42, 40, 45, 47, 53, 48, 49, 54, 57, 51, 52, 56, 59, 61], [58, 55, 63, 62, 69, 80, 65, 64, 67, 73, 70, 68, 66, 75, 71, 76, 74, 72, 77, 79, 78, 86, 81, 82, 87, 84, 83, 85, 88]]
117: [[41, 36, 46, 5, 23, 24, 6, 3, 1, 2, 11, 8, 12, 13, 43, 4, 15, 7, 25, 10, 28, 9, 22, 14, 18, 20, 16, 17, 60], [29, 19, 21, 26, 30, 27, 31, 50, 34, 33, 32, 39, 35, 37, 44, 38, 42, 40, 45, 47, 53, 48, 49, 54, 57, 51, 52, 56, 59, 61], [58, 55, 63, 62, 69, 80, 65, 64, 67, 73, 70, 68, 66, 75, 71, 76, 74, 72, 77, 79, 78, 86, 81, 82, 87, 84, 83, 85, 88]]
118: [[41, 36, 46, 5, 23, 24, 6, 3, 1, 2, 11, 8, 12, 13, 43, 4, 15, 7, 25, 10, 28, 9, 22, 14, 18, 20, 16, 17, 60], [29, 19, 21, 26, 30, 27, 31, 50, 34, 33, 32, 39, 35, 37, 44, 38, 42, 40, 45, 47, 53, 48, 49, 54, 57, 51, 52, 56, 59, 61], [58, 55, 63, 62, 69, 80, 65, 64, 67, 73, 70, 68, 66, 75, 71, 76, 74, 72, 77, 79, 78, 86, 81, 82, 87, 84, 83, 85, 88]]
119: [[41, 36, 46, 5, 23, 24, 6, 3, 1, 2, 11, 8, 12, 13, 43, 4, 15, 7, 25, 10, 28, 9, 22, 14, 18, 20, 16, 17, 60], [29, 19, 21, 26, 30, 27, 31, 50, 34, 33, 32, 39, 35, 37, 44, 38, 42, 40, 45, 47, 53, 48, 49, 54, 57, 51, 52, 56, 59, 61], [58, 55, 63, 62, 69, 80, 65, 64, 67, 73, 70, 68, 66, 75, 71, 76, 74, 72, 77, 79, 78, 86, 81, 82, 87, 84, 83, 85, 88]]
120: [[41, 36, 46, 5, 23, 24, 6, 3, 1, 2, 11, 8, 12, 13, 43, 4, 15, 7, 25, 10, 28, 9, 22, 14, 18, 20, 16, 17, 60], [29, 19, 21, 26, 30, 27, 31, 50, 34, 33, 32, 39, 35, 37, 44, 38, 42, 40, 45, 47, 53, 48, 49, 54, 57, 51, 52, 56, 59, 61], [58, 55, 63, 62, 69, 80, 65, 64, 67, 73, 70, 68, 66, 75, 71, 76, 74, 72, 77, 79, 78, 86, 81, 82, 87, 84, 83, 85, 88]]
121: [[41, 36, 46, 5, 23, 24, 6, 3, 1, 2, 11, 8, 12, 13, 43, 4, 15, 7, 25, 10, 28, 9, 22, 14, 18, 20, 16, 17, 60], [29, 19, 21, 26, 30, 27, 31, 50, 34, 33, 32, 39, 35, 37, 44, 38, 42, 40, 45, 47, 53, 48, 49, 54, 57, 51, 52, 56, 59, 61], [58, 55, 63, 62, 69, 80, 65, 64, 67, 73, 70, 68, 66, 75, 71, 76, 74, 72, 77, 79, 78, 86, 81, 82, 87, 84, 83, 85, 88]]
122: [[41, 36, 46, 5, 23, 24, 6, 3, 1, 2, 11, 8, 12, 13, 43, 4, 15, 7, 25, 10, 28, 9, 22, 14, 18, 20, 16, 17, 60], [29, 19, 21, 26, 30, 27, 31, 50, 34, 33, 32, 39, 35, 37, 44, 38, 42, 40, 45, 47, 53, 48, 49, 54, 57, 51, 52, 56, 59, 61], [58, 55, 63, 62, 69, 80, 65, 64, 67, 73, 70, 68, 66, 75, 71, 76, 74, 72, 77, 79, 78, 86, 81, 82, 87, 84, 83, 85, 88]]
123: [[41, 36, 46, 5, 23, 24, 6, 3, 1, 2, 11, 8, 12, 13, 43, 4, 15, 7, 25, 10, 28, 9, 22, 14, 18, 20, 16, 17, 60], [29, 19, 21, 26, 30, 27, 31, 50, 34, 33, 32, 39, 35, 37, 44, 38, 42, 40, 45, 47, 53, 48, 49, 54, 57, 51, 52, 56, 59, 61], [58, 55, 63, 62, 69, 80, 65, 64, 67, 73, 70, 68, 66, 75, 71, 76, 74, 72, 77, 79, 78, 86, 81, 82, 87, 84, 83, 85, 88]]
124: [[41, 36, 46, 5, 23, 24, 6, 3, 1, 2, 11, 8, 12, 13, 43, 4, 15, 7, 25, 10, 28, 9, 22, 14, 18, 20, 16, 17, 60], [29, 19, 21, 26, 30, 27, 31, 50, 34, 33, 32, 39, 35, 37, 44, 38, 42, 40, 45, 47, 53, 48, 49, 54, 57, 51, 52, 56, 59, 61], [58, 55, 63, 62, 69, 80, 65, 64, 67, 73, 70, 68, 66, 75, 71, 76, 74, 72, 77, 79, 78, 86, 81, 82, 87, 84, 83, 85, 88]]
125: [[41, 36, 46, 5, 23, 24, 6, 3, 1, 2, 11, 8, 12, 13, 43, 4, 15, 7, 25, 10, 28, 9, 22, 14, 18, 20, 16, 17, 60], [29, 19, 21, 26, 30, 27, 31, 50, 34, 33, 32, 39, 35, 37, 44, 38, 42, 40, 45, 47, 53, 48, 49, 54, 57, 51, 52, 56, 59, 61], [58, 55, 63, 62, 69, 80, 65, 64, 67, 73, 70, 68, 66, 75, 71, 76, 74, 72, 77, 79, 78, 86, 81, 82, 87, 84, 83, 85, 88]]
126: [[41, 36, 46, 5, 23, 24, 6, 3, 1, 2, 11, 8, 12, 13, 43, 4, 15, 7, 25, 10, 28, 9, 22, 14, 18, 20, 16, 17, 60], [29, 19, 21, 26, 30, 27, 31, 50, 34, 33, 32, 39, 35, 37, 44, 38, 42, 40, 45, 47, 53, 48, 49, 54, 57, 51, 52, 56, 59, 61], [58, 55, 63, 62, 69, 80, 65, 64, 67, 73, 70, 68, 66, 75, 71, 76, 74, 72, 77, 79, 78, 86, 81, 82, 87, 84, 83, 85, 88]]
127: [[41, 36, 46, 5, 23, 24, 6, 3, 1, 2, 11, 8, 12, 13, 43, 4, 15, 7, 25, 10, 28, 9, 22, 14, 18, 20, 16, 17, 60], [29, 19, 21, 26, 30, 27, 31, 50, 34, 33, 32, 39, 35, 37, 44, 38, 42, 40, 45, 47, 53, 48, 49, 54, 57, 51, 52, 56, 59, 61], [58, 55, 63, 62, 69, 80, 65, 64, 67, 73, 70, 68, 66, 75, 71, 76, 74, 72, 77, 79, 78, 86, 81, 82, 87, 84, 83, 85, 88]]
128: [[41, 36, 46, 5, 23, 24, 6, 3, 1, 2, 11, 8, 12, 13, 43, 4, 15, 7, 25, 10, 28, 9, 22, 14, 18, 20, 16, 17, 60], [29, 19, 21, 26, 30, 27, 31, 50, 34, 33, 32, 39, 35, 37, 44, 38, 42, 40, 45, 47, 53, 48, 49, 54, 57, 51, 52, 56, 59, 61], [58, 55, 63, 62, 69, 80, 65, 64, 67, 73, 70, 68, 66, 75, 71, 76, 74, 72, 77, 79, 78, 86, 81, 82, 87, 84, 83, 85, 88]]
129: [[41, 36, 46, 5, 23, 24, 6, 3, 1, 2, 11, 8, 12, 13, 43, 4, 15, 7, 25, 10, 28, 9, 22, 14, 18, 20, 16, 17, 60], [29, 19, 21, 26, 30, 27, 31, 50, 34, 33, 32, 39, 35, 37, 44, 38, 42, 40, 45, 47, 53, 48, 49, 54, 57, 51, 52, 56, 59, 61], [58, 55, 63, 62, 69, 80, 65, 64, 67, 73, 70, 68, 66, 75, 71, 76, 74, 72, 77, 79, 78, 86, 81, 82, 87, 84, 83, 85, 88]]
130: [[41, 36, 46, 5, 23, 24, 6, 3, 1, 2, 11, 8, 12, 13, 43, 4, 15, 7, 25, 10, 28, 9, 22, 14, 18, 20, 16, 17, 60], [29, 19, 21, 26, 30, 27, 31, 50, 34, 33, 32, 39, 35, 37, 44, 38, 42, 40, 45, 47, 53, 48, 49, 54, 57, 51, 52, 56, 59, 61], [58, 55, 63, 62, 69, 80, 65, 64, 67, 73, 70, 68, 66, 75, 71, 76, 74, 72, 77, 79, 78, 86, 81, 82, 87, 84, 83, 85, 88]]
131: [[41, 36, 46, 5, 23, 24, 6, 3, 1, 2, 11, 8, 12, 13, 43, 4, 15, 7, 25, 10, 28, 9, 22, 14, 18, 20, 16, 17, 60], [29, 19, 21, 26, 30, 27, 31, 50, 34, 33, 32, 39, 35, 37, 44, 38, 42, 40, 45, 47, 53, 48, 49, 54, 57, 51, 52, 56, 59, 61], [58, 55, 63, 62, 69, 80, 65, 64, 67, 73, 70, 68, 66, 75, 71, 76, 74, 72, 77, 79, 78, 86, 81, 82, 87, 84, 83, 85, 88]]
132: [[41, 36, 46, 5, 23, 24, 6, 3, 1, 2, 11, 8, 12, 13, 43, 4, 15, 7, 25, 10, 28, 9, 22, 14, 18, 20, 16, 17, 60], [29, 19, 21, 26, 30, 27, 31, 50, 34, 33, 32, 39, 35, 37, 44, 38, 42, 40, 45, 47, 53, 48, 49, 54, 57, 51, 52, 56, 59, 61], [58, 55, 63, 62, 69, 80, 65, 64, 67, 73, 70, 68, 66, 75, 71, 76, 74, 72, 77, 79, 78, 86, 81, 82, 87, 84, 83, 85, 88]]
133: [[41, 36, 46, 5, 23, 24, 6, 3, 1, 2, 11, 8, 12, 13, 43, 4, 15, 7, 25, 10, 28, 9, 22, 14, 18, 20, 16, 17, 60], [29, 19, 21, 26, 30, 27, 31, 50, 34, 33, 32, 39, 35, 37, 44, 38, 42, 40, 45, 47, 53, 48, 49, 54, 57, 51, 52, 56, 59, 61], [58, 55, 63, 62, 69, 80, 65, 64, 67, 73, 70, 68, 66, 75, 71, 76, 74, 72, 77, 79, 78, 86, 81, 82, 87, 84, 83, 85, 88]]
134: [[41, 36, 46, 5, 23, 24, 6, 3, 1, 2, 11, 8, 12, 13, 43, 4, 15, 7, 25, 10, 28, 9, 22, 14, 18, 20, 16, 17, 60], [29, 19, 21, 26, 30, 27, 31, 50, 34, 33, 32, 39, 35, 37, 44, 38, 42, 40, 45, 47, 53, 48, 49, 54, 57, 51, 52, 56, 59, 61], [58, 55, 63, 62, 69, 80, 65, 64, 67, 73, 70, 68, 66, 75, 71, 76, 74, 72, 77, 79, 78, 86, 81, 82, 87, 84, 83, 85, 88]]
135: [[41, 36, 46, 5, 23, 24, 6, 3, 1, 2, 11, 8, 12, 13, 43, 4, 15, 7, 25, 10, 28, 9, 22, 14, 18, 20, 16, 17, 60], [29, 19, 21, 26, 30, 27, 31, 50, 34, 33, 32, 39, 35, 37, 44, 38, 42, 40, 45, 47, 53, 48, 49, 54, 57, 51, 52, 56, 59, 61], [58, 55, 63, 62, 69, 80, 65, 64, 67, 73, 70, 68, 66, 75, 71, 76, 74, 72, 77, 79, 78, 86, 81, 82, 87, 84, 83, 85, 88]]
136: [[41, 36, 46, 5, 23, 24, 6, 3, 1, 2, 11, 8, 12, 13, 43, 4, 15, 7, 25, 10, 28, 9, 22, 14, 18, 20, 16, 17, 60], [29, 19, 21, 26, 30, 27, 31, 50, 34, 33, 32, 39, 35, 37, 44, 38, 42, 40, 45, 47, 53, 48, 49, 54, 57, 51, 52, 56, 59, 61], [58, 55, 63, 62, 69, 80, 65, 64, 67, 73, 70, 68, 66, 75, 71, 76, 74, 72, 77, 79, 78, 86, 81, 82, 87, 84, 83, 85, 88]]
137: [[41, 36, 46, 5, 23, 24, 6, 3, 1, 2, 11, 8, 12, 13, 43, 4, 15, 7, 25, 10, 28, 9, 22, 14, 18, 20, 16, 17, 60], [29, 19, 21, 26, 30, 27, 31, 50, 34, 33, 32, 39, 35, 37, 44, 38, 42, 40, 45, 47, 53, 48, 49, 54, 57, 51, 52, 56, 59, 61], [58, 55, 63, 62, 69, 80, 65, 64, 67, 73, 70, 68, 66, 75, 71, 76, 74, 72, 77, 79, 78, 86, 81, 82, 87, 84, 83, 85, 88]]
138: [[41, 36, 46, 5, 23, 24, 6, 3, 1, 2, 11, 8, 12, 13, 43, 4, 15, 7, 25, 10, 28, 9, 22, 14, 18, 20, 16, 17, 60], [29, 19, 21, 26, 30, 27, 31, 50, 34, 33, 32, 39, 35, 37, 44, 38, 42, 40, 45, 47, 53, 48, 49, 54, 57, 51, 52, 56, 59, 61], [58, 55, 63, 62, 69, 80, 65, 64, 67, 73, 70, 68, 66, 75, 71, 76, 74, 72, 77, 79, 78, 86, 81, 82, 87, 84, 83, 85, 88]]
139: [[41, 36, 46, 5, 23, 24, 6, 3, 1, 2, 11, 8, 12, 13, 43, 4, 15, 7, 25, 10, 28, 9, 22, 14, 18, 20, 16, 17, 60], [29, 19, 21, 26, 30, 27, 31, 50, 34, 33, 32, 39, 35, 37, 44, 38, 42, 40, 45, 47, 53, 48, 49, 54, 57, 51, 52, 56, 59, 61], [58, 55, 63, 62, 69, 80, 65, 64, 67, 73, 70, 68, 66, 75, 71, 76, 74, 72, 77, 79, 78, 86, 81, 82, 87, 84, 83, 85, 88]]
140: [[41, 36, 46, 5, 23, 24, 6, 3, 1, 2, 11, 8, 12, 13, 43, 4, 15, 7, 25, 10, 28, 9, 22, 14, 18, 20, 16, 17, 60], [29, 19, 21, 26, 30, 27, 31, 50, 34, 33, 32, 39, 35, 37, 44, 38, 42, 40, 45, 47, 53, 48, 49, 54, 57, 51, 52, 56, 59, 61], [58, 55, 63, 62, 69, 80, 65, 64, 67, 73, 70, 68, 66, 75, 71, 76, 74, 72, 77, 79, 78, 86, 81, 82, 87, 84, 83, 85, 88]]
141: [[41, 36, 46, 5, 23, 24, 6, 3, 1, 2, 11, 8, 12, 13, 43, 4, 15, 7, 25, 10, 28, 9, 22, 14, 18, 20, 16, 17, 60], [29, 19, 21, 26, 30, 27, 31, 50, 34, 33, 32, 39, 35, 37, 44, 38, 42, 40, 45, 47, 53, 48, 49, 54, 57, 51, 52, 56, 59, 61], [58, 55, 63, 62, 69, 80, 65, 64, 67, 73, 70, 68, 66, 75, 71, 76, 74, 72, 77, 79, 78, 86, 81, 82, 87, 84, 83, 85, 88]]
142: [[41, 36, 46, 5, 23, 24, 6, 3, 1, 2, 11, 8, 12, 13, 43, 4, 15, 7, 25, 10, 28, 9, 22, 14, 18, 20, 16, 17, 60], [29, 19, 21, 26, 30, 27, 31, 50, 34, 33, 32, 39, 35, 37, 44, 38, 42, 40, 45, 47, 53, 48, 49, 54, 57, 51, 52, 56, 59, 61], [58, 55, 63, 62, 69, 80, 65, 64, 67, 73, 70, 68, 66, 75, 71, 76, 74, 72, 77, 79, 78, 86, 81, 82, 87, 84, 83, 85, 88]]
143: [[41, 36, 46, 5, 23, 24, 6, 3, 1, 2, 11, 8, 12, 13, 43, 4, 15, 7, 25, 10, 28, 9, 22, 14, 18, 20, 16, 17, 60], [29, 19, 21, 26, 30, 27, 31, 50, 34, 33, 32, 39, 35, 37, 44, 38, 42, 40, 45, 47, 53, 48, 49, 54, 57, 51, 52, 56, 59, 61], [58, 55, 63, 62, 69, 80, 65, 64, 67, 73, 70, 68, 66, 75, 71, 76, 74, 72, 77, 79, 78, 86, 81, 82, 87, 84, 83, 85, 88]]
144: [[41, 36, 46, 5, 23, 24, 6, 3, 1, 2, 11, 8, 12, 13, 43, 4, 15, 7, 25, 10, 28, 9, 22, 14, 18, 20, 16, 17, 60], [29, 19, 21, 26, 30, 27, 31, 50, 34, 33, 32, 39, 35, 37, 44, 38, 42, 40, 45, 47, 53, 48, 49, 54, 57, 51, 52, 56, 59, 61], [58, 55, 63, 62, 69, 80, 65, 64, 67, 73, 70, 68, 66, 75, 71, 76, 74, 72, 77, 79, 78, 86, 81, 82, 87, 84, 83, 85, 88]]
145: [[41, 36, 46, 5, 23, 24, 6, 3, 1, 2, 11, 8, 12, 13, 43, 4, 15, 7, 25, 10, 28, 9, 22, 14, 18, 20, 16, 17, 60], [29, 19, 21, 26, 30, 27, 31, 50, 34, 33, 32, 39, 35, 37, 44, 38, 42, 40, 45, 47, 53, 48, 49, 54, 57, 51, 52, 56, 59, 61], [58, 55, 63, 62, 69, 80, 65, 64, 67, 73, 70, 68, 66, 75, 71, 76, 74, 72, 77, 79, 78, 86, 81, 82, 87, 84, 83, 85, 88]]
146: [[41, 36, 46, 5, 23, 24, 6, 3, 1, 2, 11, 8, 12, 13, 43, 4, 15, 7, 25, 10, 28, 9, 22, 14, 18, 20, 16, 17, 60], [29, 19, 21, 26, 30, 27, 31, 50, 34, 33, 32, 39, 35, 37, 44, 38, 42, 40, 45, 47, 53, 48, 49, 54, 57, 51, 52, 56, 59, 61], [58, 55, 63, 62, 69, 80, 65, 64, 67, 73, 70, 68, 66, 75, 71, 76, 74, 72, 77, 79, 78, 86, 81, 82, 87, 84, 83, 85, 88]]
147: [[41, 36, 46, 5, 23, 24, 6, 3, 1, 2, 11, 8, 12, 13, 43, 4, 15, 7, 25, 10, 28, 9, 22, 14, 18, 20, 16, 17, 60], [29, 19, 21, 26, 30, 27, 31, 50, 34, 33, 32, 39, 35, 37, 44, 38, 42, 40, 45, 47, 53, 48, 49, 54, 57, 51, 52, 56, 59, 61], [58, 55, 63, 62, 69, 80, 65, 64, 67, 73, 70, 68, 66, 75, 71, 76, 74, 72, 77, 79, 78, 86, 81, 82, 87, 84, 83, 85, 88]]
148: [[41, 36, 46, 5, 23, 24, 6, 3, 1, 2, 11, 8, 12, 13, 43, 4, 15, 7, 25, 10, 28, 9, 22, 14, 18, 20, 16, 17, 60], [29, 19, 21, 26, 30, 27, 31, 50, 34, 33, 32, 39, 35, 37, 44, 38, 42, 40, 45, 47, 53, 48, 49, 54, 57, 51, 52, 56, 59, 61], [58, 55, 63, 62, 69, 80, 65, 64, 67, 73, 70, 68, 66, 75, 71, 76, 74, 72, 77, 79, 78, 86, 81, 82, 87, 84, 83, 85, 88]]
149: [[41, 36, 46, 5, 23, 24, 6, 3, 1, 2, 11, 8, 12, 13, 43, 4, 15, 7, 25, 10, 28, 9, 22, 14, 18, 20, 16, 17, 60], [29, 19, 21, 26, 30, 27, 31, 50, 34, 33, 32, 39, 35, 37, 44, 38, 42, 40, 45, 47, 53, 48, 49, 54, 57, 51, 52, 56, 59, 61], [58, 55, 63, 62, 69, 80, 65, 64, 67, 73, 70, 68, 66, 75, 71, 76, 74, 72, 77, 79, 78, 86, 81, 82, 87, 84, 83, 85, 88]]
150: [[41, 36, 46, 5, 23, 24, 6, 3, 1, 2, 11, 8, 12, 13, 43, 4, 15, 7, 25, 10, 28, 9, 22, 14, 18, 20, 16, 17, 60], [29, 19, 21, 26, 30, 27, 31, 50, 34, 33, 32, 39, 35, 37, 44, 38, 42, 40, 45, 47, 53, 48, 49, 54, 57, 51, 52, 56, 59, 61], [58, 55, 63, 62, 69, 80, 65, 64, 67, 73, 70, 68, 66, 75, 71, 76, 74, 72, 77, 79, 78, 86, 81, 82, 87, 84, 83, 85, 88]]
151: [[41, 36, 46, 5, 23, 24, 6, 3, 1, 2, 11, 8, 12, 13, 43, 4, 15, 7, 25, 10, 28, 9, 22, 14, 18, 20, 16, 17, 60], [29, 19, 21, 26, 30, 27, 31, 50, 34, 33, 32, 39, 35, 37, 44, 38, 42, 40, 45, 47, 53, 48, 49, 54, 57, 51, 52, 56, 59, 61], [58, 55, 63, 62, 69, 80, 65, 64, 67, 73, 70, 68, 66, 75, 71, 76, 74, 72, 77, 79, 78, 86, 81, 82, 87, 84, 83, 85, 88]]
152: [[41, 36, 46, 5, 23, 24, 6, 3, 1, 2, 11, 8, 12, 13, 43, 4, 15, 7, 25, 10, 28, 9, 22, 14, 18, 20, 16, 17, 60], [29, 19, 21, 26, 30, 27, 31, 50, 34, 33, 32, 39, 35, 37, 44, 38, 42, 40, 45, 47, 53, 48, 49, 54, 57, 51, 52, 56, 59, 61], [58, 55, 63, 62, 69, 80, 65, 64, 67, 73, 70, 68, 66, 75, 71, 76, 74, 72, 77, 79, 78, 86, 81, 82, 87, 84, 83, 85, 88]]
153: [[41, 36, 46, 5, 23, 24, 6, 3, 1, 2, 11, 8, 12, 13, 43, 4, 15, 7, 25, 10, 28, 9, 22, 14, 18, 20, 16, 17, 60], [29, 19, 21, 26, 30, 27, 31, 50, 34, 33, 32, 39, 35, 37, 44, 38, 42, 40, 45, 47, 53, 48, 49, 54, 57, 51, 52, 56, 59, 61], [58, 55, 63, 62, 69, 80, 65, 64, 67, 73, 70, 68, 66, 75, 71, 76, 74, 72, 77, 79, 78, 86, 81, 82, 87, 84, 83, 85, 88]]
154: [[41, 36, 46, 5, 23, 24, 6, 3, 1, 2, 11, 8, 12, 13, 43, 4, 15, 7, 25, 10, 28, 9, 22, 14, 18, 20, 16, 17, 60], [29, 19, 21, 26, 30, 27, 31, 50, 34, 33, 32, 39, 35, 37, 44, 38, 42, 40, 45, 47, 53, 48, 49, 54, 57, 51, 52, 56, 59, 61], [58, 55, 63, 62, 69, 80, 65, 64, 67, 73, 70, 68, 66, 75, 71, 76, 74, 72, 77, 79, 78, 86, 81, 82, 87, 84, 83, 85, 88]]
155: [[41, 36, 46, 5, 23, 24, 6, 3, 1, 2, 11, 8, 12, 13, 43, 4, 15, 7, 25, 10, 28, 9, 22, 14, 18, 20, 16, 17, 60], [29, 19, 21, 26, 30, 27, 31, 50, 34, 33, 32, 39, 35, 37, 44, 38, 42, 40, 45, 47, 53, 48, 49, 54, 57, 51, 52, 56, 59, 61], [58, 55, 63, 62, 69, 80, 65, 64, 67, 73, 70, 68, 66, 75, 71, 76, 74, 72, 77, 79, 78, 86, 81, 82, 87, 84, 83, 85, 88]]
156: [[41, 36, 46, 5, 23, 24, 6, 3, 1, 2, 11, 8, 12, 13, 43, 4, 15, 7, 25, 10, 28, 9, 22, 14, 18, 20, 16, 17, 60], [29, 19, 21, 26, 30, 27, 31, 50, 34, 33, 32, 39, 35, 37, 44, 38, 42, 40, 45, 47, 53, 48, 49, 54, 57, 51, 52, 56, 59, 61], [58, 55, 63, 62, 69, 80, 65, 64, 67, 73, 70, 68, 66, 75, 71, 76, 74, 72, 77, 79, 78, 86, 81, 82, 87, 84, 83, 85, 88]]
157: [[41, 36, 46, 5, 23, 24, 6, 3, 1, 2, 11, 8, 12, 13, 43, 4, 15, 7, 25, 10, 28, 9, 22, 14, 18, 20, 16, 17, 60], [29, 19, 21, 26, 30, 27, 31, 50, 34, 33, 32, 39, 35, 37, 44, 38, 42, 40, 45, 47, 53, 48, 49, 54, 57, 51, 52, 56, 59, 61], [58, 55, 63, 62, 69, 80, 65, 64, 67, 73, 70, 68, 66, 75, 71, 76, 74, 72, 77, 79, 78, 86, 81, 82, 87, 84, 83, 85, 88]]
158: [[41, 36, 46, 5, 23, 24, 6, 3, 1, 2, 11, 8, 12, 13, 43, 4, 15, 7, 25, 10, 28, 9, 22, 14, 18, 20, 16, 17, 60], [29, 19, 21, 26, 30, 27, 31, 50, 34, 33, 32, 39, 35, 37, 44, 38, 42, 40, 45, 47, 53, 48, 49, 54, 57, 51, 52, 56, 59, 61], [58, 55, 63, 62, 69, 80, 65, 64, 67, 73, 70, 68, 66, 75, 71, 76, 74, 72, 77, 79, 78, 86, 81, 82, 87, 84, 83, 85, 88]]
159: [[41, 36, 46, 5, 23, 24, 6, 3, 1, 2, 11, 8, 12, 13, 43, 4, 15, 7, 25, 10, 28, 9, 22, 14, 18, 20, 16, 17, 60], [29, 19, 21, 26, 30, 27, 31, 50, 34, 33, 32, 39, 35, 37, 44, 38, 42, 40, 45, 47, 53, 48, 49, 54, 57, 51, 52, 56, 59, 61], [58, 55, 63, 62, 69, 80, 65, 64, 67, 73, 70, 68, 66, 75, 71, 76, 74, 72, 77, 79, 78, 86, 81, 82, 87, 84, 83, 85, 88]]
160: [[41, 36, 46, 5, 23, 24, 6, 3, 1, 2, 11, 8, 12, 13, 43, 4, 15, 7, 25, 10, 28, 9, 22, 14, 18, 20, 16, 17, 60], [29, 19, 21, 26, 30, 27, 31, 50, 34, 33, 32, 39, 35, 37, 44, 38, 42, 40, 45, 47, 53, 48, 49, 54, 57, 51, 52, 56, 59, 61], [58, 55, 63, 62, 69, 80, 65, 64, 67, 73, 70, 68, 66, 75, 71, 76, 74, 72, 77, 79, 78, 86, 81, 82, 87, 84, 83, 85, 88]]
161: [[41, 36, 46, 5, 23, 24, 6, 3, 1, 2, 11, 8, 12, 13, 43, 4, 15, 7, 25, 10, 28, 9, 22, 14, 18, 20, 16, 17, 60], [29, 19, 21, 26, 30, 27, 31, 50, 34, 33, 32, 39, 35, 37, 44, 38, 42, 40, 45, 47, 53, 48, 49, 54, 57, 51, 52, 56, 59, 61], [58, 55, 63, 62, 69, 80, 65, 64, 67, 73, 70, 68, 66, 75, 71, 76, 74, 72, 77, 79, 78, 86, 81, 82, 87, 84, 83, 85, 88]]
162: [[41, 36, 46, 5, 23, 24, 6, 3, 1, 2, 11, 8, 12, 13, 43, 4, 15, 7, 25, 10, 28, 9, 22, 14, 18, 20, 16, 17, 60], [29, 19, 21, 26, 30, 27, 31, 50, 34, 33, 32, 39, 35, 37, 44, 38, 42, 40, 45, 47, 53, 48, 49, 54, 57, 51, 52, 56, 59, 61], [58, 55, 63, 62, 69, 80, 65, 64, 67, 73, 70, 68, 66, 75, 71, 76, 74, 72, 77, 79, 78, 86, 81, 82, 87, 84, 83, 85, 88]]
163: [[41, 36, 46, 5, 23, 24, 6, 3, 1, 2, 11, 8, 12, 13, 43, 4, 15, 7, 25, 10, 28, 9, 22, 14, 18, 20, 16, 17, 60], [29, 19, 21, 26, 30, 27, 31, 50, 34, 33, 32, 39, 35, 37, 44, 38, 42, 40, 45, 47, 53, 48, 49, 54, 57, 51, 52, 56, 59, 61], [58, 55, 63, 62, 69, 80, 65, 64, 67, 73, 70, 68, 66, 75, 71, 76, 74, 72, 77, 79, 78, 86, 81, 82, 87, 84, 83, 85, 88]]
164: [[41, 36, 46, 5, 23, 24, 6, 3, 1, 2, 11, 8, 12, 13, 43, 4, 15, 7, 25, 10, 28, 9, 22, 14, 18, 20, 16, 17, 60], [29, 19, 21, 26, 30, 27, 31, 50, 34, 33, 32, 39, 35, 37, 44, 38, 42, 40, 45, 47, 53, 48, 49, 54, 57, 51, 52, 56, 59, 61], [58, 55, 63, 62, 69, 80, 65, 64, 67, 73, 70, 68, 66, 75, 71, 76, 74, 72, 77, 79, 78, 86, 81, 82, 87, 84, 83, 85, 88]]
165: [[41, 36, 46, 5, 23, 24, 6, 3, 1, 2, 11, 8, 12, 13, 43, 4, 15, 7, 25, 10, 28, 9, 22, 14, 18, 20, 16, 17, 60], [29, 19, 21, 26, 30, 27, 31, 50, 34, 33, 32, 39, 35, 37, 44, 38, 42, 40, 45, 47, 53, 48, 49, 54, 57, 51, 52, 56, 59, 61], [58, 55, 63, 62, 69, 80, 65, 64, 67, 73, 70, 68, 66, 75, 71, 76, 74, 72, 77, 79, 78, 86, 81, 82, 87, 84, 83, 85, 88]]
166: [[41, 36, 46, 5, 23, 24, 6, 3, 1, 2, 11, 8, 12, 13, 43, 4, 15, 7, 25, 10, 28, 9, 22, 14, 18, 20, 16, 17, 60], [29, 19, 21, 26, 30, 27, 31, 50, 34, 33, 32, 39, 35, 37, 44, 38, 42, 40, 45, 47, 53, 48, 49, 54, 57, 51, 52, 56, 59, 61], [58, 55, 63, 62, 69, 80, 65, 64, 67, 73, 70, 68, 66, 75, 71, 76, 74, 72, 77, 79, 78, 86, 81, 82, 87, 84, 83, 85, 88]]
167: [[41, 36, 46, 5, 23, 24, 6, 3, 1, 2, 11, 8, 12, 13, 43, 4, 15, 7, 25, 10, 28, 9, 22, 14, 18, 20, 16, 17, 60], [29, 19, 21, 26, 30, 27, 31, 50, 34, 33, 32, 39, 35, 37, 44, 38, 42, 40, 45, 47, 53, 48, 49, 54, 57, 51, 52, 56, 59, 61], [58, 55, 63, 62, 69, 80, 65, 64, 67, 73, 70, 68, 66, 75, 71, 76, 74, 72, 77, 79, 78, 86, 81, 82, 87, 84, 83, 85, 88]]
168: [[41, 36, 46, 5, 23, 24, 6, 3, 1, 2, 11, 8, 12, 13, 43, 4, 15, 7, 25, 10, 28, 9, 22, 14, 18, 20, 16, 17, 60], [29, 19, 21, 26, 30, 27, 31, 50, 34, 33, 32, 39, 35, 37, 44, 38, 42, 40, 45, 47, 53, 48, 49, 54, 57, 51, 52, 56, 59, 61], [58, 55, 63, 62, 69, 80, 65, 64, 67, 73, 70, 68, 66, 75, 71, 76, 74, 72, 77, 79, 78, 86, 81, 82, 87, 84, 83, 85, 88]]
169: [[41, 36, 46, 5, 23, 24, 6, 3, 1, 2, 11, 8, 12, 13, 43, 4, 15, 7, 25, 10, 28, 9, 22, 14, 18, 20, 16, 17, 60], [29, 19, 21, 26, 30, 27, 31, 50, 34, 33, 32, 39, 35, 37, 44, 38, 42, 40, 45, 47, 53, 48, 49, 54, 57, 51, 52, 56, 59, 61], [58, 55, 63, 62, 69, 80, 65, 64, 67, 73, 70, 68, 66, 75, 71, 76, 74, 72, 77, 79, 78, 86, 81, 82, 87, 84, 83, 85, 88]]
170: [[41, 36, 46, 5, 23, 24, 6, 3, 1, 2, 11, 8, 12, 13, 43, 4, 15, 7, 25, 10, 28, 9, 22, 14, 18, 20, 16, 17, 60], [29, 19, 21, 26, 30, 27, 31, 50, 34, 33, 32, 39, 35, 37, 44, 38, 42, 40, 45, 47, 53, 48, 49, 54, 57, 51, 52, 56, 59, 61], [58, 55, 63, 62, 69, 80, 65, 64, 67, 73, 70, 68, 66, 75, 71, 76, 74, 72, 77, 79, 78, 86, 81, 82, 87, 84, 83, 85, 88]]
171: [[41, 36, 46, 5, 23, 24, 6, 3, 1, 2, 11, 8, 12, 13, 43, 4, 15, 7, 25, 10, 28, 9, 22, 14, 18, 20, 16, 17, 60], [29, 19, 21, 26, 30, 27, 31, 50, 34, 33, 32, 39, 35, 37, 44, 38, 42, 40, 45, 47, 53, 48, 49, 54, 57, 51, 52, 56, 59, 61], [58, 55, 63, 62, 69, 80, 65, 64, 67, 73, 70, 68, 66, 75, 71, 76, 74, 72, 77, 79, 78, 86, 81, 82, 87, 84, 83, 85, 88]]
172: [[41, 36, 46, 5, 23, 24, 6, 3, 1, 2, 11, 8, 12, 13, 43, 4, 15, 7, 25, 10, 28, 9, 22, 14, 18, 20, 16, 17, 60], [29, 19, 21, 26, 30, 27, 31, 50, 34, 33, 32, 39, 35, 37, 44, 38, 42, 40, 45, 47, 53, 48, 49, 54, 57, 51, 52, 56, 59, 61], [58, 55, 63, 62, 69, 80, 65, 64, 67, 73, 70, 68, 66, 75, 71, 76, 74, 72, 77, 79, 78, 86, 81, 82, 87, 84, 83, 85, 88]]
173: [[41, 36, 46, 5, 23, 24, 6, 3, 1, 2, 11, 8, 12, 13, 43, 4, 15, 7, 25, 10, 28, 9, 22, 14, 18, 20, 16, 17, 60], [29, 19, 21, 26, 30, 27, 31, 50, 34, 33, 32, 39, 35, 37, 44, 38, 42, 40, 45, 47, 53, 48, 49, 54, 57, 51, 52, 56, 59, 61], [58, 55, 63, 62, 69, 80, 65, 64, 67, 73, 70, 68, 66, 75, 71, 76, 74, 72, 77, 79, 78, 86, 81, 82, 87, 84, 83, 85, 88]]
174: [[41, 36, 46, 5, 23, 24, 6, 3, 1, 2, 11, 8, 12, 13, 43, 4, 15, 7, 25, 10, 28, 9, 22, 14, 18, 20, 16, 17, 60], [29, 19, 21, 26, 30, 27, 31, 50, 34, 33, 32, 39, 35, 37, 44, 38, 42, 40, 45, 47, 53, 48, 49, 54, 57, 51, 52, 56, 59, 61], [58, 55, 63, 62, 69, 80, 65, 64, 67, 73, 70, 68, 66, 75, 71, 76, 74, 72, 77, 79, 78, 86, 81, 82, 87, 84, 83, 85, 88]]
175: [[41, 36, 46, 5, 23, 24, 6, 3, 1, 2, 11, 8, 12, 13, 43, 4, 15, 7, 25, 10, 28, 9, 22, 14, 18, 20, 16, 17, 60], [29, 19, 21, 26, 30, 27, 31, 50, 34, 33, 32, 39, 35, 37, 44, 38, 42, 40, 45, 47, 53, 48, 49, 54, 57, 51, 52, 56, 59, 61], [58, 55, 63, 62, 69, 80, 65, 64, 67, 73, 70, 68, 66, 75, 71, 76, 74, 72, 77, 79, 78, 86, 81, 82, 87, 84, 83, 85, 88]]
176: [[41, 36, 46, 5, 23, 24, 6, 3, 1, 2, 11, 8, 12, 13, 43, 4, 15, 7, 25, 10, 28, 9, 22, 14, 18, 20, 16, 17, 60], [29, 19, 21, 26, 30, 27, 31, 50, 34, 33, 32, 39, 35, 37, 44, 38, 42, 40, 45, 47, 53, 48, 49, 54, 57, 51, 52, 56, 59, 61], [58, 55, 63, 62, 69, 80, 65, 64, 67, 73, 70, 68, 66, 75, 71, 76, 74, 72, 77, 79, 78, 86, 81, 82, 87, 84, 83, 85, 88]]
177: [[41, 46, 38, 5, 29, 25, 6, 9, 2, 34, 14, 1, 3, 45, 43, 12, 23, 4, 7, 10, 24, 11, 13, 40, 22, 15, 16, 21, 60], [17, 19, 20, 27, 26, 59, 30, 51, 31, 32, 28, 33, 35, 44, 36, 37, 62, 39, 42, 47, 8, 53, 49, 48, 55, 54, 52, 50, 56, 57], [18, 58, 83, 61, 63, 86, 75, 64, 67, 65, 66, 68, 76, 70, 79, 80, 71, 72, 69, 73, 74, 84, 85, 77, 78, 81, 82, 87, 88]]
