0: [[23, 1, 22, 11, 18, 5, 40], [53, 19, 60], [27, 9], [37, 29, 3, 26], [35, 14, 56, 2], [42, 20, 4], [10, 28, 16, 34], [13, 21, 6, 47], [39, 15, 7, 33], [17, 8], [31, 48], [36, 12, 24, 30], [32, 25], [38, 41, 43, 44], [52, 55, 54, 59, 46, 50, 51, 45, 58], [49, 57]]
1: [[23, 1, 22, 11, 18, 5, 40], [53, 19, 60], [27, 9], [37, 29, 3, 26], [35, 14, 56, 2], [42, 20, 4], [10, 28, 16, 34], [13, 21, 6, 47], [39, 15], [7, 33], [17, 8, 31], [48, 36, 12, 24], [30, 32], [25, 38, 41], [43, 44], [52, 55, 54], [59, 46, 50], [51, 45, 58], [49, 57]]
2: [[23, 1, 22], [11, 18, 5], [40, 53, 19, 60, 27], [9, 37, 29, 3, 26], [35, 14, 56], [2, 42, 20, 4], [10, 28, 16, 34], [13, 21, 6, 47], [39, 15, 7, 33], [17, 8, 31, 48], [36, 12, 24], [30, 32, 25, 38], [41, 43], [44, 52, 55, 54], [59, 46], [50, 51, 45, 58], [49, 57]]
3: [[23, 1, 22], [11, 18, 5], [40, 53, 19], [60, 27, 9], [37, 29, 3], [26, 35, 14], [56, 2], [42, 20, 4], [10, 28, 16, 34], [13, 21, 6, 47], [39, 15, 7, 33], [17, 8], [31, 48], [36, 12, 24, 30], [32, 25], [38, 41, 43, 44], [52, 55, 54, 59, 46, 50, 51, 45, 58], [49, 57]]
4: [[23, 1, 22, 11], [18, 5, 40, 53], [19, 60, 27], [9, 37, 29, 3], [26, 35, 14, 56], [2, 42, 20], [4, 10, 28], [16, 34, 13], [21, 6, 47], [39, 15, 7], [33, 17, 8], [31, 48, 36, 12, 24], [30, 32, 25], [38, 41, 43], [44, 52, 55], [54, 59, 46, 50], [51, 45, 58], [49, 57]]
5: [[23, 1, 22, 11, 18, 5, 40], [53, 19, 60], [27, 9], [37, 29, 3, 26], [35, 14, 56, 2], [42, 20, 4], [10, 28], [16, 34, 13], [21, 6, 47], [39, 15, 7], [33, 17, 8], [31, 48, 36], [12, 24, 30], [32, 25, 38], [41, 43, 44], [52, 55], [54, 59], [46, 50, 51], [45, 58], [49, 57]]
6: [[23, 1, 22], [11, 18, 5], [40, 53, 19], [60, 27, 9], [37, 29, 3], [26, 35, 14], [56, 2, 42], [20, 4, 10], [28, 16, 34], [13, 21, 6], [47, 39, 15], [7, 33, 17], [8, 31, 48], [36, 12, 24], [30, 32, 25], [38, 41, 43], [44, 52, 55], [54, 59, 46, 50], [51, 45, 58], [49, 57]]
7: [[23, 1, 22], [11, 18, 5], [40, 53, 19], [60, 27, 9], [37, 29, 3], [26, 35, 14], [56, 2, 42], [20, 4, 10], [28, 16, 34], [13, 21, 6], [47, 39, 15], [7, 33, 17], [8, 31, 48], [36, 12, 24], [30, 32, 25], [38, 41, 43], [44, 52, 55], [54, 59, 46, 50], [51, 45, 58], [49, 57]]
8: [[23, 1, 22], [11, 18, 5], [40, 53, 19], [60, 27, 9, 37], [29, 3], [26, 35, 14], [56, 2, 42], [20, 4, 10], [28, 16, 34], [13, 21, 6, 47], [39, 15, 7, 33], [17, 8, 31, 48], [36, 12, 24], [30, 32, 25], [38, 41, 43], [44, 52], [55, 54, 59], [46, 50, 51], [45, 58], [49, 57]]
9: [[23, 1], [22, 11], [18, 5, 40], [53, 19, 60], [27, 9, 37], [29, 3, 26], [35, 14, 56], [2, 42, 20], [4, 10, 28], [16, 34], [13, 21, 6], [47, 39, 15], [7, 33, 17], [8, 31, 48], [36, 12, 24], [30, 32, 25], [38, 41, 43], [44, 52], [55, 54, 59], [46, 50, 51], [45, 58], [49, 57]]
10: [[23, 1, 22], [11, 18], [5, 40], [53, 19], [60, 27], [9, 37, 29, 3], [26, 35, 14, 56], [2, 42, 20, 4], [10, 28, 16], [34, 13, 21], [6, 47, 39], [15, 7, 33, 17], [8, 31, 48], [36, 12, 24], [30, 32, 25, 38], [41, 43, 44, 52], [55, 54, 59], [46, 50, 51], [45, 58], [49, 57]]
11: [[23, 1, 22], [11, 18, 5, 40], [53, 19, 60], [27, 9], [37, 29, 3, 26], [35, 14, 56, 2], [42, 20, 4], [10, 28, 16, 34], [13, 21, 6, 47], [39, 15, 7, 33], [17, 8], [31, 48], [36, 12, 24, 30], [32, 25], [38, 41], [43, 44, 52, 55, 54, 59, 46, 50, 51, 45, 58, 49, 57]]
12: [[23, 1, 22], [11, 18, 5], [40, 53, 19], [60, 27, 9], [37, 29, 3], [26, 35, 14], [56, 2, 42], [20, 4, 10], [28, 16, 34], [13, 21, 6, 47], [39, 15, 7, 33], [17, 8, 31], [48, 36, 12], [24, 30, 32], [25, 38, 41], [43, 44, 52], [55, 54, 59, 46, 50, 51, 45, 58], [49, 57]]
13: [[23, 1, 22], [11, 18, 5], [40, 53, 19], [60, 27, 9], [37, 29, 3], [26, 35, 14], [56, 2, 42], [20, 4, 10], [28, 16, 34], [13, 21, 6], [47, 39, 15], [7, 33], [17, 8], [31, 48, 36], [12, 24], [30, 32], [25, 38, 41], [43, 44, 52], [55, 54], [59, 46, 50], [51, 45, 58], [49, 57]]
14: [[23, 1, 22], [11, 18, 5], [40, 53, 19], [60, 27, 9], [37, 29, 3], [26, 35, 14], [56, 2], [42, 20, 4], [10, 28], [16, 34], [13, 21, 6], [47, 39, 15, 7], [33, 17, 8], [31, 48, 36], [12, 24, 30, 32], [25, 38, 41, 43, 44, 52], [55, 54, 59, 46, 50, 51, 45, 58], [49, 57]]
15: [[23, 1, 22], [11, 18, 5], [40, 53, 19], [60, 27, 9, 37], [29, 3, 26], [35, 14], [56, 2, 42], [20, 4, 10], [28, 16, 34], [13, 21, 6], [47, 39, 15], [7, 33, 17], [8, 31, 48], [36, 12, 24], [30, 32, 25], [38, 41, 43], [44, 52, 55], [54, 59, 46, 50], [51, 45, 58], [49, 57]]
16: [[23, 1, 22], [11, 18, 5], [40, 53, 19], [60, 27, 9], [37, 29, 3], [26, 35, 14], [56, 2, 42], [20, 4, 10], [28, 16, 34], [13, 21, 6], [47, 39], [15, 7, 33], [17, 8, 31], [48, 36, 12], [24, 30, 32], [25, 38, 41], [43, 44], [52, 55, 54], [59, 46, 50], [51, 45, 58], [49, 57]]
17: [[23, 1, 22], [11, 18, 5], [40, 53, 19], [60, 27, 9], [37, 29, 3], [26, 35, 14], [56, 2, 42], [20, 4, 10], [28, 16, 34], [13, 21, 6], [47, 39, 15], [7, 33, 17], [8, 31, 48], [36, 12, 24], [30, 32, 25], [38, 41, 43], [44, 52, 55], [54, 59, 46], [50, 51, 45], [58, 49, 57]]
18: [[23, 1, 22], [11, 18, 5], [40, 53, 19], [60, 27, 9], [37, 29, 3], [26, 35, 14], [56, 2, 42], [20, 4, 10], [28, 16, 34], [13, 21, 6], [47, 39, 15], [7, 33, 17, 8], [31, 48, 36], [12, 24, 30], [32, 25], [38, 41, 43], [44, 52], [55, 54, 59], [46, 50, 51, 45], [58, 49, 57]]
19: [[23, 1, 22], [11, 18, 5], [40, 53, 19], [60, 27, 9], [37, 29, 3], [26, 35, 14], [56, 2, 42], [20, 4, 10], [28, 16, 34], [13, 21, 6], [47, 39, 15], [7, 33, 17], [8, 31, 48], [36, 12, 24], [30, 32, 25], [38, 41, 43], [44, 52, 55], [54, 59, 46], [50, 51, 45], [58, 49, 57]]
20: [[23, 1, 22], [11, 18, 5], [40, 53, 19], [60, 27, 9], [37, 29, 3], [26, 35, 14], [56, 2, 42], [20, 4, 10], [28, 16, 34], [13, 21, 6], [47, 39, 15], [7, 33, 17], [8, 31, 48], [36, 12, 24], [30, 32, 25], [38, 41, 43], [44, 52, 55], [54, 59, 46], [50, 51, 45], [58, 49, 57]]
21: [[23, 1, 22], [11, 18, 5], [40, 53, 19], [60, 27, 9], [37, 29, 3], [26, 35, 14], [56, 2, 42], [20, 4, 10], [28, 16, 34], [13, 21, 6], [47, 39, 15], [7, 33, 17], [8, 31, 48], [36, 12, 24], [30, 32, 25], [38, 41, 43], [44, 52, 55], [54, 59, 46], [50, 51, 45], [58, 49, 57]]
22: [[23, 1], [22, 11, 18, 5, 40, 53, 19, 60, 27, 9, 37, 29, 3, 26, 35, 14, 56, 2, 42, 20, 4, 10, 28, 16, 34, 13, 21, 6, 47, 39, 15, 7, 33, 17, 8, 31, 48, 36, 12, 24, 30, 32, 25, 38, 41, 43, 44, 52, 55, 54, 59, 46, 50, 51, 45, 58], [49, 57]]
23: [[23, 1, 22], [11, 18, 5], [40, 53, 19], [60, 27, 9], [37, 29, 3], [26, 35, 14], [56, 2, 42], [20, 4, 10], [28, 16, 34], [13, 21, 6], [47, 39, 15], [7, 33, 17], [8, 31, 48], [36, 12, 24], [30, 32, 25], [38, 41, 43], [44, 52], [55, 54, 59], [46, 50, 51, 45], [58, 49, 57]]
24: [[23, 1, 22], [11, 18, 5], [40, 53, 19], [60, 27, 9], [37, 29, 3], [26, 35, 14], [56, 2, 42], [20, 4, 10], [28, 16, 34, 13], [21, 6, 47, 39], [15, 7, 33], [17, 8, 31, 48], [36, 12, 24, 30], [32, 25, 38, 41], [43, 44, 52], [55, 54, 59], [46, 50, 51, 45], [58, 49, 57]]
25: [[23, 1, 22], [11, 18, 5], [40, 53, 19], [60, 27, 9], [37, 29, 3], [26, 35, 14], [56, 2, 42], [20, 4, 10], [28, 16, 34], [13, 21, 6], [47, 39, 15], [7, 33, 17], [8, 31, 48], [36, 12], [24, 30, 32], [25, 38, 41], [43, 44], [52, 55, 54], [59, 46, 50], [51, 45, 58], [49, 57]]
26: [[23, 1, 22], [11, 18, 5], [40, 53, 19], [60, 27, 9], [37, 29, 3], [26, 35, 14], [56, 2, 42], [20, 4, 10], [28, 16, 34], [13, 21, 6], [47, 39, 15], [7, 33, 17], [8, 31, 48, 36], [12, 24, 30], [32, 25, 38], [41, 43, 44], [52, 55, 54], [59, 46, 50], [51, 45], [58, 49, 57]]
27: [[23, 1, 22], [11, 18, 5], [40, 53, 19], [60, 27, 9], [37, 29, 3], [26, 35, 14], [56, 2, 42], [20, 4, 10], [28, 16], [34, 13], [21, 6, 47], [39, 15, 7, 33], [17, 8], [31, 48], [36, 12, 24, 30], [32, 25], [38, 41, 43, 44], [52, 55, 54, 59], [46, 50], [51, 45], [58, 49, 57]]
28: [[23, 1, 22], [11, 18, 5], [40, 53, 19], [60, 27, 9], [37, 29, 3], [26, 35, 14], [56, 2], [42, 20, 4], [10, 28, 16, 34], [13, 21, 6, 47], [39, 15, 7, 33], [17, 8, 31], [48, 36, 12], [24, 30, 32], [25, 38, 41], [43, 44, 52], [55, 54, 59], [46, 50], [51, 45], [58, 49, 57]]
29: [[23, 1, 22], [11, 18, 5], [40, 53, 19], [60, 27, 9], [37, 29, 3], [26, 35], [14, 56, 2], [42, 20, 4], [10, 28], [16, 34, 13], [21, 6, 47], [39, 15], [7, 33, 17], [8, 31, 48], [36, 12, 24], [30, 32, 25], [38, 41, 43], [44, 52], [55, 54, 59], [46, 50, 51], [45, 58], [49, 57]]
30: [[23, 1], [22, 11, 18], [5, 40, 53], [19, 60, 27], [9, 37, 29], [3, 26], [35, 14, 56, 2], [42, 20, 4], [10, 28], [16, 34, 13], [21, 6, 47], [39, 15, 7], [33, 17, 8], [31, 48, 36], [12, 24, 30], [32, 25, 38], [41, 43, 44], [52, 55, 54], [59, 46, 50], [51, 45, 58], [49, 57]]
31: [[23, 1, 22], [11, 18, 5], [40, 53, 19], [60, 27, 9], [37, 29], [3, 26, 35], [14, 56, 2], [42, 20, 4, 10], [28, 16, 34, 13, 21, 6], [47, 39, 15, 7, 33, 17, 8, 31, 48], [36, 12, 24, 30, 32, 25, 38, 41, 43, 44, 52, 55, 54, 59, 46, 50], [51, 45], [58, 49, 57]]
32: [[23, 1, 22], [11, 18, 5], [40, 53, 19], [60, 27], [9, 37, 29], [3, 26, 35, 14], [56, 2], [42, 20, 4], [10, 28], [16, 34, 13, 21], [6, 47], [39, 15, 7], [33, 17, 8], [31, 48, 36], [12, 24, 30], [32, 25], [38, 41, 43], [44, 52], [55, 54], [59, 46, 50], [51, 45, 58], [49, 57]]
33: [[23, 1, 22], [11, 18, 5], [40, 53], [19, 60, 27], [9, 37, 29], [3, 26, 35], [14, 56, 2], [42, 20, 4], [10, 28, 16], [34, 13, 21, 6], [47, 39, 15], [7, 33, 17], [8, 31], [48, 36, 12], [24, 30, 32], [25, 38, 41], [43, 44, 52], [55, 54, 59], [46, 50, 51], [45, 58], [49, 57]]
34: [[23, 1, 22], [11, 18, 5], [40, 53], [19, 60, 27], [9, 37, 29], [3, 26, 35], [14, 56, 2], [42, 20], [4, 10, 28], [16, 34, 13], [21, 6, 47], [39, 15, 7], [33, 17], [8, 31], [48, 36], [12, 24, 30], [32, 25, 38], [41, 43, 44], [52, 55, 54], [59, 46, 50], [51, 45, 58], [49, 57]]
35: [[23, 1, 22], [11, 18], [5, 40, 53], [19, 60], [27, 9, 37], [29, 3, 26], [35, 14, 56], [2, 42, 20], [4, 10, 28], [16, 34], [13, 21, 6], [47, 39, 15], [7, 33, 17], [8, 31, 48], [36, 12], [24, 30], [32, 25], [38, 41, 43], [44, 52, 55], [54, 59, 46], [50, 51, 45, 58], [49, 57]]
36: [[23, 1, 22], [11, 18, 5], [40, 53, 19], [60, 27, 9], [37, 29], [3, 26, 35], [14, 56, 2], [42, 20], [4, 10, 28], [16, 34, 13], [21, 6, 47], [39, 15, 7], [33, 17, 8], [31, 48, 36], [12, 24, 30], [32, 25, 38], [41, 43, 44], [52, 55, 54], [59, 46, 50], [51, 45, 58], [49, 57]]
37: [[23, 1, 22], [11, 18, 5], [40, 53, 19], [60, 27, 9], [37, 29, 3], [26, 35, 14], [56, 2, 42], [20, 4, 10], [28, 16, 34], [13, 21], [6, 47, 39], [15, 7, 33], [17, 8, 31], [48, 36, 12], [24, 30], [32, 25, 38], [41, 43, 44], [52, 55], [54, 59, 46], [50, 51], [45, 58], [49, 57]]
38: [[23, 1, 22], [11, 18, 5], [40, 53, 19], [60, 27, 9], [37, 29, 3], [26, 35, 14], [56, 2, 42], [20, 4], [10, 28, 16], [34, 13, 21], [6, 47, 39], [15, 7, 33], [17, 8, 31], [48, 36, 12], [24, 30, 32], [25, 38, 41], [43, 44, 52, 55], [54, 59, 46, 50], [51, 45, 58], [49, 57]]
39: [[23, 1], [22, 11, 18], [5, 40, 53], [19, 60, 27], [9, 37, 29], [3, 26], [35, 14, 56], [2, 42], [20, 4, 10], [28, 16, 34], [13, 21, 6], [47, 39, 15], [7, 33, 17], [8, 31, 48], [36, 12, 24], [30, 32, 25], [38, 41, 43], [44, 52], [55, 54, 59], [46, 50], [51, 45, 58], [49, 57]]
40: [[23, 1, 22], [11, 18, 5], [40, 53, 19], [60, 27, 9], [37, 29, 3], [26, 35, 14], [56, 2], [42, 20], [4, 10, 28], [16, 34, 13], [21, 6, 47], [39, 15], [7, 33, 17], [8, 31, 48], [36, 12, 24], [30, 32, 25], [38, 41, 43, 44], [52, 55, 54, 59], [46, 50, 51], [45, 58, 49, 57]]
41: [[23, 1, 22], [11, 18, 5], [40, 53, 19], [60, 27, 9], [37, 29, 3], [26, 35, 14], [56, 2], [42, 20], [4, 10, 28], [16, 34, 13], [21, 6, 47], [39, 15], [7, 33, 17], [8, 31, 48], [36, 12, 24], [30, 32, 25], [38, 41, 43, 44], [52, 55, 54, 59], [46, 50, 51], [45, 58, 49, 57]]
42: [[23, 1, 22], [11, 18, 5, 40], [53, 19, 60], [27, 9, 37, 29], [3, 26], [35, 14], [56, 2, 42], [20, 4, 10], [28, 16, 34], [13, 21, 6], [47, 39], [15, 7], [33, 17], [8, 31, 48], [36, 12, 24], [30, 32, 25], [38, 41, 43, 44], [52, 55], [54, 59, 46, 50, 51, 45, 58, 49, 57]]
43: [[23, 1, 22], [11, 18, 5], [40, 53, 19], [60, 27, 9], [37, 29, 3], [26, 35, 14], [56, 2, 42], [20, 4, 10], [28, 16, 34], [13, 21, 6], [47, 39, 15], [7, 33, 17], [8, 31], [48, 36, 12], [24, 30, 32], [25, 38, 41], [43], [44, 52, 55], [54, 59, 46], [50, 51, 45], [58, 49, 57]]
44: [[23, 1, 22], [11, 18, 5], [40, 53, 19, 60, 27], [9, 37, 29, 3, 26], [35, 14, 56], [2, 42, 20, 4], [10, 28], [16, 34, 13, 21], [6, 47, 39, 15], [7, 33, 17], [8, 31, 48, 36], [12, 24], [30, 32, 25], [38, 41, 43, 44, 52], [55, 54], [59, 46, 50, 51, 45, 58, 49, 57]]
45: [[23, 1, 22], [11, 18, 5], [40, 53], [19, 60, 27], [9, 37, 29], [3, 26, 35], [14, 56], [2, 42], [20, 4, 10], [28, 16, 34], [13, 21, 6], [47, 39, 15], [7, 33, 17], [8, 31, 48], [36, 12, 24], [30, 32, 25], [38, 41, 43], [44, 52, 55], [54, 59, 46], [50, 51, 45], [58, 49, 57]]
46: [[23, 1, 22], [11, 18, 5], [40, 53, 19], [60, 27, 9], [37, 29, 3], [26, 35, 14, 56, 2, 42, 20, 4, 10, 28, 16, 34], [13, 21, 6], [47, 39, 15, 7], [33, 17, 8, 31, 48, 36], [12, 24, 30, 32, 25, 38, 41, 43, 44], [52, 55, 54, 59, 46, 50, 51, 45, 58, 49, 57]]
47: [[23, 1, 22], [11, 18, 5], [40, 53, 19], [60, 27, 9, 37], [29, 3, 26, 35], [14, 56, 2, 42], [20, 4], [10, 28, 16], [34, 13], [21, 6, 47], [39, 15, 7], [33, 17, 8, 31], [48, 36, 12, 24], [30, 32, 25, 38], [41, 43], [44, 52, 55], [54, 59, 46], [50, 51, 45, 58], [49, 57]]
48: [[23, 1, 22], [11, 18, 5], [40, 53, 19], [60, 27], [9, 37], [29, 3, 26], [35, 14, 56], [2, 42, 20, 4], [10, 28, 16], [34, 13, 21], [6, 47], [39, 15, 7], [33, 17, 8], [31, 48, 36], [12, 24, 30], [32, 25], [38, 41, 43], [44, 52, 55, 54], [59, 46, 50], [51, 45], [58, 49, 57]]
49: [[23, 1], [22, 11, 18], [5, 40], [53, 19], [60, 27, 9], [37, 29, 3], [26, 35, 14], [56, 2, 42], [20, 4, 10], [28, 16, 34], [13, 21, 6], [47, 39, 15], [7, 33, 17, 8], [31, 48, 36, 12], [24, 30, 32, 25], [38, 41, 43], [44, 52, 55, 54], [59, 46, 50], [51, 45, 58], [49, 57]]
50: [[23, 1, 22], [11, 18], [5, 40, 53], [19, 60, 27], [9, 37, 29], [3, 26], [35, 14], [56, 2, 42], [20, 4, 10, 28], [16, 34, 13], [21, 6, 47], [39, 15, 7, 33], [17, 8, 31], [48, 36], [12, 24, 30], [32, 25, 38], [41, 43, 44], [52, 55, 54, 59], [46, 50, 51, 45], [58, 49, 57]]
51: [[23, 1], [22, 11, 18], [5, 40], [53, 19, 60], [27, 9], [37, 29, 3], [26, 35, 14], [56, 2, 42], [20, 4], [10, 28, 16, 34], [13, 21, 6, 47], [39, 15, 7], [33, 17, 8], [31, 48, 36, 12], [24, 30, 32], [25, 38], [41, 43], [44, 52, 55, 54], [59, 46], [50, 51], [45, 58], [49, 57]]
52: [[23, 1, 22], [11, 18], [5, 40, 53], [19, 60], [27, 9], [37, 29, 3], [26, 35, 14], [56, 2], [42, 20, 4], [10, 28, 16], [34, 13, 21], [6, 47, 39], [15, 7, 33], [17, 8], [31, 48], [36, 12], [24, 30], [32, 25, 38, 41], [43, 44, 52], [55, 54, 59, 46], [50, 51, 45, 58], [49, 57]]
53: [[23, 1, 22], [11, 18, 5], [40, 53, 19], [60, 27, 9], [37, 29, 3], [26, 35, 14], [56, 2, 42], [20, 4, 10], [28, 16, 34], [13, 21, 6], [47, 39, 15], [7, 33, 17], [8, 31, 48], [36, 12, 24], [30, 32, 25], [38, 41, 43], [44, 52], [55, 54, 59], [46, 50], [51, 45, 58, 49, 57]]
54: [[23, 1, 22, 11], [18, 5, 40], [53, 19, 60], [27, 9, 37, 29, 3, 26, 35, 14, 56, 2, 42, 20], [4, 10, 28], [16, 34, 13, 21], [6, 47, 39, 15, 7, 33], [17, 8, 31, 48, 36, 12, 24, 30, 32], [25, 38, 41, 43, 44, 52, 55, 54, 59, 46, 50, 51, 45, 58, 49, 57]]
55: [[23, 1, 22], [11, 18, 5], [40, 53, 19], [60, 27, 9], [37, 29, 3], [26, 35], [14, 56, 2], [42, 20], [4, 10, 28], [16, 34, 13], [21, 6, 47], [39, 15], [7, 33, 17], [8, 31, 48], [36, 12, 24], [30, 32, 25], [38, 41, 43], [44, 52, 55], [54, 59], [46, 50], [51, 45], [58, 49, 57]]
56: [[23, 1, 22], [11, 18, 5], [40, 53, 19], [60, 27], [9, 37, 29], [3, 26, 35], [14, 56, 2], [42, 20, 4], [10, 28, 16], [34, 13, 21], [6, 47, 39], [15, 7, 33], [17, 8, 31], [48, 36, 12], [24, 30, 32], [25, 38, 41], [43, 44, 52], [55, 54, 59], [46, 50], [51, 45, 58], [49, 57]]
57: [[23, 1, 22], [11, 18, 5], [40, 53], [19, 60], [27, 9, 37], [29, 3, 26], [35, 14, 56], [2, 42, 20], [4, 10, 28, 16], [34, 13, 21], [6, 47, 39], [15, 7, 33], [17, 8, 31], [48, 36, 12], [24, 30, 32], [25, 38, 41], [43, 44, 52, 55], [54, 59, 46], [50, 51, 45], [58, 49, 57]]
58: [[23, 1, 22], [11, 18], [5, 40], [53, 19, 60], [27, 9, 37], [29, 3, 26], [35, 14, 56], [2, 42], [20, 4, 10, 28], [16, 34, 13], [21, 6, 47, 39], [15, 7], [33, 17, 8], [31, 48, 36], [12, 24, 30, 32], [25, 38, 41], [43, 44, 52], [55, 54], [59, 46], [50, 51, 45, 58], [49, 57]]
59: [[23, 1, 22], [11, 18, 5], [40, 53, 19], [60, 27, 9], [37, 29, 3], [26, 35, 14], [56, 2, 42], [20, 4, 10], [28, 16, 34, 13, 21, 6, 47, 39, 15, 7, 33, 17, 8, 31, 48], [36, 12, 24, 30, 32, 25], [38, 41, 43, 44, 52, 55, 54, 59, 46, 50, 51, 45, 58, 49, 57]]
60: [[23, 1, 22], [11, 18, 5], [40, 53], [19, 60, 27], [9, 37, 29, 3], [26, 35], [14, 56, 2], [42, 20, 4], [10, 28, 16], [34, 13, 21], [6, 47, 39], [15, 7], [33, 17], [8, 31, 48], [36, 12, 24, 30], [32, 25, 38], [41, 43, 44], [52, 55], [54, 59, 46], [50, 51, 45], [58, 49, 57]]
61: [[23, 1, 22], [11, 18, 5], [40, 53, 19], [60, 27], [9, 37, 29], [3, 26, 35], [14, 56, 2], [42, 20, 4], [10, 28, 16], [34, 13], [21, 6, 47], [39, 15], [7, 33], [17, 8, 31], [48, 36, 12], [24, 30, 32], [25, 38, 41], [43, 44, 52], [55, 54, 59, 46], [50, 51, 45, 58], [49, 57]]
62: [[23, 1, 22], [11, 18, 5], [40, 53, 19], [60, 27, 9], [37, 29], [3, 26, 35], [14, 56, 2], [42, 20, 4], [10, 28, 16], [34, 13], [21, 6, 47], [39, 15, 7], [33, 17, 8], [31, 48, 36], [12, 24, 30], [32, 25, 38], [41, 43], [44, 52, 55], [54, 59, 46], [50, 51, 45], [58, 49, 57]]
63: [[23, 1, 22, 11, 18, 5, 40], [53, 19, 60], [27, 9], [37, 29], [3, 26, 35], [14, 56, 2, 42], [20, 4, 10, 28], [16, 34], [13, 21], [6, 47, 39, 15], [7, 33], [17, 8, 31, 48], [36, 12], [24, 30, 32, 25, 38, 41, 43, 44, 52, 55, 54, 59, 46, 50, 51, 45], [58, 49, 57]]
64: [[23, 1, 22], [11, 18, 5], [40, 53, 19], [60, 27], [9, 37, 29], [3, 26, 35], [14, 56, 2], [42, 20, 4], [10, 28, 16], [34, 13, 21], [6, 47, 39], [15, 7], [33, 17, 8], [31, 48, 36], [12, 24], [30, 32, 25], [38, 41, 43], [44, 52, 55], [54, 59, 46], [50, 51, 45], [58, 49, 57]]
65: [[23, 1, 22], [11, 18, 5], [40, 53, 19], [60, 27, 9], [37, 29, 3], [26, 35, 14], [56, 2, 42, 20], [4, 10, 28, 16], [34, 13, 21, 6, 47, 39, 15, 7, 33, 17, 8, 31, 48, 36, 12, 24, 30, 32, 25, 38, 41, 43, 44, 52, 55, 54, 59, 46, 50, 51, 45, 58, 49, 57]]
66: [[23, 1, 22], [11, 18, 5], [40, 53, 19], [60, 27, 9], [37, 29, 3], [26, 35, 14], [56, 2, 42], [20, 4, 10], [28, 16, 34], [13, 21, 6], [47, 39], [15, 7, 33], [17, 8, 31], [48, 36], [12, 24, 30, 32, 25, 38], [41, 43], [44, 52], [55, 54, 59, 46, 50, 51, 45, 58, 49, 57]]
67: [[23, 1, 22], [11, 18], [5, 40, 53, 19], [60, 27, 9, 37], [29, 3, 26], [35, 14, 56, 2], [42, 20], [4, 10, 28], [16, 34, 13, 21], [6, 47], [39, 15, 7, 33], [17, 8, 31, 48], [36, 12], [24, 30, 32, 25], [38, 41, 43], [44, 52, 55], [54, 59, 46], [50, 51, 45], [58, 49, 57]]
68: [[23, 1, 22, 11, 18, 5, 40], [53, 19, 60], [27, 9], [37, 29, 3, 26], [35, 14, 56, 2], [42, 20, 4], [10, 28, 16], [34, 13, 21], [6, 47, 39], [15, 7, 33], [17, 8, 31, 48, 36, 12, 24, 30, 32, 25, 38, 41, 43, 44, 52, 55, 54, 59, 46, 50, 51, 45, 58, 49, 57]]
69: [[23, 1, 22], [11, 18, 5, 40], [53, 19, 60], [27, 9], [37, 29], [3, 26, 35, 14, 56, 2, 42, 20, 4, 10, 28, 16, 34, 13, 21, 6, 47, 39, 15, 7, 33, 17, 8, 31, 48, 36, 12, 24, 30, 32, 25, 38, 41, 43, 44, 52, 55, 54, 59, 46, 50, 51, 45, 58, 49, 57]]
70: [[23, 1], [22, 11, 18], [5, 40, 53], [19, 60, 27], [9, 37], [29, 3, 26], [35, 14, 56], [2, 42, 20], [4, 10, 28], [16, 34, 13], [21, 6, 47], [39, 15, 7], [33, 17, 8], [31, 48, 36], [12, 24, 30], [32, 25], [38, 41, 43], [44, 52, 55], [54, 59, 46], [50, 51, 45], [58, 49, 57]]
71: [[23, 1, 22, 11, 18, 5, 40], [53, 19, 60], [27, 9], [37, 29], [3, 26, 35, 14, 56, 2, 42, 20, 4, 10, 28, 16, 34, 13, 21, 6, 47, 39, 15, 7, 33, 17, 8, 31, 48, 36, 12, 24, 30, 32, 25, 38, 41, 43, 44, 52, 55, 54, 59, 46, 50, 51, 45, 58, 49, 57]]
72: [[23, 1, 22], [11, 18, 5], [40, 53, 19], [60, 27, 9, 37], [29, 3, 26], [35, 14, 56, 2], [42, 20], [4, 10], [28, 16], [34, 13], [21, 6, 47], [39, 15, 7], [33, 17], [8, 31, 48], [36, 12], [24, 30, 32], [25, 38, 41], [43, 44, 52], [55, 54, 59, 46], [50, 51, 45], [58, 49, 57]]
73: [[23, 1, 22], [11, 18, 5], [40, 53, 19], [60, 27, 9], [37, 29, 3], [26, 35, 14], [56, 2, 42], [20, 4, 10], [28, 16, 34], [13, 21, 6], [47, 39, 15], [7, 33, 17], [8, 31, 48], [36, 12, 24], [30, 32, 25], [38, 41], [43, 44, 52, 55, 54, 59, 46, 50, 51, 45, 58, 49, 57]]
74: [[23, 1, 22], [11, 18], [5, 40, 53], [19, 60], [27, 9, 37], [29, 3, 26], [35, 14, 56], [2, 42, 20], [4, 10, 28], [16, 34], [13, 21, 6], [47, 39, 15], [7, 33, 17], [8, 31, 48], [36, 12, 24], [30, 32, 25], [38, 41, 43], [44, 52, 55, 54, 59, 46], [50, 51, 45, 58, 49, 57]]
75: [[23, 1, 22], [11, 18, 5], [40, 53, 19], [60, 27, 9], [37, 29, 3], [26, 35, 14], [56, 2, 42], [20, 4], [10, 28, 16, 34], [13, 21, 6], [47, 39, 15, 7, 33, 17, 8, 31, 48, 36, 12, 24, 30, 32, 25, 38, 41, 43, 44, 52, 55, 54, 59, 46, 50, 51, 45, 58, 49, 57]]
76: [[23, 1], [22, 11], [18, 5, 40], [53, 19], [60, 27], [9, 37, 29], [3, 26, 35], [14, 56, 2], [42, 20, 4], [10, 28, 16], [34, 13], [21, 6, 47], [39, 15], [7, 33, 17], [8, 31, 48], [36, 12, 24], [30, 32], [25, 38, 41], [43, 44, 52], [55, 54, 59], [46, 50], [51, 45], [58, 49, 57]]
77: [[23, 1, 22, 11], [18, 5, 40], [53, 19, 60], [27, 9, 37, 29], [3, 26, 35, 14], [56, 2, 42], [20, 4, 10, 28], [16, 34, 13, 21], [6, 47, 39], [15, 7, 33], [17, 8, 31], [48, 36, 12], [24, 30, 32], [25, 38, 41, 43, 44, 52, 55, 54, 59], [46, 50], [51, 45, 58, 49, 57]]
78: [[23, 1, 22], [11, 18, 5], [40, 53, 19], [60, 27, 9], [37, 29, 3], [26, 35, 14, 56], [2, 42, 20, 4], [10, 28, 16], [34, 13, 21], [6, 47, 39, 15], [7, 33, 17], [8, 31], [48, 36, 12, 24, 30, 32, 25, 38, 41, 43, 44, 52, 55, 54, 59, 46, 50, 51, 45, 58, 49], [57]]
79: [[23, 1, 22], [11, 18, 5], [40, 53, 19], [60, 27, 9], [37, 29, 3], [26, 35, 14], [56, 2, 42], [20, 4, 10], [28, 16, 34], [13, 21, 6], [47, 39], [15, 7, 33], [17, 8], [31, 48, 36, 12, 24], [30, 32, 25, 38, 41, 43, 44, 52, 55, 54, 59, 46, 50, 51, 45, 58, 49, 57]]
80: [[23, 1, 22], [11, 18, 5], [40, 53], [19, 60, 27, 9, 37, 29, 3, 26, 35, 14, 56, 2, 42, 20, 4, 10, 28, 16, 34, 13, 21, 6, 47, 39, 15, 7, 33, 17, 8, 31, 48, 36, 12, 24, 30, 32, 25, 38, 41, 43, 44, 52, 55, 54, 59, 46, 50, 51, 45, 58, 49, 57]]
81: [[23, 1, 22], [11, 18, 5], [40, 53, 19], [60, 27, 9], [37, 29, 3], [26, 35, 14], [56, 2, 42], [20, 4, 10], [28, 16, 34], [13, 21, 6], [47, 39, 15], [7], [33, 17, 8], [31, 48, 36], [12, 24, 30], [32, 25], [38, 41, 43, 44, 52, 55, 54, 59, 46, 50, 51, 45, 58, 49, 57]]
82: [[23, 1, 22, 11, 18], [5, 40, 53], [19, 60, 27, 9], [37, 29, 3, 26], [35, 14], [56, 2], [42, 20, 4, 10], [28, 16], [34, 13, 21, 6], [47, 39, 15, 7], [33, 17], [8, 31], [48, 36, 12, 24], [30, 32, 25], [38, 41, 43, 44, 52, 55, 54, 59, 46, 50, 51, 45, 58, 49, 57]]
83: [[23, 1, 22, 11], [18, 5, 40], [53, 19, 60], [27, 9, 37], [29, 3, 26], [35, 14, 56], [2, 42, 20, 4], [10, 28, 16], [34, 13, 21], [6, 47, 39, 15, 7, 33, 17, 8, 31, 48, 36, 12, 24, 30, 32, 25, 38, 41, 43, 44, 52, 55, 54, 59, 46, 50, 51, 45, 58, 49, 57]]
84: [[23, 1, 22], [11, 18, 5], [40, 53, 19], [60, 27, 9], [37, 29, 3], [26, 35, 14], [56, 2, 42], [20, 4, 10], [28, 16, 34], [13, 21, 6], [47, 39, 15], [7, 33, 17, 8], [31, 48, 36], [12, 24], [30, 32, 25, 38, 41, 43, 44, 52, 55, 54, 59, 46, 50, 51, 45, 58, 49, 57]]
85: [[23, 1, 22], [11, 18, 5], [40, 53, 19], [60, 27], [9, 37, 29, 3, 26, 35, 14, 56, 2, 42, 20, 4, 10], [28, 16, 34, 13, 21, 6, 47, 39, 15, 7, 33, 17, 8, 31, 48, 36, 12, 24, 30, 32, 25, 38, 41, 43, 44, 52, 55, 54, 59, 46, 50, 51, 45, 58, 49, 57]]
86: [[23, 1, 22], [11, 18, 5], [40, 53, 19], [60, 27, 9, 37], [29, 3, 26], [35, 14], [56, 2, 42], [20, 4, 10], [28, 16, 34], [13, 21, 6], [47, 39, 15], [7, 33, 17], [8, 31, 48], [36, 12, 24], [30, 32, 25], [38, 41], [43, 44, 52, 55, 54, 59, 46, 50, 51, 45, 58, 49, 57]]
87: [[23, 1], [22, 11, 18, 5], [40, 53], [19, 60], [27, 9, 37, 29, 3, 26, 35, 14, 56, 2, 42, 20, 4], [10, 28, 16, 34, 13, 21, 6, 47, 39, 15, 7, 33, 17, 8, 31, 48, 36, 12, 24, 30, 32, 25, 38, 41, 43, 44, 52, 55, 54, 59, 46, 50, 51, 45, 58, 49, 57]]
88: [[23, 1, 22], [11, 18, 5], [40, 53, 19], [60, 27, 9], [37, 29, 3], [26, 35], [14, 56, 2, 42, 20, 4, 10, 28, 16, 34, 13, 21, 6, 47, 39, 15], [7, 33, 17, 8, 31, 48, 36, 12, 24, 30, 32, 25, 38, 41, 43, 44, 52, 55, 54, 59, 46, 50, 51, 45, 58, 49, 57]]
89: [[23, 1, 22], [11, 18, 5], [40, 53, 19], [60, 27, 9], [37, 29, 3], [26, 35, 14], [56, 2, 42], [20, 4, 10], [28, 16, 34], [13, 21, 6], [47, 39, 15, 7], [33, 17, 8], [31, 48], [36, 12, 24, 30, 32, 25, 38, 41, 43, 44, 52, 55, 54, 59, 46, 50, 51, 45, 58, 49, 57]]
90: [[23, 1, 22], [11, 18, 5], [40, 53, 19], [60, 27, 9], [37, 29, 3], [26, 35, 14], [56, 2], [42, 20, 4], [10, 28, 16], [34, 13], [21, 6, 47], [39, 15, 7], [33, 17, 8], [31, 48, 36], [12, 24], [30, 32], [25, 38, 41], [43, 44], [52, 55], [54, 59, 46, 50, 51, 45, 58, 49, 57]]
91: [[23, 1, 22], [11, 18, 5], [40, 53], [19, 60], [27, 9, 37], [29, 3, 26, 35, 14, 56, 2, 42, 20, 4, 10, 28, 16, 34, 13, 21, 6, 47, 39, 15, 7, 33, 17, 8, 31, 48, 36, 12, 24, 30, 32, 25, 38, 41, 43, 44, 52, 55, 54, 59, 46, 50, 51, 45, 58, 49, 57]]
92: [[23, 1, 22], [11, 18, 5], [40, 53, 19], [60, 27, 9], [37, 29, 3], [26, 35, 14], [56, 2, 42], [20, 4, 10], [28, 16, 34], [13, 21, 6], [47, 39, 15], [7, 33], [17, 8, 31, 48, 36, 12, 24, 30, 32, 25, 38, 41, 43, 44, 52, 55, 54, 59, 46, 50, 51, 45, 58, 49, 57]]
93: [[23, 1, 22], [11, 18, 5], [40, 53, 19], [60, 27, 9], [37, 29], [3, 26, 35], [14, 56], [2, 42], [20, 4, 10, 28], [16, 34], [13, 21, 6, 47], [39, 15, 7, 33], [17, 8], [31, 48], [36, 12, 24, 30], [32, 25, 38], [41, 43, 44, 52, 55, 54, 59, 46, 50, 51, 45, 58, 49, 57]]
94: [[23, 1, 22], [11, 18, 5], [40, 53, 19], [60, 27, 9], [37, 29], [3, 26, 35], [14, 56, 2], [42, 20, 4, 10, 28, 16, 34, 13, 21, 6, 47, 39, 15, 7, 33, 17, 8, 31, 48, 36, 12, 24, 30, 32, 25, 38, 41, 43, 44, 52, 55, 54, 59, 46, 50, 51, 45, 58, 49, 57]]
95: [[23, 1], [22, 11], [18, 5, 40], [53, 19, 60], [27, 9, 37], [29, 3, 26], [35, 14, 56, 2, 42, 20], [4, 10], [28, 16, 34, 13, 21], [6, 47, 39, 15, 7, 33, 17], [8, 31, 48, 36, 12, 24, 30, 32, 25, 38, 41, 43, 44, 52, 55, 54, 59, 46, 50, 51, 45, 58, 49, 57]]
96: [[23, 1, 22], [11, 18, 5], [40, 53, 19], [60, 27], [9, 37, 29], [3, 26, 35], [14, 56, 2], [42, 20, 4], [10, 28, 16], [34, 13, 21], [6, 47, 39], [15, 7, 33], [17, 8, 31], [48, 36, 12], [24, 30, 32], [25, 38, 41], [43, 44, 52], [55, 54, 59], [46, 50, 51], [45, 58, 49, 57]]
97: [[23, 1, 22], [11, 18, 5], [40, 53], [19, 60, 27], [9, 37], [29, 3, 26], [35, 14, 56], [2, 42, 20], [4, 10, 28], [16, 34], [13, 21, 6], [47, 39], [15, 7], [33, 17, 8], [31, 48, 36], [12, 24], [30, 32, 25, 38, 41, 43, 44, 52, 55, 54, 59, 46, 50, 51, 45, 58, 49, 57]]
98: [[23, 1, 22], [11, 18, 5], [40, 53, 19], [60, 27, 9], [37, 29, 3], [26, 35, 14], [56, 2], [42, 20], [4, 10, 28], [16, 34, 13], [21, 6], [47, 39, 15, 7, 33, 17, 8, 31, 48, 36, 12, 24, 30, 32, 25, 38, 41, 43, 44, 52, 55, 54, 59, 46, 50, 51, 45, 58, 49, 57]]
99: [[23, 1, 22], [11, 18, 5], [40, 53], [19, 60, 27, 9], [37, 29, 3, 26], [35, 14, 56], [2, 42, 20], [4, 10, 28], [16], [34, 13, 21], [6, 47, 39], [15, 7], [33, 17], [8, 31, 48], [36, 12], [24, 30, 32, 25], [38, 41, 43, 44, 52, 55, 54, 59, 46, 50, 51, 45, 58, 49, 57]]
100: [[23, 1, 22], [11, 18, 5], [40, 53], [19, 60, 27], [9, 37, 29], [3, 26, 35], [14, 56, 2], [42, 20], [4, 10, 28, 16, 34, 13, 21, 6, 47, 39, 15, 7, 33, 17, 8, 31, 48, 36, 12, 24, 30, 32, 25, 38, 41, 43, 44, 52, 55, 54, 59, 46, 50, 51, 45, 58, 49, 57]]
101: [[23, 1, 22], [11, 18, 5], [40, 53], [19, 60], [27, 9, 37], [29, 3, 26], [35, 14, 56], [2, 42, 20, 4], [10, 28], [16, 34, 13, 21, 6, 47, 39, 15, 7, 33, 17, 8, 31, 48, 36, 12, 24, 30, 32, 25, 38, 41, 43, 44, 52, 55, 54, 59, 46, 50, 51, 45, 58, 49, 57]]
102: [[23, 1, 22], [11, 18], [5, 40], [53, 19], [60, 27, 9], [37, 29, 3, 26, 35, 14, 56, 2, 42, 20, 4, 10, 28, 16, 34], [13, 21, 6, 47, 39, 15, 7, 33, 17, 8, 31, 48, 36, 12, 24, 30, 32, 25, 38, 41, 43, 44, 52, 55, 54, 59, 46, 50, 51, 45, 58, 49, 57]]
103: [[23, 1, 22], [11, 18], [5, 40, 53], [19, 60, 27, 9, 37, 29, 3, 26, 35, 14, 56, 2, 42, 20, 4, 10, 28, 16, 34, 13, 21, 6, 47, 39, 15, 7, 33, 17, 8, 31, 48, 36, 12, 24, 30, 32, 25, 38, 41, 43, 44, 52, 55, 54, 59, 46, 50, 51, 45, 58, 49, 57]]
104: [[23, 1], [22, 11], [18, 5, 40], [53, 19, 60], [27, 9, 37], [29, 3, 26], [35, 14, 56], [2, 42, 20], [4, 10], [28, 16, 34], [13, 21, 6], [47, 39], [15, 7, 33, 17], [8, 31, 48, 36], [12, 24], [30, 32], [25, 38, 41], [43, 44, 52, 55], [54, 59, 46], [50, 51], [45, 58, 49], [57]]
105: [[23, 1, 22], [11, 18, 5], [40, 53, 19, 60], [27, 9, 37], [29, 3], [26, 35, 14, 56, 2, 42, 20, 4, 10, 28, 16, 34, 13, 21, 6], [47, 39, 15, 7, 33, 17, 8, 31, 48, 36, 12, 24, 30, 32, 25, 38, 41, 43, 44, 52, 55, 54, 59, 46, 50, 51, 45, 58, 49, 57]]
106: [[23, 1, 22], [11, 18, 5], [40, 53, 19, 60], [27, 9, 37], [29, 3, 26], [35, 14, 56], [2, 42], [20, 4, 10], [28, 16, 34], [13, 21, 6], [47, 39, 15], [7, 33, 17, 8], [31, 48, 36], [12, 24, 30, 32, 25, 38, 41, 43, 44, 52, 55, 54, 59, 46, 50, 51, 45, 58, 49, 57]]
107: [[23, 1, 22], [11, 18, 5], [40, 53, 19], [60, 27, 9, 37], [29, 3, 26, 35], [14, 56], [2, 42, 20], [4, 10], [28, 16, 34], [13, 21, 6], [47, 39, 15], [7, 33, 17, 8, 31, 48, 36, 12, 24, 30, 32, 25, 38, 41, 43, 44, 52, 55, 54, 59, 46, 50, 51, 45, 58, 49, 57]]
108: [[23, 1], [22, 11, 18], [5, 40, 53], [19, 60, 27], [9, 37, 29], [3, 26], [35, 14, 56], [2, 42, 20], [4, 10, 28], [16, 34, 13], [21, 6], [47, 39, 15], [7, 33, 17, 8, 31, 48], [36, 12, 24, 30, 32, 25, 38, 41, 43, 44, 52, 55, 54, 59, 46, 50, 51, 45, 58, 49, 57]]
109: [[23, 1], [22, 11, 18], [5, 40, 53], [19, 60, 27], [9, 37, 29], [3, 26, 35], [14, 56], [2, 42, 20], [4, 10, 28], [16, 34], [13, 21, 6, 47], [39, 15, 7], [33, 17], [8, 31, 48, 36, 12, 24, 30, 32, 25, 38, 41], [43, 44, 52, 55, 54, 59, 46, 50, 51, 45, 58, 49, 57]]
110: [[23, 1], [22, 11, 18], [5, 40], [53, 19], [60, 27, 9], [37, 29, 3, 26, 35, 14, 56, 2, 42, 20, 4, 10, 28, 16, 34], [13, 21, 6, 47, 39, 15, 7, 33, 17, 8, 31, 48, 36, 12, 24, 30, 32, 25, 38, 41, 43, 44, 52, 55, 54, 59, 46, 50, 51, 45, 58, 49, 57]]
111: [[23, 1, 22], [11, 18, 5], [40, 53, 19, 60], [27, 9, 37], [29, 3, 26], [35, 14], [56, 2], [42, 20, 4], [10, 28], [16, 34], [13, 21, 6], [47, 39, 15], [7, 33], [17, 8, 31, 48, 36, 12, 24, 30, 32, 25, 38, 41, 43, 44, 52, 55, 54, 59, 46, 50, 51, 45, 58, 49, 57]]
112: [[23, 1, 22], [11, 18], [5, 40, 53, 19], [60, 27, 9, 37], [29, 3, 26], [35, 14, 56], [2, 42, 20], [4, 10, 28], [16, 34, 13], [21, 6], [47, 39, 15], [7, 33], [17, 8, 31, 48, 36], [12, 24, 30, 32, 25, 38, 41, 43, 44, 52, 55, 54, 59, 46, 50, 51, 45, 58, 49, 57]]
113: [[23, 1, 22, 11], [18, 5, 40], [53, 19, 60], [27, 9, 37], [29, 3, 26], [35, 14, 56], [2, 42], [20, 4, 10], [28, 16, 34], [13, 21], [6, 47], [39, 15, 7, 33, 17, 8, 31, 48, 36, 12, 24, 30, 32, 25, 38, 41, 43, 44, 52, 55, 54, 59, 46, 50, 51, 45, 58, 49, 57]]
114: [[23, 1, 22], [11, 18, 5], [40, 53, 19], [60, 27, 9], [37, 29, 3], [26, 35], [14, 56, 2], [42, 20, 4], [10, 28, 16], [34, 13], [21, 6, 47], [39, 15], [7, 33, 17], [8, 31, 48, 36, 12, 24, 30, 32, 25, 38, 41, 43, 44, 52, 55, 54, 59, 46, 50, 51, 45, 58, 49, 57]]
115: [[23, 1, 22], [11, 18, 5], [40, 53, 19], [60, 27, 9], [37, 29], [3, 26, 35], [14, 56, 2], [42, 20], [4, 10], [28, 16], [34, 13, 21], [6, 47, 39, 15], [7, 33, 17], [8, 31, 48], [36, 12], [24, 30, 32], [25, 38, 41], [43, 44, 52], [55, 54, 59, 46, 50, 51, 45, 58, 49, 57]]
116: [[23, 1], [22, 11, 18], [5, 40], [53, 19, 60], [27, 9, 37], [29, 3, 26], [35, 14], [56, 2, 42], [20, 4, 10], [28, 16, 34], [13, 21], [6, 47, 39], [15, 7, 33], [17, 8], [31, 48, 36, 12], [24, 30, 32], [25, 38], [41, 43, 44, 52, 55, 54, 59, 46, 50, 51, 45], [58, 49, 57]]
117: [[23, 1], [22, 11, 18], [5, 40], [53, 19], [60, 27, 9], [37, 29, 3], [26, 35, 14], [56, 2, 42], [20, 4, 10], [28, 16, 34], [13, 21], [6, 47, 39], [15, 7], [33, 17, 8, 31, 48], [36, 12, 24, 30, 32, 25, 38, 41, 43], [44, 52, 55, 54, 59, 46, 50, 51, 45, 58, 49, 57]]
118: [[23, 1], [22, 11, 18], [5, 40, 53], [19, 60, 27, 9], [37, 29, 3, 26], [35, 14], [56, 2], [42, 20, 4, 10], [28, 16], [34, 13, 21, 6], [47, 39, 15, 7], [33, 17], [8, 31], [48, 36, 12], [24, 30, 32, 25, 38, 41, 43, 44, 52, 55, 54, 59, 46, 50, 51, 45, 58, 49, 57]]
119: [[23, 1], [22, 11, 18], [5, 40], [53, 19, 60], [27, 9, 37], [29, 3, 26], [35, 14, 56, 2, 42, 20, 4, 10, 28, 16, 34, 13, 21, 6, 47, 39, 15, 7, 33, 17, 8, 31, 48, 36, 12, 24, 30, 32, 25, 38, 41, 43, 44, 52, 55, 54, 59, 46, 50, 51, 45, 58, 49, 57]]
