0: [[36, 43, 17, 70, 15, 3], [5, 1, 2, 22, 12], [6, 4, 7, 9, 10, 8], [11, 13, 14, 23, 16], [50, 26, 19, 18, 20], [28, 21, 25, 24, 29, 27], [31, 30, 35, 32, 33], [54, 38, 34, 39, 37, 42], [41, 44, 40, 60, 59, 51], [61, 46, 48, 55, 52], [45, 47, 53, 57, 56, 63], [58, 49, 62, 73, 67], [64, 65, 66, 69, 68], [76, 71, 74, 72, 75, 77], [79, 78, 83, 82, 80], [85, 81, 84, 86, 87, 88]]
1: [[36, 43, 17, 70, 15, 3], [5, 1, 2, 22, 12], [6, 4, 7, 9, 10, 8], [11, 13, 14, 23, 16], [50, 26, 19, 18, 20], [28, 21, 25, 24, 29, 27], [31, 30, 35, 32, 33], [54, 38, 34, 39, 37, 42], [41, 44, 40, 60, 59, 51], [61, 46, 48, 55, 52], [45, 47, 53, 57, 56, 63], [58, 49, 62, 73, 67], [64, 65, 66, 69, 68], [76, 71, 74, 72, 75, 77], [79, 78, 83, 82, 80], [85, 81, 84, 86, 87, 88]]
2: [[36, 43, 17, 70, 15, 3], [5, 1, 2, 22, 12], [6, 4, 7, 9, 10, 8], [11, 13, 14, 23, 16], [50, 26, 19, 18, 20], [28, 21, 25, 24, 29, 27], [31, 30, 35, 32, 33], [54, 38, 34, 39, 37, 42], [41, 44, 40, 60, 59, 51], [61, 46, 48, 55, 52], [45, 47, 53, 57, 56, 63], [58, 49, 62, 73, 67], [64, 65, 66, 69, 68], [76, 71, 74, 72, 75, 77], [79, 78, 83, 82, 80], [85, 81, 84, 86, 87, 88]]
3: [[36, 43, 17, 70, 15, 3], [5, 1, 2, 22, 12], [6, 4, 7, 9, 10, 8], [11, 13, 14, 23, 16], [50, 26, 19, 18, 20], [28, 21, 25, 24, 29, 27], [31, 30, 35, 32, 33], [54, 38, 34, 39, 37, 42], [41, 44, 40, 60, 59, 51], [61, 46, 48, 55, 52], [45, 47, 53, 57, 56, 63], [58, 49, 62, 73, 67], [64, 65, 66, 69, 68], [76, 71, 74, 72, 75, 77], [79, 78, 83, 82, 80], [85, 81, 84, 86, 87, 88]]
4: [[36, 43, 17, 70, 15, 3], [5, 1, 2, 22, 12], [6, 4, 7, 9, 10, 8], [11, 13, 14, 23, 16], [50, 26, 19, 18, 20], [28, 21, 25, 24, 29, 27], [31, 30, 35, 32, 33], [54, 38, 34, 39, 37, 42], [41, 44, 40, 60, 59, 51], [61, 46, 48, 55, 52], [45, 47, 53, 57, 56, 63], [58, 49, 62, 73, 67], [64, 65, 66, 69, 68], [76, 71, 74, 72, 75, 77], [79, 78, 83, 82, 80], [85, 81, 84, 86, 87, 88]]
5: [[36, 43, 17, 70, 15, 3], [5, 1, 2, 22, 12], [6, 4, 7, 9, 10, 8], [11, 13, 14, 23, 16], [50, 26, 19, 18, 20], [28, 21, 25, 24, 29, 27], [31, 30, 35, 32, 33], [54, 38, 34, 39, 37, 42], [41, 44, 40, 60, 59, 51], [61, 46, 48, 55, 52], [45, 47, 53, 57, 56, 63], [58, 49, 62, 73, 67], [64, 65, 66, 69, 68], [76, 71, 74, 72, 75, 77], [79, 78, 83, 82, 80], [85, 81, 84, 86, 87, 88]]
6: [[36, 43, 17, 70, 15, 3], [5, 1, 2, 22, 12], [6, 4, 7, 9, 10, 8], [11, 13, 14, 23, 16], [50, 26, 19, 18, 20], [28, 21, 25, 24, 29, 27], [31, 30, 35, 32, 33], [54, 38, 34, 39, 37, 42], [41, 44, 40, 60, 59, 51], [61, 46, 48, 55, 52], [45, 47, 53, 57, 56, 63], [58, 49, 62, 73, 67], [64, 65, 66, 69, 68], [76, 71, 74, 72, 75, 77], [79, 78, 83, 82, 80], [85, 81, 84, 86, 87, 88]]
7: [[36, 43, 17, 70, 15, 3], [5, 1, 2, 22, 12], [6, 4, 7, 9, 10, 8], [11, 13, 14, 23, 16], [50, 26, 19, 18, 20], [28, 21, 25, 24, 29, 27], [31, 30, 35, 32, 33], [54, 38, 34, 39, 37, 42], [41, 44, 40, 60, 59, 51], [61, 46, 48, 55, 52], [45, 47, 53, 57, 56, 63], [58, 49, 62, 73, 67], [64, 65, 66, 69, 68], [76, 71, 74, 72, 75, 77], [79, 78, 83, 82, 80], [85, 81, 84, 86, 87, 88]]
8: [[36, 43, 17, 70, 15, 3], [5, 1, 2, 22, 12], [6, 4, 7, 9, 10, 8], [11, 13, 14, 23, 16], [50, 26, 19, 18, 20], [28, 21, 25, 24, 29, 27], [31, 30, 35, 32, 33], [54, 38, 34, 39, 37, 42], [41, 44, 40, 60, 59, 51], [61, 46, 48, 55, 52], [45, 47, 53, 57, 56, 63], [58, 49, 62, 73, 67], [64, 65, 66, 69, 68], [76, 71, 74, 72, 75, 77], [79, 78, 83, 82, 80], [85, 81, 84, 86, 87, 88]]
9: [[36, 43, 17, 70, 15, 3], [5, 1, 2, 22, 12], [6, 4, 7, 9, 10, 8], [11, 13, 14, 23, 16], [50, 26, 19, 18, 20], [28, 21, 25, 24, 29, 27], [31, 30, 35, 32, 33], [54, 38, 34, 39, 37, 42], [41, 44, 40, 60, 59, 51], [61, 46, 48, 55, 52], [45, 47, 53, 57, 56, 63], [58, 49, 62, 73, 67], [64, 65, 66, 69, 68], [76, 71, 74, 72, 75, 77], [79, 78, 83, 82, 80], [85, 81, 84, 86, 87, 88]]
10: [[36, 43, 17, 70, 15, 3], [5, 1, 2, 22, 12], [6, 4, 7, 9, 10, 8], [11, 13, 14, 23, 16], [50, 26, 19, 18, 20], [28, 21, 25, 24, 29, 27], [31, 30, 35, 32, 33], [54, 38, 34, 39, 37, 42], [41, 44, 40, 60, 59, 51], [61, 46, 48, 55, 52], [45, 47, 53, 57, 56, 63], [58, 49, 62, 73, 67], [64, 65, 66, 69, 68], [76, 71, 74, 72, 75, 77], [79, 78, 83, 82, 80], [85, 81, 84, 86, 87, 88]]
11: [[36, 43, 17, 70, 15, 3], [5, 1, 2, 22, 12], [6, 4, 7, 9, 10, 8], [11, 13, 14, 23, 16], [50, 26, 19, 18, 20], [28, 21, 25, 24, 29, 27], [31, 30, 35, 32, 33], [54, 38, 34, 39, 37, 42], [41, 44, 40, 60, 59, 51], [61, 46, 48, 55, 52], [45, 47, 53, 57, 56, 63], [58, 49, 62, 73, 67], [64, 65, 66, 69, 68], [76, 71, 74, 72, 75, 77], [79, 78, 83, 82, 80], [85, 81, 84, 86, 87, 88]]
12: [[36, 43, 17, 70, 15, 3], [5, 1, 2, 22, 12], [6, 4, 7, 9, 10, 8], [11, 13, 14, 23, 16], [50, 26, 19, 18, 20], [28, 21, 25, 24, 29, 27], [31, 30, 35, 32, 33], [54, 38, 34, 39, 37, 42], [41, 44, 40, 60, 59, 51], [61, 46, 48, 55, 52], [45, 47, 53, 57, 56, 63], [58, 49, 62, 73, 67], [64, 65, 66, 69, 68], [76, 71, 74, 72, 75, 77], [79, 78, 83, 82, 80], [85, 81, 84, 86, 87, 88]]
13: [[36, 43, 17, 70, 15, 3], [5, 1, 2, 22, 12], [6, 4, 7, 9, 10, 8], [11, 13, 14, 23, 16], [50, 26, 19, 18, 20], [28, 21, 25, 24, 29, 27], [31, 30, 35, 32, 33], [54, 38, 34, 39, 37, 42], [41, 44, 40, 60, 59, 51], [61, 46, 48, 55, 52], [45, 47, 53, 57, 56, 63], [58, 49, 62, 73, 67], [64, 65, 66, 69, 68], [76, 71, 74, 72, 75, 77], [79, 78, 83, 82, 80], [85, 81, 84, 86, 87, 88]]
14: [[36, 43, 17, 70, 15, 3], [5, 1, 2, 22, 12], [6, 4, 7, 9, 10, 8], [11, 13, 14, 23, 16], [50, 26, 19, 18, 20], [28, 21, 25, 24, 29, 27], [31, 30, 35, 32, 33], [54, 38, 34, 39, 37, 42], [41, 44, 40, 60, 59, 51], [61, 46, 48, 55, 52], [45, 47, 53, 57, 56, 63], [58, 49, 62, 73, 67], [64, 65, 66, 69, 68], [76, 71, 74, 72, 75, 77], [79, 78, 83, 82, 80], [85, 81, 84, 86, 87, 88]]
15: [[36, 43, 17, 70, 15, 3], [5, 1, 2, 22, 12], [6, 4, 7, 9, 10, 8], [11, 13, 14, 23, 16], [50, 26, 19, 18, 20], [28, 21, 25, 24, 29, 27], [31, 30, 35, 32, 33], [54, 38, 34, 39, 37, 42], [41, 44, 40, 60, 59, 51], [61, 46, 48, 55, 52], [45, 47, 53, 57, 56, 63], [58, 49, 62, 73, 67], [64, 65, 66, 69, 68], [76, 71, 74, 72, 75, 77], [79, 78, 83, 82, 80], [85, 81, 84, 86, 87, 88]]
16: [[36, 43, 17, 70, 15, 3], [5, 1, 2, 22, 12], [6, 4, 7, 9, 10, 8], [11, 13, 14, 23, 16], [50, 26, 19, 18, 20], [28, 21, 25, 24, 29, 27], [31, 30, 35, 32, 33], [54, 38, 34, 39, 37, 42], [41, 44, 40, 60, 59, 51], [61, 46, 48, 55, 52], [45, 47, 53, 57, 56, 63], [58, 49, 62, 73, 67], [64, 65, 66, 69, 68], [76, 71, 74, 72, 75, 77], [79, 78, 83, 82, 80], [85, 81, 84, 86, 87, 88]]
17: [[36, 43, 17, 70, 15, 3], [5, 1, 2, 22, 12], [6, 4, 7, 9, 10, 8], [11, 13, 14, 23, 16], [50, 26, 19, 18, 20], [28, 21, 25, 24, 29, 27], [31, 30, 35, 32, 33], [54, 38, 34, 39, 37, 42], [41, 44, 40, 60, 59, 51], [61, 46, 48, 55, 52], [45, 47, 53, 57, 56, 63], [58, 49, 62, 73, 67], [64, 65, 66, 69, 68], [76, 71, 74, 72, 75, 77], [79, 78, 83, 82, 80], [85, 81, 84, 86, 87, 88]]
18: [[36, 43, 17, 70, 15, 3], [5, 1, 2, 22, 12], [6, 4, 7, 9, 10, 8], [11, 13, 14, 23, 16], [50, 26, 19, 18, 20], [28, 21, 25, 24, 29, 27], [31, 30, 35, 32, 33], [54, 38, 34, 39, 37, 42], [41, 44, 40, 60, 59, 51], [61, 46, 48, 55, 52], [45, 47, 53, 57, 56, 63], [58, 49, 62, 73, 67], [64, 65, 66, 69, 68], [76, 71, 74, 72, 75, 77], [79, 78, 83, 82, 80], [85, 81, 84, 86, 87, 88]]
19: [[36, 43, 17, 70, 15, 3], [5, 1, 2, 22, 12], [6, 4, 7, 9, 10, 8], [11, 13, 14, 23, 16], [50, 26, 19, 18, 20], [28, 21, 25, 24, 29, 27], [31, 30, 35, 32, 33], [54, 38, 34, 39, 37, 42], [41, 44, 40, 60, 59, 51], [61, 46, 48, 55, 52], [45, 47, 53, 57, 56, 63], [58, 49, 62, 73, 67], [64, 65, 66, 69, 68], [76, 71, 74, 72, 75, 77], [79, 78, 83, 82, 80], [85, 81, 84, 86, 87, 88]]
20: [[36, 43, 17, 70, 15, 3], [5, 1, 2, 22, 12], [6, 4, 7, 9, 10, 8], [11, 13, 14, 23, 16], [50, 26, 19, 18, 20], [28, 21, 25, 24, 29, 27], [31, 30, 35, 32, 33], [54, 38, 34, 39, 37, 42], [41, 44, 40, 60, 59, 51], [61, 46, 48, 55, 52], [45, 47, 53, 57, 56, 63], [58, 49, 62, 73, 67], [64, 65, 66, 69, 68], [76, 71, 74, 72, 75, 77], [79, 78, 83, 82, 80], [85, 81, 84, 86, 87, 88]]
21: [[36, 43, 17, 70, 15, 3], [5, 1, 2, 22, 12], [6, 4, 7, 9, 10, 8], [11, 13, 14, 23, 16], [50, 26, 19, 18, 20], [28, 21, 25, 24, 29, 27], [31, 30, 35, 32, 33], [54, 38, 34, 39, 37, 42], [41, 44, 40, 60, 59, 51], [61, 46, 48, 55, 52], [45, 47, 53, 57, 56, 63], [58, 49, 62, 73, 67], [64, 65, 66, 69, 68], [76, 71, 74, 72, 75, 77], [79, 78, 83, 82, 80], [85, 81, 84, 86, 87, 88]]
22: [[36, 43, 17, 70, 15, 3], [5, 1, 2, 22, 12], [6, 4, 7, 9, 10, 8], [11, 13, 14, 23, 16], [50, 26, 19, 18, 20], [28, 21, 25, 24, 29, 27], [31, 30, 35, 32, 33], [54, 38, 34, 39, 37, 42], [41, 44, 40, 60, 59, 51], [61, 46, 48, 55, 52], [45, 47, 53, 57, 56, 63], [58, 49, 62, 73, 67], [64, 65, 66, 69, 68], [76, 71, 74, 72, 75, 77], [79, 78, 83, 82, 80], [85, 81, 84, 86, 87, 88]]
23: [[36, 43, 17, 70, 15, 3], [5, 1, 2, 22, 12], [6, 4, 7, 9, 10, 8], [11, 13, 14, 23, 16], [50, 26, 19, 18, 20], [28, 21, 25, 24, 29, 27], [31, 30, 35, 32, 33], [54, 38, 34, 39, 37, 42], [41, 44, 40, 60, 59, 51], [61, 46, 48, 55, 52], [45, 47, 53, 57, 56, 63], [58, 49, 62, 73, 67], [64, 65, 66, 69, 68], [76, 71, 74, 72, 75, 77], [79, 78, 83, 82, 80], [85, 81, 84, 86, 87, 88]]
24: [[36, 43, 17, 70, 15, 3], [5, 1, 2, 22, 12], [6, 4, 7, 9, 10, 8], [11, 13, 14, 23, 16], [50, 26, 19, 18, 20], [28, 21, 25, 24, 29, 27], [31, 30, 35, 32, 33], [54, 38, 34, 39, 37, 42], [41, 44, 40, 60, 59, 51], [61, 46, 48, 55, 52], [45, 47, 53, 57, 56, 63], [58, 49, 62, 73, 67], [64, 65, 66, 69, 68], [76, 71, 74, 72, 75, 77], [79, 78, 83, 82, 80], [85, 81, 84, 86, 87, 88]]
25: [[36, 43, 17, 70, 15, 3], [5, 1, 2, 22, 12], [6, 4, 7, 9, 10, 8], [11, 13, 14, 23, 16], [50, 26, 19, 18, 20], [28, 21, 25, 24, 29, 27], [31, 30, 35, 32, 33], [54, 38, 34, 39, 37, 42], [41, 44, 40, 60, 59, 51], [61, 46, 48, 55, 52], [45, 47, 53, 57, 56, 63], [58, 49, 62, 73, 67], [64, 65, 66, 69, 68], [76, 71, 74, 72, 75, 77], [79, 78, 83, 82, 80], [85, 81, 84, 86, 87, 88]]
26: [[36, 43, 17, 70, 15, 3], [5, 1, 2, 22, 12], [6, 4, 7, 9, 10, 8], [11, 13, 14, 23, 16], [50, 26, 19, 18, 20], [28, 21, 25, 24, 29, 27], [31, 30, 35, 32, 33], [54, 38, 34, 39, 37, 42], [41, 44, 40, 60, 59, 51], [61, 46, 48, 55, 52], [45, 47, 53, 57, 56, 63], [58, 49, 62, 73, 67], [64, 65, 66, 69, 68], [76, 71, 74, 72, 75, 77], [79, 78, 83, 82, 80], [85, 81, 84, 86, 87, 88]]
27: [[36, 43, 17, 70, 15, 3], [5, 1, 2, 22, 12], [6, 4, 7, 9, 10, 8], [11, 13, 14, 23, 16], [50, 26, 19, 18, 20], [28, 21, 25, 24, 29, 27], [31, 30, 35, 32, 33], [54, 38, 34, 39, 37, 42], [41, 44, 40, 60, 59, 51], [61, 46, 48, 55, 52], [45, 47, 53, 57, 56, 63], [58, 49, 62, 73, 67], [64, 65, 66, 69, 68], [76, 71, 74, 72, 75, 77], [79, 78, 83, 82, 80], [85, 81, 84, 86, 87, 88]]
28: [[36, 43, 17, 70, 15, 3], [5, 1, 2, 22, 12], [6, 4, 7, 9, 10, 8], [11, 13, 14, 23, 16], [50, 26, 19, 18, 20], [28, 21, 25, 24, 29, 27], [31, 30, 35, 32, 33], [54, 38, 34, 39, 37, 42], [41, 44, 40, 60, 59, 51], [61, 46, 48, 55, 52], [45, 47, 53, 57, 56, 63], [58, 49, 62, 73, 67], [64, 65, 66, 69, 68], [76, 71, 74, 72, 75, 77], [79, 78, 83, 82, 80], [85, 81, 84, 86, 87, 88]]
29: [[36, 43, 17, 70, 15, 3], [5, 1, 2, 22, 12], [6, 4, 7, 9, 10, 8], [11, 13, 14, 23, 16], [50, 26, 19, 18, 20], [28, 21, 25, 24, 29, 27], [31, 30, 35, 32, 33], [54, 38, 34, 39, 37, 42], [41, 44, 40, 60, 59, 51], [61, 46, 48, 55, 52], [45, 47, 53, 57, 56, 63], [58, 49, 62, 73, 67], [64, 65, 66, 69, 68], [76, 71, 74, 72, 75, 77], [79, 78, 83, 82, 80], [85, 81, 84, 86, 87, 88]]
30: [[36, 43, 17, 70, 15, 3], [5, 1, 2, 22, 12], [6, 4, 7, 9, 10, 8], [11, 13, 14, 23, 16], [50, 26, 19, 18, 20], [28, 21, 25, 24, 29, 27], [31, 30, 35, 32, 33], [54, 38, 34, 39, 37, 42], [41, 44, 40, 60, 59, 51], [61, 46, 48, 55, 52], [45, 47, 53, 57, 56, 63], [58, 49, 62, 73, 67], [64, 65, 66, 69, 68], [76, 71, 74, 72, 75, 77], [79, 78, 83, 82, 80], [85, 81, 84, 86, 87, 88]]
31: [[36, 43, 17, 70, 15, 3], [5, 1, 2, 22, 12], [6, 4, 7, 9, 10, 8], [11, 13, 14, 23, 16], [50, 26, 19, 18, 20], [28, 21, 25, 24, 29, 27], [31, 30, 35, 32, 33], [54, 38, 34, 39, 37, 42], [41, 44, 40, 60, 59, 51], [61, 46, 48, 55, 52], [45, 47, 53, 57, 56, 63], [58, 49, 62, 73, 67], [64, 65, 66, 69, 68], [76, 71, 74, 72, 75, 77], [79, 78, 83, 82, 80], [85, 81, 84, 86, 87, 88]]
32: [[36, 43, 17, 70, 15, 3], [5, 1, 2, 22, 12], [6, 4, 7, 9, 10, 8], [11, 13, 14, 23, 16], [50, 26, 19, 18, 20], [28, 21, 25, 24, 29, 27], [31, 30, 35, 32, 33], [54, 38, 34, 39, 37, 42], [41, 44, 40, 60, 59, 51], [61, 46, 48, 55, 52], [45, 47, 53, 57, 56, 63], [58, 49, 62, 73, 67], [64, 65, 66, 69, 68], [76, 71, 74, 72, 75, 77], [79, 78, 83, 82, 80], [85, 81, 84, 86, 87, 88]]
33: [[36, 43, 17, 70, 15, 3], [5, 1, 2, 22, 12], [6, 4, 7, 9, 10, 8], [11, 13, 14, 23, 16], [50, 26, 19, 18, 20], [28, 21, 25, 24, 29, 27], [31, 30, 35, 32, 33], [54, 38, 34, 39, 37, 42], [41, 44, 40, 60, 59, 51], [61, 46, 48, 55, 52], [45, 47, 53, 57, 56, 63], [58, 49, 62, 73, 67], [64, 65, 66, 69, 68], [76, 71, 74, 72, 75, 77], [79, 78, 83, 82, 80], [85, 81, 84, 86, 87, 88]]
34: [[36, 43, 17, 70, 15, 3], [5, 1, 2, 22, 12], [6, 4, 7, 9, 10, 8], [11, 13, 14, 23, 16], [50, 26, 19, 18, 20], [28, 21, 25, 24, 29, 27], [31, 30, 35, 32, 33], [54, 38, 34, 39, 37, 42], [41, 44, 40, 60, 59, 51], [61, 46, 48, 55, 52], [45, 47, 53, 57, 56, 63], [58, 49, 62, 73, 67], [64, 65, 66, 69, 68], [76, 71, 74, 72, 75, 77], [79, 78, 83, 82, 80], [85, 81, 84, 86, 87, 88]]
35: [[36, 43, 17, 70, 15, 3], [5, 1, 2, 22, 12], [6, 4, 7, 9, 10, 8], [11, 13, 14, 23, 16], [50, 26, 19, 18, 20], [28, 21, 25, 24, 29, 27], [31, 30, 35, 32, 33], [54, 38, 34, 39, 37, 42], [41, 44, 40, 60, 59, 51], [61, 46, 48, 55, 52], [45, 47, 53, 57, 56, 63], [58, 49, 62, 73, 67], [64, 65, 66, 69, 68], [76, 71, 74, 72, 75, 77], [79, 78, 83, 82, 80], [85, 81, 84, 86, 87, 88]]
36: [[36, 43, 17, 70, 15, 3], [5, 1, 2, 22, 12], [6, 4, 7, 9, 10, 8], [11, 13, 14, 23, 16], [50, 26, 19, 18, 20], [28, 21, 25, 24, 29, 27], [31, 30, 35, 32, 33], [54, 38, 34, 39, 37, 42], [41, 44, 40, 60, 59, 51], [61, 46, 48, 55, 52], [45, 47, 53, 57, 56, 63], [58, 49, 62, 73, 67], [64, 65, 66, 69, 68], [76, 71, 74, 72, 75, 77], [79, 78, 83, 82, 80], [85, 81, 84, 86, 87, 88]]
37: [[36, 43, 17, 70, 15, 3], [5, 1, 2, 22, 12], [6, 4, 7, 9, 10, 8], [11, 13, 14, 23, 16], [50, 26, 19, 18, 20], [28, 21, 25, 24, 29, 27], [31, 30, 35, 32, 33], [54, 38, 34, 39, 37, 42], [41, 44, 40, 60, 59, 51], [61, 46, 48, 55, 52], [45, 47, 53, 57, 56, 63], [58, 49, 62, 73, 67], [64, 65, 66, 69, 68], [76, 71, 74, 72, 75, 77], [79, 78, 83, 82, 80], [85, 81, 84, 86, 87, 88]]
38: [[36, 43, 17, 70, 15, 3], [5, 1, 2, 22, 12], [6, 4, 7, 9, 10, 8], [11, 13, 14, 23, 16], [50, 26, 19, 18, 20], [28, 21, 25, 24, 29, 27], [31, 30, 35, 32, 33], [54, 38, 34, 39, 37, 42], [41, 44, 40, 60, 59, 51], [61, 46, 48, 55, 52], [45, 47, 53, 57, 56, 63], [58, 49, 62, 73, 67], [64, 65, 66, 69, 68], [76, 71, 74, 72, 75, 77], [79, 78, 83, 82, 80], [85, 81, 84, 86, 87, 88]]
39: [[36, 43, 17, 70, 15, 3], [5, 1, 2, 22, 12], [6, 4, 7, 9, 10, 8], [11, 13, 14, 23, 16], [50, 26, 19, 18, 20], [28, 21, 25, 24, 29, 27], [31, 30, 35, 32, 33], [54, 38, 34, 39, 37, 42], [41, 44, 40, 60, 59, 51], [61, 46, 48, 55, 52], [45, 47, 53, 57, 56, 63], [58, 49, 62, 73, 67], [64, 65, 66, 69, 68], [76, 71, 74, 72, 75, 77], [79, 78, 83, 82, 80], [85, 81, 84, 86, 87, 88]]
40: [[36, 43, 17, 70, 15, 3], [5, 1, 2, 22, 12], [6, 4, 7, 9, 10, 8], [11, 13, 14, 23, 16], [50, 26, 19, 18, 20], [28, 21, 25, 24, 29, 27], [31, 30, 35, 32, 33], [54, 38, 34, 39, 37, 42], [41, 44, 40, 60, 59, 51], [61, 46, 48, 55, 52], [45, 47, 53, 57, 56, 63], [58, 49, 62, 73, 67], [64, 65, 66, 69, 68], [76, 71, 74, 72, 75, 77], [79, 78, 83, 82, 80], [85, 81, 84, 86, 87, 88]]
41: [[36, 43, 17, 70, 15, 3], [5, 1, 2, 22, 12], [6, 4, 7, 9, 10, 8], [11, 13, 14, 23, 16], [50, 26, 19, 18, 20], [28, 21, 25, 24, 29, 27], [31, 30, 35, 32, 33], [54, 38, 34, 39, 37, 42], [41, 44, 40, 60, 59, 51], [61, 46, 48, 55, 52], [45, 47, 53, 57, 56, 63], [58, 49, 62, 73, 67], [64, 65, 66, 69, 68], [76, 71, 74, 72, 75, 77], [79, 78, 83, 82, 80], [85, 81, 84, 86, 87, 88]]
42: [[36, 43, 17, 70, 15, 3], [5, 1, 2, 22, 12], [6, 4, 7, 9, 10, 8], [11, 13, 14, 23, 16], [50, 26, 19, 18, 20], [28, 21, 25, 24, 29, 27], [31, 30, 35, 32, 33], [54, 38, 34, 39, 37, 42], [41, 44, 40, 60, 59, 51], [61, 46, 48, 55, 52], [45, 47, 53, 57, 56, 63], [58, 49, 62, 73, 67], [64, 65, 66, 69, 68], [76, 71, 74, 72, 75, 77], [79, 78, 83, 82, 80], [85, 81, 84, 86, 87, 88]]
43: [[36, 43, 17, 70, 15, 3], [5, 1, 2, 22, 12], [6, 4, 7, 9, 10, 8], [11, 13, 14, 23, 16], [50, 26, 19, 18, 20], [28, 21, 25, 24, 29, 27], [31, 30, 35, 32, 33], [54, 38, 34, 39, 37, 42], [41, 44, 40, 60, 59, 51], [61, 46, 48, 55, 52], [45, 47, 53, 57, 56, 63], [58, 49, 62, 73, 67], [64, 65, 66, 69, 68], [76, 71, 74, 72, 75, 77], [79, 78, 83, 82, 80], [85, 81, 84, 86, 87, 88]]
44: [[36, 43, 17, 70, 15, 3], [5, 1, 2, 22, 12], [6, 4, 7, 9, 10, 8], [11, 13, 14, 23, 16], [50, 26, 19, 18, 20], [28, 21, 25, 24, 29, 27], [31, 30, 35, 32, 33], [54, 38, 34, 39, 37, 42], [41, 44, 40, 60, 59, 51], [61, 46, 48, 55, 52], [45, 47, 53, 57, 56, 63], [58, 49, 62, 73, 67], [64, 65, 66, 69, 68], [76, 71, 74, 72, 75, 77], [79, 78, 83, 82, 80], [85, 81, 84, 86, 87, 88]]
45: [[36, 43, 17, 70, 15, 3], [5, 1, 2, 22, 12], [6, 4, 7, 9, 10, 8], [11, 13, 14, 23, 16], [50, 26, 19, 18, 20], [28, 21, 25, 24, 29, 27], [31, 30, 35, 32, 33], [54, 38, 34, 39, 37, 42], [41, 44, 40, 60, 59, 51], [61, 46, 48, 55, 52], [45, 47, 53, 57, 56, 63], [58, 49, 62, 73, 67], [64, 65, 66, 69, 68], [76, 71, 74, 72, 75, 77], [79, 78, 83, 82, 80], [85, 81, 84, 86, 87, 88]]
46: [[36, 43, 17, 70, 15, 3], [5, 1, 2, 22, 12], [6, 4, 7, 9, 10, 8], [11, 13, 14, 23, 16], [50, 26, 19, 18, 20], [28, 21, 25, 24, 29, 27], [31, 30, 35, 32, 33], [54, 38, 34, 39, 37, 42], [41, 44, 40, 60, 59, 51], [61, 46, 48, 55, 52], [45, 47, 53, 57, 56, 63], [58, 49, 62, 73, 67], [64, 65, 66, 69, 68], [76, 71, 74, 72, 75, 77], [79, 78, 83, 82, 80], [85, 81, 84, 86, 87, 88]]
47: [[36, 43, 17, 70, 15, 3], [5, 1, 2, 22, 12], [6, 4, 7, 9, 10, 8], [11, 13, 14, 23, 16], [50, 26, 19, 18, 20], [28, 21, 25, 24, 29, 27], [31, 30, 35, 32, 33], [54, 38, 34, 39, 37, 42], [41, 44, 40, 60, 59, 51], [61, 46, 48, 55, 52], [45, 47, 53, 57, 56, 63], [58, 49, 62, 73, 67], [64, 65, 66, 69, 68], [76, 71, 74, 72, 75, 77], [79, 78, 83, 82, 80], [85, 81, 84, 86, 87, 88]]
48: [[36, 43, 17, 70, 15, 3], [5, 1, 2, 22, 12], [6, 4, 7, 9, 10, 8], [11, 13, 14, 23, 16], [50, 26, 19, 18, 20], [28, 21, 25, 24, 29, 27], [31, 30, 35, 32, 33], [54, 38, 34, 39, 37, 42], [41, 44, 40, 60, 59, 51], [61, 46, 48, 55, 52], [45, 47, 53, 57, 56, 63], [58, 49, 62, 73, 67], [64, 65, 66, 69, 68], [76, 71, 74, 72, 75, 77], [79, 78, 83, 82, 80], [85, 81, 84, 86, 87, 88]]
49: [[36, 43, 17, 70, 15, 3], [5, 1, 2, 22, 12], [6, 4, 7, 9, 10, 8], [11, 13, 14, 23, 16], [50, 26, 19, 18, 20], [28, 21, 25, 24, 29, 27], [31, 30, 35, 32, 33], [54, 38, 34, 39, 37, 42], [41, 44, 40, 60, 59, 51], [61, 46, 48, 55, 52], [45, 47, 53, 57, 56, 63], [58, 49, 62, 73, 67], [64, 65, 66, 69, 68], [76, 71, 74, 72, 75, 77], [79, 78, 83, 82, 80], [85, 81, 84, 86, 87, 88]]
50: [[36, 43, 17, 70, 15, 3], [5, 1, 2, 22, 12], [6, 4, 7, 9, 10, 8], [11, 13, 14, 23, 16], [50, 26, 19, 18, 20], [28, 21, 25, 24, 29, 27], [31, 30, 35, 32, 33], [54, 38, 34, 39, 37, 42], [41, 44, 40, 60, 59, 51], [61, 46, 48, 55, 52], [45, 47, 53, 57, 56, 63], [58, 49, 62, 73, 67], [64, 65, 66, 69, 68], [76, 71, 74, 72, 75, 77], [79, 78, 83, 82, 80], [85, 81, 84, 86, 87, 88]]
51: [[36, 43, 17, 70, 15, 3], [5, 1, 2, 22, 12], [6, 4, 7, 9, 10, 8], [11, 13, 14, 23, 16], [50, 26, 19, 18, 20], [28, 21, 25, 24, 29, 27], [31, 30, 35, 32, 33], [54, 38, 34, 39, 37, 42], [41, 44, 40, 60, 59, 51], [61, 46, 48, 55, 52], [45, 47, 53, 57, 56, 63], [58, 49, 62, 73, 67], [64, 65, 66, 69, 68], [76, 71, 74, 72, 75, 77], [79, 78, 83, 82, 80], [85, 81, 84, 86, 87, 88]]
52: [[36, 43, 17, 70, 15, 3], [5, 1, 2, 22, 12], [6, 4, 7, 9, 10, 8], [11, 13, 14, 23, 16], [50, 26, 19, 18, 20], [28, 21, 25, 24, 29, 27], [31, 30, 35, 32, 33], [54, 38, 34, 39, 37, 42], [41, 44, 40, 60, 59, 51], [61, 46, 48, 55, 52], [45, 47, 53, 57, 56, 63], [58, 49, 62, 73, 67], [64, 65, 66, 69, 68], [76, 71, 74, 72, 75, 77], [79, 78, 83, 82, 80], [85, 81, 84, 86, 87, 88]]
53: [[36, 43, 17, 70, 15, 3], [5, 1, 2, 22, 12], [6, 4, 7, 9, 10, 8], [11, 13, 14, 23, 16], [50, 26, 19, 18, 20], [28, 21, 25, 24, 29, 27], [31, 30, 35, 32, 33], [54, 38, 34, 39, 37, 42], [41, 44, 40, 60, 59, 51], [61, 46, 48, 55, 52], [45, 47, 53, 57, 56, 63], [58, 49, 62, 73, 67], [64, 65, 66, 69, 68], [76, 71, 74, 72, 75, 77], [79, 78, 83, 82, 80], [85, 81, 84, 86, 87, 88]]
54: [[36, 43, 17, 70, 15, 3], [5, 1, 2, 22, 12], [6, 4, 7, 9, 10, 8], [11, 13, 14, 23, 16], [50, 26, 19, 18, 20], [28, 21, 25, 24, 29, 27], [31, 30, 35, 32, 33], [54, 38, 34, 39, 37, 42], [41, 44, 40, 60, 59, 51], [61, 46, 48, 55, 52], [45, 47, 53, 57, 56, 63], [58, 49, 62, 73, 67], [64, 65, 66, 69, 68], [76, 71, 74, 72, 75, 77], [79, 78, 83, 82, 80], [85, 81, 84, 86, 87, 88]]
55: [[36, 43, 17, 70, 15, 3], [5, 1, 2, 22, 12], [6, 4, 7, 9, 10, 8], [11, 13, 14, 23, 16], [50, 26, 19, 18, 20], [28, 21, 25, 24, 29, 27], [31, 30, 35, 32, 33], [54, 38, 34, 39, 37, 42], [41, 44, 40, 60, 59, 51], [61, 46, 48, 55, 52], [45, 47, 53, 57, 56, 63], [58, 49, 62, 73, 67], [64, 65, 66, 69, 68], [76, 71, 74, 72, 75, 77], [79, 78, 83, 82, 80], [85, 81, 84, 86, 87, 88]]
56: [[36, 43, 17, 70, 15, 3], [5, 1, 2, 22, 12], [6, 4, 7, 9, 10, 8], [11, 13, 14, 23, 16], [50, 26, 19, 18, 20], [28, 21, 25, 24, 29, 27], [31, 30, 35, 32, 33], [54, 38, 34, 39, 37, 42], [41, 44, 40, 60, 59, 51], [61, 46, 48, 55, 52], [45, 47, 53, 57, 56, 63], [58, 49, 62, 73, 67], [64, 65, 66, 69, 68], [76, 71, 74, 72, 75, 77], [79, 78, 83, 82, 80], [85, 81, 84, 86, 87, 88]]
57: [[36, 43, 17, 70, 15, 3], [5, 1, 2, 22, 12], [6, 4, 7, 9, 10, 8], [11, 13, 14, 23, 16], [50, 26, 19, 18, 20], [28, 21, 25, 24, 29, 27], [31, 30, 35, 32, 33], [54, 38, 34, 39, 37, 42], [41, 44, 40, 60, 59, 51], [61, 46, 48, 55, 52], [45, 47, 53, 57, 56, 63], [58, 49, 62, 73, 67], [64, 65, 66, 69, 68], [76, 71, 74, 72, 75, 77], [79, 78, 83, 82, 80], [85, 81, 84, 86, 87, 88]]
58: [[36, 43, 17, 70, 15, 3], [5, 1, 2, 22, 12], [6, 4, 7, 9, 10, 8], [11, 13, 14, 23, 16], [50, 26, 19, 18, 20], [28, 21, 25, 24, 29, 27], [31, 30, 35, 32, 33], [54, 38, 34, 39, 37, 42], [41, 44, 40, 60, 59, 51], [61, 46, 48, 55, 52], [45, 47, 53, 57, 56, 63], [58, 49, 62, 73, 67], [64, 65, 66, 69, 68], [76, 71, 74, 72, 75, 77], [79, 78, 83, 82, 80], [85, 81, 84, 86, 87, 88]]
59: [[36, 43, 17, 70, 15, 3], [5, 1, 2, 22, 12], [6, 4, 7, 9, 10, 8], [11, 13, 14, 23, 16], [50, 26, 19, 18, 20], [28, 21, 25, 24, 29, 27], [31, 30, 35, 32, 33], [54, 38, 34, 39, 37, 42], [41, 44, 40, 60, 59, 51], [61, 46, 48, 55, 52], [45, 47, 53, 57, 56, 63], [58, 49, 62, 73, 67], [64, 65, 66, 69, 68], [76, 71, 74, 72, 75, 77], [79, 78, 83, 82, 80], [85, 81, 84, 86, 87, 88]]
60: [[36, 43, 17, 70, 15, 3], [5, 1, 2, 22, 12], [6, 4, 7, 9, 10, 8], [11, 13, 14, 23, 16], [50, 26, 19, 18, 20], [28, 21, 25, 24, 29, 27], [31, 30, 35, 32, 33], [54, 38, 34, 39, 37, 42], [41, 44, 40, 60, 59, 51], [61, 46, 48, 55, 52], [45, 47, 53, 57, 56, 63], [58, 49, 62, 73, 67], [64, 65, 66, 69, 68], [76, 71, 74, 72, 75, 77], [79, 78, 83, 82, 80], [85, 81, 84, 86, 87, 88]]
61: [[36, 43, 17, 70, 15, 3], [5, 1, 2, 22, 12], [6, 4, 7, 9, 10, 8], [11, 13, 14, 23, 16], [50, 26, 19, 18, 20], [28, 21, 25, 24, 29, 27], [31, 30, 35, 32, 33], [54, 38, 34, 39, 37, 42], [41, 44, 40, 60, 59, 51], [61, 46, 48, 55, 52], [45, 47, 53, 57, 56, 63], [58, 49, 62, 73, 67], [64, 65, 66, 69, 68], [76, 71, 74, 72, 75, 77], [79, 78, 83, 82, 80], [85, 81, 84, 86, 87, 88]]
62: [[36, 43, 17, 70, 15, 3], [5, 1, 2, 22, 12], [6, 4, 7, 9, 10, 8], [11, 13, 14, 23, 16], [50, 26, 19, 18, 20], [28, 21, 25, 24, 29, 27], [31, 30, 35, 32, 33], [54, 38, 34, 39, 37, 42], [41, 44, 40, 60, 59, 51], [61, 46, 48, 55, 52], [45, 47, 53, 57, 56, 63], [58, 49, 62, 73, 67], [64, 65, 66, 69, 68], [76, 71, 74, 72, 75, 77], [79, 78, 83, 82, 80], [85, 81, 84, 86, 87, 88]]
63: [[36, 43, 17, 70, 15, 3], [5, 1, 2, 22, 12], [6, 4, 7, 9, 10, 8], [11, 13, 14, 23, 16], [50, 26, 19, 18, 20], [28, 21, 25, 24, 29, 27], [31, 30, 35, 32, 33], [54, 38, 34, 39, 37, 42], [41, 44, 40, 60, 59, 51], [61, 46, 48, 55, 52], [45, 47, 53, 57, 56, 63], [58, 49, 62, 73, 67], [64, 65, 66, 69, 68], [76, 71, 74, 72, 75, 77], [79, 78, 83, 82, 80], [85, 81, 84, 86, 87, 88]]
64: [[36, 43, 17, 70, 15, 3], [5, 1, 2, 22, 12], [6, 4, 7, 9, 10, 8], [11, 13, 14, 23, 16], [50, 26, 19, 18, 20], [28, 21, 25, 24, 29, 27], [31, 30, 35, 32, 33], [54, 38, 34, 39, 37, 42], [41, 44, 40, 60, 59, 51], [61, 46, 48, 55, 52], [45, 47, 53, 57, 56, 63], [58, 49, 62, 73, 67], [64, 65, 66, 69, 68], [76, 71, 74, 72, 75, 77], [79, 78, 83, 82, 80], [85, 81, 84, 86, 87, 88]]
65: [[36, 43, 17, 70, 15, 3], [5, 1, 2, 22, 12], [6, 4, 7, 9, 10, 8], [11, 13, 14, 23, 16], [50, 26, 19, 18, 20], [28, 21, 25, 24, 29, 27], [31, 30, 35, 32, 33], [54, 38, 34, 39, 37, 42], [41, 44, 40, 60, 59, 51], [61, 46, 48, 55, 52], [45, 47, 53, 57, 56, 63], [58, 49, 62, 73, 67], [64, 65, 66, 69, 68], [76, 71, 74, 72, 75, 77], [79, 78, 83, 82, 80], [85, 81, 84, 86, 87, 88]]
66: [[36, 43, 17, 70, 15, 3], [5, 1, 2, 22, 12], [6, 4, 7, 9, 10, 8], [11, 13, 14, 23, 16], [50, 26, 19, 18, 20], [28, 21, 25, 24, 29, 27], [31, 30, 35, 32, 33], [54, 38, 34, 39, 37, 42], [41, 44, 40, 60, 59, 51], [61, 46, 48, 55, 52], [45, 47, 53, 57, 56, 63], [58, 49, 62, 73, 67], [64, 65, 66, 69, 68], [76, 71, 74, 72, 75, 77], [79, 78, 83, 82, 80], [85, 81, 84, 86, 87, 88]]
67: [[36, 43, 17, 70, 15, 3], [5, 1, 2, 22, 12], [6, 4, 7, 9, 10, 8], [11, 13, 14, 23, 16], [50, 26, 19, 18, 20], [28, 21, 25, 24, 29, 27], [31, 30, 35, 32, 33], [54, 38, 34, 39, 37, 42], [41, 44, 40, 60, 59, 51], [61, 46, 48, 55, 52], [45, 47, 53, 57, 56, 63], [58, 49, 62, 73, 67], [64, 65, 66, 69, 68], [76, 71, 74, 72, 75, 77], [79, 78, 83, 82, 80], [85, 81, 84, 86, 87, 88]]
68: [[36, 43, 17, 70, 15, 3], [5, 1, 2, 22, 12], [6, 4, 7, 9, 10, 8], [11, 13, 14, 23, 16], [50, 26, 19, 18, 20], [28, 21, 25, 24, 29, 27], [31, 30, 35, 32, 33], [54, 38, 34, 39, 37, 42], [41, 44, 40, 60, 59, 51], [61, 46, 48, 55, 52], [45, 47, 53, 57, 56, 63], [58, 49, 62, 73, 67], [64, 65, 66, 69, 68], [76, 71, 74, 72, 75, 77], [79, 78, 83, 82, 80], [85, 81, 84, 86, 87, 88]]
69: [[36, 43, 17, 70, 15, 3], [5, 1, 2, 22, 12], [6, 4, 7, 9, 10, 8], [11, 13, 14, 23, 16], [50, 26, 19, 18, 20], [28, 21, 25, 24, 29, 27], [31, 30, 35, 32, 33], [54, 38, 34, 39, 37, 42], [41, 44, 40, 60, 59, 51], [61, 46, 48, 55, 52], [45, 47, 53, 57, 56, 63], [58, 49, 62, 73, 67], [64, 65, 66, 69, 68], [76, 71, 74, 72, 75, 77], [79, 78, 83, 82, 80], [85, 81, 84, 86, 87, 88]]
70: [[36, 43, 17, 70, 15, 3], [5, 1, 2, 22, 12], [6, 4, 7, 9, 10, 8], [11, 13, 14, 23, 16], [50, 26, 19, 18, 20], [28, 21, 25, 24, 29, 27], [31, 30, 35, 32, 33], [54, 38, 34, 39, 37, 42], [41, 44, 40, 60, 59, 51], [61, 46, 48, 55, 52], [45, 47, 53, 57, 56, 63], [58, 49, 62, 73, 67], [64, 65, 66, 69, 68], [76, 71, 74, 72, 75, 77], [79, 78, 83, 82, 80], [85, 81, 84, 86, 87, 88]]
71: [[36, 43, 17, 70, 15, 3], [5, 1, 2, 22, 12], [6, 4, 7, 9, 10, 8], [11, 13, 14, 23, 16], [50, 26, 19, 18, 20], [28, 21, 25, 24, 29, 27], [31, 30, 35, 32, 33], [54, 38, 34, 39, 37, 42], [41, 44, 40, 60, 59, 51], [61, 46, 48, 55, 52], [45, 47, 53, 57, 56, 63], [58, 49, 62, 73, 67], [64, 65, 66, 69, 68], [76, 71, 74, 72, 75, 77], [79, 78, 83, 82, 80], [85, 81, 84, 86, 87, 88]]
72: [[36, 43, 17, 70, 15, 3], [5, 1, 2, 22, 12], [6, 4, 7, 9, 10, 8], [11, 13, 14, 23, 16], [50, 26, 19, 18, 20], [28, 21, 25, 24, 29, 27], [31, 30, 35, 32, 33], [54, 38, 34, 39, 37, 42], [41, 44, 40, 60, 59, 51], [61, 46, 48, 55, 52], [45, 47, 53, 57, 56, 63], [58, 49, 62, 73, 67], [64, 65, 66, 69, 68], [76, 71, 74, 72, 75, 77], [79, 78, 83, 82, 80], [85, 81, 84, 86, 87, 88]]
73: [[36, 43, 17, 70, 15, 3], [5, 1, 2, 22, 12], [6, 4, 7, 9, 10, 8], [11, 13, 14, 23, 16], [50, 26, 19, 18, 20], [28, 21, 25, 24, 29, 27], [31, 30, 35, 32, 33], [54, 38, 34, 39, 37, 42], [41, 44, 40, 60, 59, 51], [61, 46, 48, 55, 52], [45, 47, 53, 57, 56, 63], [58, 49, 62, 73, 67], [64, 65, 66, 69, 68], [76, 71, 74, 72, 75, 77], [79, 78, 83, 82, 80], [85, 81, 84, 86, 87, 88]]
74: [[36, 43, 17, 70, 15, 3], [5, 1, 2, 22, 12], [6, 4, 7, 9, 10, 8], [11, 13, 14, 23, 16], [50, 26, 19, 18, 20], [28, 21, 25, 24, 29, 27], [31, 30, 35, 32, 33], [54, 38, 34, 39, 37, 42], [41, 44, 40, 60, 59, 51], [61, 46, 48, 55, 52], [45, 47, 53, 57, 56, 63], [58, 49, 62, 73, 67], [64, 65, 66, 69, 68], [76, 71, 74, 72, 75, 77], [79, 78, 83, 82, 80], [85, 81, 84, 86, 87, 88]]
75: [[36, 43, 17, 70, 15, 3], [5, 1, 2, 22, 12], [6, 4, 7, 9, 10, 8], [11, 13, 14, 23, 16], [50, 26, 19, 18, 20], [28, 21, 25, 24, 29, 27], [31, 30, 35, 32, 33], [54, 38, 34, 39, 37, 42], [41, 44, 40, 60, 59, 51], [61, 46, 48, 55, 52], [45, 47, 53, 57, 56, 63], [58, 49, 62, 73, 67], [64, 65, 66, 69, 68], [76, 71, 74, 72, 75, 77], [79, 78, 83, 82, 80], [85, 81, 84, 86, 87, 88]]
76: [[36, 43, 17, 70, 15, 3], [5, 1, 2, 22, 12], [6, 4, 7, 9, 10, 8], [11, 13, 14, 23, 16], [50, 26, 19, 18, 20], [28, 21, 25, 24, 29, 27], [31, 30, 35, 32, 33], [54, 38, 34, 39, 37, 42], [41, 44, 40, 60, 59, 51], [61, 46, 48, 55, 52], [45, 47, 53, 57, 56, 63], [58, 49, 62, 73, 67], [64, 65, 66, 69, 68], [76, 71, 74, 72, 75, 77], [79, 78, 83, 82, 80], [85, 81, 84, 86, 87, 88]]
77: [[36, 43, 17, 70, 15, 3], [5, 1, 2, 22, 12], [6, 4, 7, 9, 10, 8], [11, 13, 14, 23, 16], [50, 26, 19, 18, 20], [28, 21, 25, 24, 29, 27], [31, 30, 35, 32, 33], [54, 38, 34, 39, 37, 42], [41, 44, 40, 60, 59, 51], [61, 46, 48, 55, 52], [45, 47, 53, 57, 56, 63], [58, 49, 62, 73, 67], [64, 65, 66, 69, 68], [76, 71, 74, 72, 75, 77], [79, 78, 83, 82, 80], [85, 81, 84, 86, 87, 88]]
78: [[36, 43, 17, 70, 15, 3], [5, 1, 2, 22, 12], [6, 4, 7, 9, 10, 8], [11, 13, 14, 23, 16], [50, 26, 19, 18, 20], [28, 21, 25, 24, 29, 27], [31, 30, 35, 32, 33], [54, 38, 34, 39, 37, 42], [41, 44, 40, 60, 59, 51], [61, 46, 48, 55, 52], [45, 47, 53, 57, 56, 63], [58, 49, 62, 73, 67], [64, 65, 66, 69, 68], [76, 71, 74, 72, 75, 77], [79, 78, 83, 82, 80], [85, 81, 84, 86, 87, 88]]
79: [[36, 43, 17, 70, 15, 3], [5, 1, 2, 22, 12], [6, 4, 7, 9, 10, 8], [11, 13, 14, 23, 16], [50, 26, 19, 18, 20], [28, 21, 25, 24, 29, 27], [31, 30, 35, 32, 33], [54, 38, 34, 39, 37, 42], [41, 44, 40, 60, 59, 51], [61, 46, 48, 55, 52], [45, 47, 53, 57, 56, 63], [58, 49, 62, 73, 67], [64, 65, 66, 69, 68], [76, 71, 74, 72, 75, 77], [79, 78, 83, 82, 80], [85, 81, 84, 86, 87, 88]]
80: [[36, 43, 17, 70, 15, 3], [5, 1, 2, 22, 12], [6, 4, 7, 9, 10, 8], [11, 13, 14, 23, 16], [50, 26, 19, 18, 20], [28, 21, 25, 24, 29, 27], [31, 30, 35, 32, 33], [54, 38, 34, 39, 37, 42], [41, 44, 40, 60, 59, 51], [61, 46, 48, 55, 52], [45, 47, 53, 57, 56, 63], [58, 49, 62, 73, 67], [64, 65, 66, 69, 68], [76, 71, 74, 72, 75, 77], [79, 78, 83, 82, 80], [85, 81, 84, 86, 87, 88]]
81: [[36, 43, 17, 70, 15, 3], [5, 1, 2, 22, 12], [6, 4, 7, 9, 10, 8], [11, 13, 14, 23, 16], [50, 26, 19, 18, 20], [28, 21, 25, 24, 29, 27], [31, 30, 35, 32, 33], [54, 38, 34, 39, 37, 42], [41, 44, 40, 60, 59, 51], [61, 46, 48, 55, 52], [45, 47, 53, 57, 56, 63], [58, 49, 62, 73, 67], [64, 65, 66, 69, 68], [76, 71, 74, 72, 75, 77], [79, 78, 83, 82, 80], [85, 81, 84, 86, 87, 88]]
82: [[36, 43, 17, 70, 15, 3], [5, 1, 2, 22, 12], [6, 4, 7, 9, 10, 8], [11, 13, 14, 23, 16], [50, 26, 19, 18, 20], [28, 21, 25, 24, 29, 27], [31, 30, 35, 32, 33], [54, 38, 34, 39, 37, 42], [41, 44, 40, 60, 59, 51], [61, 46, 48, 55, 52], [45, 47, 53, 57, 56, 63], [58, 49, 62, 73, 67], [64, 65, 66, 69, 68], [76, 71, 74, 72, 75, 77], [79, 78, 83, 82, 80], [85, 81, 84, 86, 87, 88]]
83: [[36, 43, 17, 70, 15, 3], [5, 1, 2, 22, 12], [6, 4, 7, 9, 10, 8], [11, 13, 14, 23, 16], [50, 26, 19, 18, 20], [28, 21, 25, 24, 29, 27], [31, 30, 35, 32, 33], [54, 38, 34, 39, 37, 42], [41, 44, 40, 60, 59, 51], [61, 46, 48, 55, 52], [45, 47, 53, 57, 56, 63], [58, 49, 62, 73, 67], [64, 65, 66, 69, 68], [76, 71, 74, 72, 75, 77], [79, 78, 83, 82, 80], [85, 81, 84, 86, 87, 88]]
84: [[36, 43, 17, 70, 15, 3], [5, 1, 2, 22, 12], [6, 4, 7, 9, 10, 8], [11, 13, 14, 23, 16], [50, 26, 19, 18, 20], [28, 21, 25, 24, 29, 27], [31, 30, 35, 32, 33], [54, 38, 34, 39, 37, 42], [41, 44, 40, 60, 59, 51], [61, 46, 48, 55, 52], [45, 47, 53, 57, 56, 63], [58, 49, 62, 73, 67], [64, 65, 66, 69, 68], [76, 71, 74, 72, 75, 77], [79, 78, 83, 82, 80], [85, 81, 84, 86, 87, 88]]
85: [[36, 43, 17, 70, 15, 3], [5, 1, 2, 22, 12], [6, 4, 7, 9, 10, 8], [11, 13, 14, 23, 16], [50, 26, 19, 18, 20], [28, 21, 25, 24, 29, 27], [31, 30, 35, 32, 33], [54, 38, 34, 39, 37, 42], [41, 44, 40, 60, 59, 51], [61, 46, 48, 55, 52], [45, 47, 53, 57, 56, 63], [58, 49, 62, 73, 67], [64, 65, 66, 69, 68], [76, 71, 74, 72, 75, 77], [79, 78, 83, 82, 80], [85, 81, 84, 86, 87, 88]]
86: [[36, 43, 17, 70, 15, 3], [5, 1, 2, 22, 12], [6, 4, 7, 9, 10, 8], [11, 13, 14, 23, 16], [50, 26, 19, 18, 20], [28, 21, 25, 24, 29, 27], [31, 30, 35, 32, 33], [54, 38, 34, 39, 37, 42], [41, 44, 40, 60, 59, 51], [61, 46, 48, 55, 52], [45, 47, 53, 57, 56, 63], [58, 49, 62, 73, 67], [64, 65, 66, 69, 68], [76, 71, 74, 72, 75, 77], [79, 78, 83, 82, 80], [85, 81, 84, 86, 87, 88]]
87: [[36, 43, 17, 70, 15, 3], [5, 1, 2, 22, 12], [6, 4, 7, 9, 10, 8], [11, 13, 14, 23, 16], [50, 26, 19, 18, 20], [28, 21, 25, 24, 29, 27], [31, 30, 35, 32, 33], [54, 38, 34, 39, 37, 42], [41, 44, 40, 60, 59, 51], [61, 46, 48, 55, 52], [45, 47, 53, 57, 56, 63], [58, 49, 62, 73, 67], [64, 65, 66, 69, 68], [76, 71, 74, 72, 75, 77], [79, 78, 83, 82, 80], [85, 81, 84, 86, 87, 88]]
88: [[36, 43, 17, 70, 15, 3], [5, 1, 2, 22, 12], [6, 4, 7, 9, 10, 8], [11, 13, 14, 23, 16], [50, 26, 19, 18, 20], [28, 21, 25, 24, 29, 27], [31, 30, 35, 32, 33], [54, 38, 34, 39, 37, 42], [41, 44, 40, 60, 59, 51], [61, 46, 48, 55, 52], [45, 47, 53, 57, 56, 63], [58, 49, 62, 73, 67], [64, 65, 66, 69, 68], [76, 71, 74, 72, 75, 77], [79, 78, 83, 82, 80], [85, 81, 84, 86, 87, 88]]
89: [[36, 43, 17, 70, 15, 3], [5, 1, 2, 22, 12], [6, 4, 7, 9, 10, 8], [11, 13, 14, 23, 16], [50, 26, 19, 18, 20], [28, 21, 25, 24, 29, 27], [31, 30, 35, 32, 33], [54, 38, 34, 39, 37, 42], [41, 44, 40, 60, 59, 51], [61, 46, 48, 55, 52], [45, 47, 53, 57, 56, 63], [58, 49, 62, 73, 67], [64, 65, 66, 69, 68], [76, 71, 74, 72, 75, 77], [79, 78, 83, 82, 80], [85, 81, 84, 86, 87, 88]]
90: [[36, 43, 17, 70, 15, 3], [5, 1, 2, 22, 12], [6, 4, 7, 9, 10, 8], [11, 13, 14, 23, 16], [50, 26, 19, 18, 20], [28, 21, 25, 24, 29, 27], [31, 30, 35, 32, 33], [54, 38, 34, 39, 37, 42], [41, 44, 40, 60, 59, 51], [61, 46, 48, 55, 52], [45, 47, 53, 57, 56, 63], [58, 49, 62, 73, 67], [64, 65, 66, 69, 68], [76, 71, 74, 72, 75, 77], [79, 78, 83, 82, 80], [85, 81, 84, 86, 87, 88]]
91: [[36, 43, 17, 70, 15, 3], [5, 1, 2, 22, 12], [6, 4, 7, 9, 10, 8], [11, 13, 14, 23, 16], [50, 26, 19, 18, 20], [28, 21, 25, 24, 29, 27], [31, 30, 35, 32, 33], [54, 38, 34, 39, 37, 42], [41, 44, 40, 60, 59, 51], [61, 46, 48, 55, 52], [45, 47, 53, 57, 56, 63], [58, 49, 62, 73, 67], [64, 65, 66, 69, 68], [76, 71, 74, 72, 75, 77], [79, 78, 83, 82, 80], [85, 81, 84, 86, 87, 88]]
92: [[36, 43, 17, 70, 15, 3], [5, 1, 2, 22, 12], [6, 4, 7, 9, 10, 8], [11, 13, 14, 23, 16], [50, 26, 19, 18, 20], [28, 21, 25, 24, 29, 27], [31, 30, 35, 32, 33], [54, 38, 34, 39, 37, 42], [41, 44, 40, 60, 59, 51], [61, 46, 48, 55, 52], [45, 47, 53, 57, 56, 63], [58, 49, 62, 73, 67], [64, 65, 66, 69, 68], [76, 71, 74, 72, 75, 77], [79, 78, 83, 82, 80], [85, 81, 84, 86, 87, 88]]
93: [[36, 43, 17, 70, 15, 3], [5, 1, 2, 22, 12], [6, 4, 7, 9, 10, 8], [11, 13, 14, 23, 16], [50, 26, 19, 18, 20], [28, 21, 25, 24, 29, 27], [31, 30, 35, 32, 33], [54, 38, 34, 39, 37, 42], [41, 44, 40, 60, 59, 51], [61, 46, 48, 55, 52], [45, 47, 53, 57, 56, 63], [58, 49, 62, 73, 67], [64, 65, 66, 69, 68], [76, 71, 74, 72, 75, 77], [79, 78, 83, 82, 80], [85, 81, 84, 86, 87, 88]]
94: [[36, 43, 17, 70, 15, 3], [5, 1, 2, 22, 12], [6, 4, 7, 9, 10, 8], [11, 13, 14, 23, 16], [50, 26, 19, 18, 20], [28, 21, 25, 24, 29, 27], [31, 30, 35, 32, 33], [54, 38, 34, 39, 37, 42], [41, 44, 40, 60, 59, 51], [61, 46, 48, 55, 52], [45, 47, 53, 57, 56, 63], [58, 49, 62, 73, 67], [64, 65, 66, 69, 68], [76, 71, 74, 72, 75, 77], [79, 78, 83, 82, 80], [85, 81, 84, 86, 87, 88]]
95: [[36, 43, 17, 70, 15, 3], [5, 1, 2, 22, 12], [6, 4, 7, 9, 10, 8], [11, 13, 14, 23, 16], [50, 26, 19, 18, 20], [28, 21, 25, 24, 29, 27], [31, 30, 35, 32, 33], [54, 38, 34, 39, 37, 42], [41, 44, 40, 60, 59, 51], [61, 46, 48, 55, 52], [45, 47, 53, 57, 56, 63], [58, 49, 62, 73, 67], [64, 65, 66, 69, 68], [76, 71, 74, 72, 75, 77], [79, 78, 83, 82, 80], [85, 81, 84, 86, 87, 88]]
96: [[36, 43, 17, 70, 15, 3], [5, 1, 2, 22, 12], [6, 4, 7, 9, 10, 8], [11, 13, 14, 23, 16], [50, 26, 19, 18, 20], [28, 21, 25, 24, 29, 27], [31, 30, 35, 32, 33], [54, 38, 34, 39, 37, 42], [41, 44, 40, 60, 59, 51], [61, 46, 48, 55, 52], [45, 47, 53, 57, 56, 63], [58, 49, 62, 73, 67], [64, 65, 66, 69, 68], [76, 71, 74, 72, 75, 77], [79, 78, 83, 82, 80], [85, 81, 84, 86, 87, 88]]
97: [[36, 43, 17, 70, 15, 3], [5, 1, 2, 22, 12], [6, 4, 7, 9, 10, 8], [11, 13, 14, 23, 16], [50, 26, 19, 18, 20], [28, 21, 25, 24, 29, 27], [31, 30, 35, 32, 33], [54, 38, 34, 39, 37, 42], [41, 44, 40, 60, 59, 51], [61, 46, 48, 55, 52], [45, 47, 53, 57, 56, 63], [58, 49, 62, 73, 67], [64, 65, 66, 69, 68], [76, 71, 74, 72, 75, 77], [79, 78, 83, 82, 80], [85, 81, 84, 86, 87, 88]]
98: [[36, 43, 17, 70, 15, 3], [5, 1, 2, 22, 12], [6, 4, 7, 9, 10, 8], [11, 13, 14, 23, 16], [50, 26, 19, 18, 20], [28, 21, 25, 24, 29, 27], [31, 30, 35, 32, 33], [54, 38, 34, 39, 37, 42], [41, 44, 40, 60, 59, 51], [61, 46, 48, 55, 52], [45, 47, 53, 57, 56, 63], [58, 49, 62, 73, 67], [64, 65, 66, 69, 68], [76, 71, 74, 72, 75, 77], [79, 78, 83, 82, 80], [85, 81, 84, 86, 87, 88]]
99: [[36, 43, 17, 70, 15, 3], [5, 1, 2, 22, 12], [6, 4, 7, 9, 10, 8], [11, 13, 14, 23, 16], [50, 26, 19, 18, 20], [28, 21, 25, 24, 29, 27], [31, 30, 35, 32, 33], [54, 38, 34, 39, 37, 42], [41, 44, 40, 60, 59, 51], [61, 46, 48, 55, 52], [45, 47, 53, 57, 56, 63], [58, 49, 62, 73, 67], [64, 65, 66, 69, 68], [76, 71, 74, 72, 75, 77], [79, 78, 83, 82, 80], [85, 81, 84, 86, 87, 88]]
100: [[36, 43, 17, 70, 15, 3], [5, 1, 2, 22, 12], [6, 4, 7, 9, 10, 8], [11, 13, 14, 23, 16], [50, 26, 19, 18, 20], [28, 21, 25, 24, 29, 27], [31, 30, 35, 32, 33], [54, 38, 34, 39, 37, 42], [41, 44, 40, 60, 59, 51], [61, 46, 48, 55, 52], [45, 47, 53, 57, 56, 63], [58, 49, 62, 73, 67], [64, 65, 66, 69, 68], [76, 71, 74, 72, 75, 77], [79, 78, 83, 82, 80], [85, 81, 84, 86, 87, 88]]
101: [[36, 43, 17, 70, 15, 3], [5, 1, 2, 22, 12], [6, 4, 7, 9, 10, 8], [11, 13, 14, 23, 16], [50, 26, 19, 18, 20], [28, 21, 25, 24, 29, 27], [31, 30, 35, 32, 33], [54, 38, 34, 39, 37, 42], [41, 44, 40, 60, 59, 51], [61, 46, 48, 55, 52], [45, 47, 53, 57, 56, 63], [58, 49, 62, 73, 67], [64, 65, 66, 69, 68], [76, 71, 74, 72, 75, 77], [79, 78, 83, 82, 80], [85, 81, 84, 86, 87, 88]]
102: [[36, 43, 17, 70, 15, 3], [5, 1, 2, 22, 12], [6, 4, 7, 9, 10, 8], [11, 13, 14, 23, 16], [50, 26, 19, 18, 20], [28, 21, 25, 24, 29, 27], [31, 30, 35, 32, 33], [54, 38, 34, 39, 37, 42], [41, 44, 40, 60, 59, 51], [61, 46, 48, 55, 52], [45, 47, 53, 57, 56, 63], [58, 49, 62, 73, 67], [64, 65, 66, 69, 68], [76, 71, 74, 72, 75, 77], [79, 78, 83, 82, 80], [85, 81, 84, 86, 87, 88]]
103: [[36, 43, 17, 70, 15, 3], [5, 1, 2, 22, 12], [6, 4, 7, 9, 10, 8], [11, 13, 14, 23, 16], [50, 26, 19, 18, 20], [28, 21, 25, 24, 29, 27], [31, 30, 35, 32, 33], [54, 38, 34, 39, 37, 42], [41, 44, 40, 60, 59, 51], [61, 46, 48, 55, 52], [45, 47, 53, 57, 56, 63], [58, 49, 62, 73, 67], [64, 65, 66, 69, 68], [76, 71, 74, 72, 75, 77], [79, 78, 83, 82, 80], [85, 81, 84, 86, 87, 88]]
104: [[36, 43, 17, 70, 15, 3], [5, 1, 2, 22, 12], [6, 4, 7, 9, 10, 8], [11, 13, 14, 23, 16], [50, 26, 19, 18, 20], [28, 21, 25, 24, 29, 27], [31, 30, 35, 32, 33], [54, 38, 34, 39, 37, 42], [41, 44, 40, 60, 59, 51], [61, 46, 48, 55, 52], [45, 47, 53, 57, 56, 63], [58, 49, 62, 73, 67], [64, 65, 66, 69, 68], [76, 71, 74, 72, 75, 77], [79, 78, 83, 82, 80], [85, 81, 84, 86, 87, 88]]
105: [[36, 43, 17, 70, 15, 3], [5, 1, 2, 22, 12], [6, 4, 7, 9, 10, 8], [11, 13, 14, 23, 16], [50, 26, 19, 18, 20], [28, 21, 25, 24, 29, 27], [31, 30, 35, 32, 33], [54, 38, 34, 39, 37, 42], [41, 44, 40, 60, 59, 51], [61, 46, 48, 55, 52], [45, 47, 53, 57, 56, 63], [58, 49, 62, 73, 67], [64, 65, 66, 69, 68], [76, 71, 74, 72, 75, 77], [79, 78, 83, 82, 80], [85, 81, 84, 86, 87, 88]]
106: [[36, 43, 17, 70, 15, 3], [5, 1, 2, 22, 12], [6, 4, 7, 9, 10, 8], [11, 13, 14, 23, 16], [50, 26, 19, 18, 20], [28, 21, 25, 24, 29, 27], [31, 30, 35, 32, 33], [54, 38, 34, 39, 37, 42], [41, 44, 40, 60, 59, 51], [61, 46, 48, 55, 52], [45, 47, 53, 57, 56, 63], [58, 49, 62, 73, 67], [64, 65, 66, 69, 68], [76, 71, 74, 72, 75, 77], [79, 78, 83, 82, 80], [85, 81, 84, 86, 87, 88]]
107: [[36, 43, 17, 70, 15, 3], [5, 1, 2, 22, 12], [6, 4, 7, 9, 10, 8], [11, 13, 14, 23, 16], [50, 26, 19, 18, 20], [28, 21, 25, 24, 29, 27], [31, 30, 35, 32, 33], [54, 38, 34, 39, 37, 42], [41, 44, 40, 60, 59, 51], [61, 46, 48, 55, 52], [45, 47, 53, 57, 56, 63], [58, 49, 62, 73, 67], [64, 65, 66, 69, 68], [76, 71, 74, 72, 75, 77], [79, 78, 83, 82, 80], [85, 81, 84, 86, 87, 88]]
108: [[36, 43, 17, 70, 15, 3], [5, 1, 2, 22, 12], [6, 4, 7, 9, 10, 8], [11, 13, 14, 23, 16], [50, 26, 19, 18, 20], [28, 21, 25, 24, 29, 27], [31, 30, 35, 32, 33], [54, 38, 34, 39, 37, 42], [41, 44, 40, 60, 59, 51], [61, 46, 48, 55, 52], [45, 47, 53, 57, 56, 63], [58, 49, 62, 73, 67], [64, 65, 66, 69, 68], [76, 71, 74, 72, 75, 77], [79, 78, 83, 82, 80], [85, 81, 84, 86, 87, 88]]
109: [[36, 43, 17, 70, 15, 3], [5, 1, 2, 22, 12], [6, 4, 7, 9, 10, 8], [11, 13, 14, 23, 16], [50, 26, 19, 18, 20], [28, 21, 25, 24, 29, 27], [31, 30, 35, 32, 33], [54, 38, 34, 39, 37, 42], [41, 44, 40, 60, 59, 51], [61, 46, 48, 55, 52], [45, 47, 53, 57, 56, 63], [58, 49, 62, 73, 67], [64, 65, 66, 69, 68], [76, 71, 74, 72, 75, 77], [79, 78, 83, 82, 80], [85, 81, 84, 86, 87, 88]]
110: [[36, 43, 17, 70, 15, 3], [5, 1, 2, 22, 12], [6, 4, 7, 9, 10, 8], [11, 13, 14, 23, 16], [50, 26, 19, 18, 20], [28, 21, 25, 24, 29, 27], [31, 30, 35, 32, 33], [54, 38, 34, 39, 37, 42], [41, 44, 40, 60, 59, 51], [61, 46, 48, 55, 52], [45, 47, 53, 57, 56, 63], [58, 49, 62, 73, 67], [64, 65, 66, 69, 68], [76, 71, 74, 72, 75, 77], [79, 78, 83, 82, 80], [85, 81, 84, 86, 87, 88]]
111: [[36, 43, 17, 70, 15, 3], [5, 1, 2, 22, 12], [6, 4, 7, 9, 10, 8], [11, 13, 14, 23, 16], [50, 26, 19, 18, 20], [28, 21, 25, 24, 29, 27], [31, 30, 35, 32, 33], [54, 38, 34, 39, 37, 42], [41, 44, 40, 60, 59, 51], [61, 46, 48, 55, 52], [45, 47, 53, 57, 56, 63], [58, 49, 62, 73, 67], [64, 65, 66, 69, 68], [76, 71, 74, 72, 75, 77], [79, 78, 83, 82, 80], [85, 81, 84, 86, 87, 88]]
112: [[36, 43, 17, 70, 15, 3], [5, 1, 2, 22, 12], [6, 4, 7, 9, 10, 8], [11, 13, 14, 23, 16], [50, 26, 19, 18, 20], [28, 21, 25, 24, 29, 27], [31, 30, 35, 32, 33], [54, 38, 34, 39, 37, 42], [41, 44, 40, 60, 59, 51], [61, 46, 48, 55, 52], [45, 47, 53, 57, 56, 63], [58, 49, 62, 73, 67], [64, 65, 66, 69, 68], [76, 71, 74, 72, 75, 77], [79, 78, 83, 82, 80], [85, 81, 84, 86, 87, 88]]
113: [[36, 43, 17, 70, 15, 3], [5, 1, 2, 22, 12], [6, 4, 7, 9, 10, 8], [11, 13, 14, 23, 16], [50, 26, 19, 18, 20], [28, 21, 25, 24, 29, 27], [31, 30, 35, 32, 33], [54, 38, 34, 39, 37, 42], [41, 44, 40, 60, 59, 51], [61, 46, 48, 55, 52], [45, 47, 53, 57, 56, 63], [58, 49, 62, 73, 67], [64, 65, 66, 69, 68], [76, 71, 74, 72, 75, 77], [79, 78, 83, 82, 80], [85, 81, 84, 86, 87, 88]]
114: [[36, 43, 17, 70, 15, 3], [5, 1, 2, 22, 12], [6, 4, 7, 9, 10, 8], [11, 13, 14, 23, 16], [50, 26, 19, 18, 20], [28, 21, 25, 24, 29, 27], [31, 30, 35, 32, 33], [54, 38, 34, 39, 37, 42], [41, 44, 40, 60, 59, 51], [61, 46, 48, 55, 52], [45, 47, 53, 57, 56, 63], [58, 49, 62, 73, 67], [64, 65, 66, 69, 68], [76, 71, 74, 72, 75, 77], [79, 78, 83, 82, 80], [85, 81, 84, 86, 87, 88]]
115: [[36, 43, 17, 70, 15, 3], [5, 1, 2, 22, 12], [6, 4, 7, 9, 10, 8], [11, 13, 14, 23, 16], [50, 26, 19, 18, 20], [28, 21, 25, 24, 29, 27], [31, 30, 35, 32, 33], [54, 38, 34, 39, 37, 42], [41, 44, 40, 60, 59, 51], [61, 46, 48, 55, 52], [45, 47, 53, 57, 56, 63], [58, 49, 62, 73, 67], [64, 65, 66, 69, 68], [76, 71, 74, 72, 75, 77], [79, 78, 83, 82, 80], [85, 81, 84, 86, 87, 88]]
116: [[36, 43, 17, 70, 15, 3], [5, 1, 2, 22, 12], [6, 4, 7, 9, 10, 8], [11, 13, 14, 23, 16], [50, 26, 19, 18, 20], [28, 21, 25, 24, 29, 27], [31, 30, 35, 32, 33], [54, 38, 34, 39, 37, 42], [41, 44, 40, 60, 59, 51], [61, 46, 48, 55, 52], [45, 47, 53, 57, 56, 63], [58, 49, 62, 73, 67], [64, 65, 66, 69, 68], [76, 71, 74, 72, 75, 77], [79, 78, 83, 82, 80], [85, 81, 84, 86, 87, 88]]
117: [[36, 43, 17, 70, 15, 3], [5, 1, 2, 22, 12], [6, 4, 7, 9, 10, 8], [11, 13, 14, 23, 16], [50, 26, 19, 18, 20], [28, 21, 25, 24, 29, 27], [31, 30, 35, 32, 33], [54, 38, 34, 39, 37, 42], [41, 44, 40, 60, 59, 51], [61, 46, 48, 55, 52], [45, 47, 53, 57, 56, 63], [58, 49, 62, 73, 67], [64, 65, 66, 69, 68], [76, 71, 74, 72, 75, 77], [79, 78, 83, 82, 80], [85, 81, 84, 86, 87, 88]]
118: [[36, 43, 17, 70, 15, 3], [5, 1, 2, 22, 12], [6, 4, 7, 9, 10, 8], [11, 13, 14, 23, 16], [50, 26, 19, 18, 20], [28, 21, 25, 24, 29, 27], [31, 30, 35, 32, 33], [54, 38, 34, 39, 37, 42], [41, 44, 40, 60, 59, 51], [61, 46, 48, 55, 52], [45, 47, 53, 57, 56, 63], [58, 49, 62, 73, 67], [64, 65, 66, 69, 68], [76, 71, 74, 72, 75, 77], [79, 78, 83, 82, 80], [85, 81, 84, 86, 87, 88]]
119: [[36, 43, 17, 70, 15, 3], [5, 1, 2, 22, 12], [6, 4, 7, 9, 10, 8], [11, 13, 14, 23, 16], [50, 26, 19, 18, 20], [28, 21, 25, 24, 29, 27], [31, 30, 35, 32, 33], [54, 38, 34, 39, 37, 42], [41, 44, 40, 60, 59, 51], [61, 46, 48, 55, 52], [45, 47, 53, 57, 56, 63], [58, 49, 62, 73, 67], [64, 65, 66, 69, 68], [76, 71, 74, 72, 75, 77], [79, 78, 83, 82, 80], [85, 81, 84, 86, 87, 88]]
120: [[36, 43, 17, 70, 15, 3], [5, 1, 2, 22, 12], [6, 4, 7, 9, 10, 8], [11, 13, 14, 23, 16], [50, 26, 19, 18, 20], [28, 21, 25, 24, 29, 27], [31, 30, 35, 32, 33], [54, 38, 34, 39, 37, 42], [41, 44, 40, 60, 59, 51], [61, 46, 48, 55, 52], [45, 47, 53, 57, 56, 63], [58, 49, 62, 73, 67], [64, 65, 66, 69, 68], [76, 71, 74, 72, 75, 77], [79, 78, 83, 82, 80], [85, 81, 84, 86, 87, 88]]
121: [[36, 43, 17, 70, 15, 3], [5, 1, 2, 22, 12], [6, 4, 7, 9, 10, 8], [11, 13, 14, 23, 16], [50, 26, 19, 18, 20], [28, 21, 25, 24, 29, 27], [31, 30, 35, 32, 33], [54, 38, 34, 39, 37, 42], [41, 44, 40, 60, 59, 51], [61, 46, 48, 55, 52], [45, 47, 53, 57, 56, 63], [58, 49, 62, 73, 67], [64, 65, 66, 69, 68], [76, 71, 74, 72, 75, 77], [79, 78, 83, 82, 80], [85, 81, 84, 86, 87, 88]]
122: [[36, 43, 17, 70, 15, 3], [5, 1, 2, 22, 12], [6, 4, 7, 9, 10, 8], [11, 13, 14, 23, 16], [50, 26, 19, 18, 20], [28, 21, 25, 24, 29, 27], [31, 30, 35, 32, 33], [54, 38, 34, 39, 37, 42], [41, 44, 40, 60, 59, 51], [61, 46, 48, 55, 52], [45, 47, 53, 57, 56, 63], [58, 49, 62, 73, 67], [64, 65, 66, 69, 68], [76, 71, 74, 72, 75, 77], [79, 78, 83, 82, 80], [85, 81, 84, 86, 87, 88]]
123: [[36, 43, 17, 70, 15, 3], [5, 1, 2, 22, 12], [6, 4, 7, 9, 10, 8], [11, 13, 14, 23, 16], [50, 26, 19, 18, 20], [28, 21, 25, 24, 29, 27], [31, 30, 35, 32, 33], [54, 38, 34, 39, 37, 42], [41, 44, 40, 60, 59, 51], [61, 46, 48, 55, 52], [45, 47, 53, 57, 56, 63], [58, 49, 62, 73, 67], [64, 65, 66, 69, 68], [76, 71, 74, 72, 75, 77], [79, 78, 83, 82, 80], [85, 81, 84, 86, 87, 88]]
124: [[36, 43, 17, 70, 15, 3], [5, 1, 2, 22, 12], [6, 4, 7, 9, 10, 8], [11, 13, 14, 23, 16], [50, 26, 19, 18, 20], [28, 21, 25, 24, 29, 27], [31, 30, 35, 32, 33], [54, 38, 34, 39, 37, 42], [41, 44, 40, 60, 59, 51], [61, 46, 48, 55, 52], [45, 47, 53, 57, 56, 63], [58, 49, 62, 73, 67], [64, 65, 66, 69, 68], [76, 71, 74, 72, 75, 77], [79, 78, 83, 82, 80], [85, 81, 84, 86, 87, 88]]
125: [[36, 43, 17, 70, 15, 3], [5, 1, 2, 22, 12], [6, 4, 7, 9, 10, 8], [11, 13, 14, 23, 16], [50, 26, 19, 18, 20], [28, 21, 25, 24, 29, 27], [31, 30, 35, 32, 33], [54, 38, 34, 39, 37, 42], [41, 44, 40, 60, 59, 51], [61, 46, 48, 55, 52], [45, 47, 53, 57, 56, 63], [58, 49, 62, 73, 67], [64, 65, 66, 69, 68], [76, 71, 74, 72, 75, 77], [79, 78, 83, 82, 80], [85, 81, 84, 86, 87, 88]]
126: [[36, 43, 17, 70, 15, 3], [5, 1, 2, 22, 12], [6, 4, 7, 9, 10, 8], [11, 13, 14, 23, 16], [50, 26, 19, 18, 20], [28, 21, 25, 24, 29, 27], [31, 30, 35, 32, 33], [54, 38, 34, 39, 37, 42], [41, 44, 40, 60, 59, 51], [61, 46, 48, 55, 52], [45, 47, 53, 57, 56, 63], [58, 49, 62, 73, 67], [64, 65, 66, 69, 68], [76, 71, 74, 72, 75, 77], [79, 78, 83, 82, 80], [85, 81, 84, 86, 87, 88]]
127: [[36, 43, 17, 70, 15, 3], [5, 1, 2, 22, 12], [6, 4, 7, 9, 10, 8], [11, 13, 14, 23, 16], [50, 26, 19, 18, 20], [28, 21, 25, 24, 29, 27], [31, 30, 35, 32, 33], [54, 38, 34, 39, 37, 42], [41, 44, 40, 60, 59, 51], [61, 46, 48, 55, 52], [45, 47, 53, 57, 56, 63], [58, 49, 62, 73, 67], [64, 65, 66, 69, 68], [76, 71, 74, 72, 75, 77], [79, 78, 83, 82, 80], [85, 81, 84, 86, 87, 88]]
128: [[36, 43, 17, 70, 15, 3], [5, 1, 2, 22, 12], [6, 4, 7, 9, 10, 8], [11, 13, 14, 23, 16], [50, 26, 19, 18, 20], [28, 21, 25, 24, 29, 27], [31, 30, 35, 32, 33], [54, 38, 34, 39, 37, 42], [41, 44, 40, 60, 59, 51], [61, 46, 48, 55, 52], [45, 47, 53, 57, 56, 63], [58, 49, 62, 73, 67], [64, 65, 66, 69, 68], [76, 71, 74, 72, 75, 77], [79, 78, 83, 82, 80], [85, 81, 84, 86, 87, 88]]
129: [[36, 43, 17, 70, 15, 3], [5, 1, 2, 22, 12], [6, 4, 7, 9, 10, 8], [11, 13, 14, 23, 16], [50, 26, 19, 18, 20], [28, 21, 25, 24, 29, 27], [31, 30, 35, 32, 33], [54, 38, 34, 39, 37, 42], [41, 44, 40, 60, 59, 51], [61, 46, 48, 55, 52], [45, 47, 53, 57, 56, 63], [58, 49, 62, 73, 67], [64, 65, 66, 69, 68], [76, 71, 74, 72, 75, 77], [79, 78, 83, 82, 80], [85, 81, 84, 86, 87, 88]]
130: [[36, 43, 17, 70, 15, 3], [5, 1, 2, 22, 12], [6, 4, 7, 9, 10, 8], [11, 13, 14, 23, 16], [50, 26, 19, 18, 20], [28, 21, 25, 24, 29, 27], [31, 30, 35, 32, 33], [54, 38, 34, 39, 37, 42], [41, 44, 40, 60, 59, 51], [61, 46, 48, 55, 52], [45, 47, 53, 57, 56, 63], [58, 49, 62, 73, 67], [64, 65, 66, 69, 68], [76, 71, 74, 72, 75, 77], [79, 78, 83, 82, 80], [85, 81, 84, 86, 87, 88]]
131: [[36, 43, 17, 70, 15, 3], [5, 1, 2, 22, 12], [6, 4, 7, 9, 10, 8], [11, 13, 14, 23, 16], [50, 26, 19, 18, 20], [28, 21, 25, 24, 29, 27], [31, 30, 35, 32, 33], [54, 38, 34, 39, 37, 42], [41, 44, 40, 60, 59, 51], [61, 46, 48, 55, 52], [45, 47, 53, 57, 56, 63], [58, 49, 62, 73, 67], [64, 65, 66, 69, 68], [76, 71, 74, 72, 75, 77], [79, 78, 83, 82, 80], [85, 81, 84, 86, 87, 88]]
132: [[36, 43, 17, 70, 15, 3], [5, 1, 2, 22, 12], [6, 4, 7, 9, 10, 8], [11, 13, 14, 23, 16], [50, 26, 19, 18, 20], [28, 21, 25, 24, 29, 27], [31, 30, 35, 32, 33], [54, 38, 34, 39, 37, 42], [41, 44, 40, 60, 59, 51], [61, 46, 48, 55, 52], [45, 47, 53, 57, 56, 63], [58, 49, 62, 73, 67], [64, 65, 66, 69, 68], [76, 71, 74, 72, 75, 77], [79, 78, 83, 82, 80], [85, 81, 84, 86, 87, 88]]
133: [[36, 43, 17, 70, 15, 3], [5, 1, 2, 22, 12], [6, 4, 7, 9, 10, 8], [11, 13, 14, 23, 16], [50, 26, 19, 18, 20], [28, 21, 25, 24, 29, 27], [31, 30, 35, 32, 33], [54, 38, 34, 39, 37, 42], [41, 44, 40, 60, 59, 51], [61, 46, 48, 55, 52], [45, 47, 53, 57, 56, 63], [58, 49, 62, 73, 67], [64, 65, 66, 69, 68], [76, 71, 74, 72, 75, 77], [79, 78, 83, 82, 80], [85, 81, 84, 86, 87, 88]]
134: [[36, 43, 17, 70, 15, 3], [5, 1, 2, 22, 12], [6, 4, 7, 9, 10, 8], [11, 13, 14, 23, 16], [50, 26, 19, 18, 20], [28, 21, 25, 24, 29, 27], [31, 30, 35, 32, 33], [54, 38, 34, 39, 37, 42], [41, 44, 40, 60, 59, 51], [61, 46, 48, 55, 52], [45, 47, 53, 57, 56, 63], [58, 49, 62, 73, 67], [64, 65, 66, 69, 68], [76, 71, 74, 72, 75, 77], [79, 78, 83, 82, 80], [85, 81, 84, 86, 87, 88]]
135: [[36, 43, 17, 70, 15, 3], [5, 1, 2, 22, 12], [6, 4, 7, 9, 10, 8], [11, 13, 14, 23, 16], [50, 26, 19, 18, 20], [28, 21, 25, 24, 29, 27], [31, 30, 35, 32, 33], [54, 38, 34, 39, 37, 42], [41, 44, 40, 60, 59, 51], [61, 46, 48, 55, 52], [45, 47, 53, 57, 56, 63], [58, 49, 62, 73, 67], [64, 65, 66, 69, 68], [76, 71, 74, 72, 75, 77], [79, 78, 83, 82, 80], [85, 81, 84, 86, 87, 88]]
136: [[36, 43, 17, 70, 15, 3], [5, 1, 2, 22, 12], [6, 4, 7, 9, 10, 8], [11, 13, 14, 23, 16], [50, 26, 19, 18, 20], [28, 21, 25, 24, 29, 27], [31, 30, 35, 32, 33], [54, 38, 34, 39, 37, 42], [41, 44, 40, 60, 59, 51], [61, 46, 48, 55, 52], [45, 47, 53, 57, 56, 63], [58, 49, 62, 73, 67], [64, 65, 66, 69, 68], [76, 71, 74, 72, 75, 77], [79, 78, 83, 82, 80], [85, 81, 84, 86, 87, 88]]
137: [[36, 43, 17, 70, 15, 3], [5, 1, 2, 22, 12], [6, 4, 7, 9, 10, 8], [11, 13, 14, 23, 16], [50, 26, 19, 18, 20], [28, 21, 25, 24, 29, 27], [31, 30, 35, 32, 33], [54, 38, 34, 39, 37, 42], [41, 44, 40, 60, 59, 51], [61, 46, 48, 55, 52], [45, 47, 53, 57, 56, 63], [58, 49, 62, 73, 67], [64, 65, 66, 69, 68], [76, 71, 74, 72, 75, 77], [79, 78, 83, 82, 80], [85, 81, 84, 86, 87, 88]]
138: [[36, 43, 17, 70, 15, 3], [5, 1, 2, 22, 12], [6, 4, 7, 9, 10, 8], [11, 13, 14, 23, 16], [50, 26, 19, 18, 20], [28, 21, 25, 24, 29, 27], [31, 30, 35, 32, 33], [54, 38, 34, 39, 37, 42], [41, 44, 40, 60, 59, 51], [61, 46, 48, 55, 52], [45, 47, 53, 57, 56, 63], [58, 49, 62, 73, 67], [64, 65, 66, 69, 68], [76, 71, 74, 72, 75, 77], [79, 78, 83, 82, 80], [85, 81, 84, 86, 87, 88]]
139: [[36, 43, 17, 70, 15, 3], [5, 1, 2, 22, 12], [6, 4, 7, 9, 10, 8], [11, 13, 14, 23, 16], [50, 26, 19, 18, 20], [28, 21, 25, 24, 29, 27], [31, 30, 35, 32, 33], [54, 38, 34, 39, 37, 42], [41, 44, 40, 60, 59, 51], [61, 46, 48, 55, 52], [45, 47, 53, 57, 56, 63], [58, 49, 62, 73, 67], [64, 65, 66, 69, 68], [76, 71, 74, 72, 75, 77], [79, 78, 83, 82, 80], [85, 81, 84, 86, 87, 88]]
140: [[36, 43, 17, 70, 15, 3], [5, 1, 2, 22, 12], [6, 4, 7, 9, 10, 8], [11, 13, 14, 23, 16], [50, 26, 19, 18, 20], [28, 21, 25, 24, 29, 27], [31, 30, 35, 32, 33], [54, 38, 34, 39, 37, 42], [41, 44, 40, 60, 59, 51], [61, 46, 48, 55, 52], [45, 47, 53, 57, 56, 63], [58, 49, 62, 73, 67], [64, 65, 66, 69, 68], [76, 71, 74, 72, 75, 77], [79, 78, 83, 82, 80], [85, 81, 84, 86, 87, 88]]
141: [[36, 43, 17, 70, 15, 3], [5, 1, 2, 22, 12], [6, 4, 7, 9, 10, 8], [11, 13, 14, 23, 16], [50, 26, 19, 18, 20], [28, 21, 25, 24, 29, 27], [31, 30, 35, 32, 33], [54, 38, 34, 39, 37, 42], [41, 44, 40, 60, 59, 51], [61, 46, 48, 55, 52], [45, 47, 53, 57, 56, 63], [58, 49, 62, 73, 67], [64, 65, 66, 69, 68], [76, 71, 74, 72, 75, 77], [79, 78, 83, 82, 80], [85, 81, 84, 86, 87, 88]]
142: [[36, 43, 17, 70, 15, 3], [5, 1, 2, 22, 12], [6, 4, 7, 9, 10, 8], [11, 13, 14, 23, 16], [50, 26, 19, 18, 20], [28, 21, 25, 24, 29, 27], [31, 30, 35, 32, 33], [54, 38, 34, 39, 37, 42], [41, 44, 40, 60, 59, 51], [61, 46, 48, 55, 52], [45, 47, 53, 57, 56, 63], [58, 49, 62, 73, 67], [64, 65, 66, 69, 68], [76, 71, 74, 72, 75, 77], [79, 78, 83, 82, 80], [85, 81, 84, 86, 87, 88]]
143: [[36, 43, 17, 70, 15, 3], [5, 1, 2, 22, 12], [6, 4, 7, 9, 10, 8], [11, 13, 14, 23, 16], [50, 26, 19, 18, 20], [28, 21, 25, 24, 29, 27], [31, 30, 35, 32, 33], [54, 38, 34, 39, 37, 42], [41, 44, 40, 60, 59, 51], [61, 46, 48, 55, 52], [45, 47, 53, 57, 56, 63], [58, 49, 62, 73, 67], [64, 65, 66, 69, 68], [76, 71, 74, 72, 75, 77], [79, 78, 83, 82, 80], [85, 81, 84, 86, 87, 88]]
144: [[36, 43, 17, 70, 15, 3], [5, 1, 2, 22, 12], [6, 4, 7, 9, 10, 8], [11, 13, 14, 23, 16], [50, 26, 19, 18, 20], [28, 21, 25, 24, 29, 27], [31, 30, 35, 32, 33], [54, 38, 34, 39, 37, 42], [41, 44, 40, 60, 59, 51], [61, 46, 48, 55, 52], [45, 47, 53, 57, 56, 63], [58, 49, 62, 73, 67], [64, 65, 66, 69, 68], [76, 71, 74, 72, 75, 77], [79, 78, 83, 82, 80], [85, 81, 84, 86, 87, 88]]
145: [[36, 43, 17, 70, 15, 3], [5, 1, 2, 22, 12], [6, 4, 7, 9, 10, 8], [11, 13, 14, 23, 16], [50, 26, 19, 18, 20], [28, 21, 25, 24, 29, 27], [31, 30, 35, 32, 33], [54, 38, 34, 39, 37, 42], [41, 44, 40, 60, 59, 51], [61, 46, 48, 55, 52], [45, 47, 53, 57, 56, 63], [58, 49, 62, 73, 67], [64, 65, 66, 69, 68], [76, 71, 74, 72, 75, 77], [79, 78, 83, 82, 80], [85, 81, 84, 86, 87, 88]]
146: [[36, 43, 17, 70, 15, 3], [5, 1, 2, 22, 12], [6, 4, 7, 9, 10, 8], [11, 13, 14, 23, 16], [50, 26, 19, 18, 20], [28, 21, 25, 24, 29, 27], [31, 30, 35, 32, 33], [54, 38, 34, 39, 37, 42], [41, 44, 40, 60, 59, 51], [61, 46, 48, 55, 52], [45, 47, 53, 57, 56, 63], [58, 49, 62, 73, 67], [64, 65, 66, 69, 68], [76, 71, 74, 72, 75, 77], [79, 78, 83, 82, 80], [85, 81, 84, 86, 87, 88]]
147: [[36, 43, 17, 70, 15, 3], [5, 1, 2, 22, 12], [6, 4, 7, 9, 10, 8], [11, 13, 14, 23, 16], [50, 26, 19, 18, 20], [28, 21, 25, 24, 29, 27], [31, 30, 35, 32, 33], [54, 38, 34, 39, 37, 42], [41, 44, 40, 60, 59, 51], [61, 46, 48, 55, 52], [45, 47, 53, 57, 56, 63], [58, 49, 62, 73, 67], [64, 65, 66, 69, 68], [76, 71, 74, 72, 75, 77], [79, 78, 83, 82, 80], [85, 81, 84, 86, 87, 88]]
148: [[36, 43, 17, 70, 15, 3], [5, 1, 2, 22, 12], [6, 4, 7, 9, 10, 8], [11, 13, 14, 23, 16], [50, 26, 19, 18, 20], [28, 21, 25, 24, 29, 27], [31, 30, 35, 32, 33], [54, 38, 34, 39, 37, 42], [41, 44, 40, 60, 59, 51], [61, 46, 48, 55, 52], [45, 47, 53, 57, 56, 63], [58, 49, 62, 73, 67], [64, 65, 66, 69, 68], [76, 71, 74, 72, 75, 77], [79, 78, 83, 82, 80], [85, 81, 84, 86, 87, 88]]
149: [[36, 43, 17, 70, 15, 3], [5, 1, 2, 22, 12], [6, 4, 7, 9, 10, 8], [11, 13, 14, 23, 16], [50, 26, 19, 18, 20], [28, 21, 25, 24, 29, 27], [31, 30, 35, 32, 33], [54, 38, 34, 39, 37, 42], [41, 44, 40, 60, 59, 51], [61, 46, 48, 55, 52], [45, 47, 53, 57, 56, 63], [58, 49, 62, 73, 67], [64, 65, 66, 69, 68], [76, 71, 74, 72, 75, 77], [79, 78, 83, 82, 80], [85, 81, 84, 86, 87, 88]]
150: [[36, 43, 17, 70, 15, 3], [5, 1, 2, 22, 12], [6, 4, 7, 9, 10, 8], [11, 13, 14, 23, 16], [50, 26, 19, 18, 20], [28, 21, 25, 24, 29, 27], [31, 30, 35, 32, 33], [54, 38, 34, 39, 37, 42], [41, 44, 40, 60, 59, 51], [61, 46, 48, 55, 52], [45, 47, 53, 57, 56, 63], [58, 49, 62, 73, 67], [64, 65, 66, 69, 68], [76, 71, 74, 72, 75, 77], [79, 78, 83, 82, 80], [85, 81, 84, 86, 87, 88]]
151: [[36, 43, 17, 70, 15, 3], [5, 1, 2, 22, 12], [6, 4, 7, 9, 10, 8], [11, 13, 14, 23, 16], [50, 26, 19, 18, 20], [28, 21, 25, 24, 29, 27], [31, 30, 35, 32, 33], [54, 38, 34, 39, 37, 42], [41, 44, 40, 60, 59, 51], [61, 46, 48, 55, 52], [45, 47, 53, 57, 56, 63], [58, 49, 62, 73, 67], [64, 65, 66, 69, 68], [76, 71, 74, 72, 75, 77], [79, 78, 83, 82, 80], [85, 81, 84, 86, 87, 88]]
152: [[36, 43, 17, 70, 15, 3], [5, 1, 2, 22, 12], [6, 4, 7, 9, 10, 8], [11, 13, 14, 23, 16], [50, 26, 19, 18, 20], [28, 21, 25, 24, 29, 27], [31, 30, 35, 32, 33], [54, 38, 34, 39, 37, 42], [41, 44, 40, 60, 59, 51], [61, 46, 48, 55, 52], [45, 47, 53, 57, 56, 63], [58, 49, 62, 73, 67], [64, 65, 66, 69, 68], [76, 71, 74, 72, 75, 77], [79, 78, 83, 82, 80], [85, 81, 84, 86, 87, 88]]
153: [[36, 43, 17, 70, 15, 3], [5, 1, 2, 22, 12], [6, 4, 7, 9, 10, 8], [11, 13, 14, 23, 16], [50, 26, 19, 18, 20], [28, 21, 25, 24, 29, 27], [31, 30, 35, 32, 33], [54, 38, 34, 39, 37, 42], [41, 44, 40, 60, 59, 51], [61, 46, 48, 55, 52], [45, 47, 53, 57, 56, 63], [58, 49, 62, 73, 67], [64, 65, 66, 69, 68], [76, 71, 74, 72, 75, 77], [79, 78, 83, 82, 80], [85, 81, 84, 86, 87, 88]]
154: [[36, 43, 17, 70, 15, 3], [5, 1, 2, 22, 12], [6, 4, 7, 9, 10, 8], [11, 13, 14, 23, 16], [50, 26, 19, 18, 20], [28, 21, 25, 24, 29, 27], [31, 30, 35, 32, 33], [54, 38, 34, 39, 37, 42], [41, 44, 40, 60, 59, 51], [61, 46, 48, 55, 52], [45, 47, 53, 57, 56, 63], [58, 49, 62, 73, 67], [64, 65, 66, 69, 68], [76, 71, 74, 72, 75, 77], [79, 78, 83, 82, 80], [85, 81, 84, 86, 87, 88]]
155: [[36, 43, 17, 70, 15, 3], [5, 1, 2, 22, 12], [6, 4, 7, 9, 10, 8], [11, 13, 14, 23, 16], [50, 26, 19, 18, 20], [28, 21, 25, 24, 29, 27], [31, 30, 35, 32, 33], [54, 38, 34, 39, 37, 42], [41, 44, 40, 60, 59, 51], [61, 46, 48, 55, 52], [45, 47, 53, 57, 56, 63], [58, 49, 62, 73, 67], [64, 65, 66, 69, 68], [76, 71, 74, 72, 75, 77], [79, 78, 83, 82, 80], [85, 81, 84, 86, 87, 88]]
156: [[36, 43, 17, 70, 15, 3], [5, 1, 2, 22, 12], [6, 4, 7, 9, 10, 8], [11, 13, 14, 23, 16], [50, 26, 19, 18, 20], [28, 21, 25, 24, 29, 27], [31, 30, 35, 32, 33], [54, 38, 34, 39, 37, 42], [41, 44, 40, 60, 59, 51], [61, 46, 48, 55, 52], [45, 47, 53, 57, 56, 63], [58, 49, 62, 73, 67], [64, 65, 66, 69, 68], [76, 71, 74, 72, 75, 77], [79, 78, 83, 82, 80], [85, 81, 84, 86, 87, 88]]
157: [[36, 43, 17, 70, 15, 3], [5, 1, 2, 22, 12], [6, 4, 7, 9, 10, 8], [11, 13, 14, 23, 16], [50, 26, 19, 18, 20], [28, 21, 25, 24, 29, 27], [31, 30, 35, 32, 33], [54, 38, 34, 39, 37, 42], [41, 44, 40, 60, 59, 51], [61, 46, 48, 55, 52], [45, 47, 53, 57, 56, 63], [58, 49, 62, 73, 67], [64, 65, 66, 69, 68], [76, 71, 74, 72, 75, 77], [79, 78, 83, 82, 80], [85, 81, 84, 86, 87, 88]]
158: [[36, 43, 17, 70, 15, 3], [5, 1, 2, 22, 12], [6, 4, 7, 9, 10, 8], [11, 13, 14, 23, 16], [50, 26, 19, 18, 20], [28, 21, 25, 24, 29, 27], [31, 30, 35, 32, 33], [54, 38, 34, 39, 37, 42], [41, 44, 40, 60, 59, 51], [61, 46, 48, 55, 52], [45, 47, 53, 57, 56, 63], [58, 49, 62, 73, 67], [64, 65, 66, 69, 68], [76, 71, 74, 72, 75, 77], [79, 78, 83, 82, 80], [85, 81, 84, 86, 87, 88]]
159: [[36, 43, 17, 70, 15, 3], [5, 1, 2, 22, 12], [6, 4, 7, 9, 10, 8], [11, 13, 14, 23, 16], [50, 26, 19, 18, 20], [28, 21, 25, 24, 29, 27], [31, 30, 35, 32, 33], [54, 38, 34, 39, 37, 42], [41, 44, 40, 60, 59, 51], [61, 46, 48, 55, 52], [45, 47, 53, 57, 56, 63], [58, 49, 62, 73, 67], [64, 65, 66, 69, 68], [76, 71, 74, 72, 75, 77], [79, 78, 83, 82, 80], [85, 81, 84, 86, 87, 88]]
160: [[36, 43, 17, 70, 15, 3], [5, 1, 2, 22, 12], [6, 4, 7, 9, 10, 8], [11, 13, 14, 23, 16], [50, 26, 19, 18, 20], [28, 21, 25, 24, 29, 27], [31, 30, 35, 32, 33], [54, 38, 34, 39, 37, 42], [41, 44, 40, 60, 59, 51], [61, 46, 48, 55, 52], [45, 47, 53, 57, 56, 63], [58, 49, 62, 73, 67], [64, 65, 66, 69, 68], [76, 71, 74, 72, 75, 77], [79, 78, 83, 82, 80], [85, 81, 84, 86, 87, 88]]
161: [[36, 43, 17, 70, 15, 3], [5, 1, 2, 22, 12], [6, 4, 7, 9, 10, 8], [11, 13, 14, 23, 16], [50, 26, 19, 18, 20], [28, 21, 25, 24, 29, 27], [31, 30, 35, 32, 33], [54, 38, 34, 39, 37, 42], [41, 44, 40, 60, 59, 51], [61, 46, 48, 55, 52], [45, 47, 53, 57, 56, 63], [58, 49, 62, 73, 67], [64, 65, 66, 69, 68], [76, 71, 74, 72, 75, 77], [79, 78, 83, 82, 80], [85, 81, 84, 86, 87, 88]]
162: [[36, 43, 17, 70, 15, 3], [5, 1, 2, 22, 12], [6, 4, 7, 9, 10, 8], [11, 13, 14, 23, 16], [50, 26, 19, 18, 20], [28, 21, 25, 24, 29, 27], [31, 30, 35, 32, 33], [54, 38, 34, 39, 37, 42], [41, 44, 40, 60, 59, 51], [61, 46, 48, 55, 52], [45, 47, 53, 57, 56, 63], [58, 49, 62, 73, 67], [64, 65, 66, 69, 68], [76, 71, 74, 72, 75, 77], [79, 78, 83, 82, 80], [85, 81, 84, 86, 87, 88]]
163: [[36, 43, 17, 70, 15, 3], [5, 1, 2, 22, 12], [6, 4, 7, 9, 10, 8], [11, 13, 14, 23, 16], [50, 26, 19, 18, 20], [28, 21, 25, 24, 29, 27], [31, 30, 35, 32, 33], [54, 38, 34, 39, 37, 42], [41, 44, 40, 60, 59, 51], [61, 46, 48, 55, 52], [45, 47, 53, 57, 56, 63], [58, 49, 62, 73, 67], [64, 65, 66, 69, 68], [76, 71, 74, 72, 75, 77], [79, 78, 83, 82, 80], [85, 81, 84, 86, 87, 88]]
164: [[36, 43, 17, 70, 15, 3], [5, 1, 2, 22, 12], [6, 4, 7, 9, 10, 8], [11, 13, 14, 23, 16], [50, 26, 19, 18, 20], [28, 21, 25, 24, 29, 27], [31, 30, 35, 32, 33], [54, 38, 34, 39, 37, 42], [41, 44, 40, 60, 59, 51], [61, 46, 48, 55, 52], [45, 47, 53, 57, 56, 63], [58, 49, 62, 73, 67], [64, 65, 66, 69, 68], [76, 71, 74, 72, 75, 77], [79, 78, 83, 82, 80], [85, 81, 84, 86, 87, 88]]
165: [[36, 43, 17, 70, 15, 3], [5, 1, 2, 22, 12], [6, 4, 7, 9, 10, 8], [11, 13, 14, 23, 16], [50, 26, 19, 18, 20], [28, 21, 25, 24, 29, 27], [31, 30, 35, 32, 33], [54, 38, 34, 39, 37, 42], [41, 44, 40, 60, 59, 51], [61, 46, 48, 55, 52], [45, 47, 53, 57, 56, 63], [58, 49, 62, 73, 67], [64, 65, 66, 69, 68], [76, 71, 74, 72, 75, 77], [79, 78, 83, 82, 80], [85, 81, 84, 86, 87, 88]]
166: [[36, 43, 17, 70, 15, 3], [5, 1, 2, 22, 12], [6, 4, 7, 9, 10, 8], [11, 13, 14, 23, 16], [50, 26, 19, 18, 20], [28, 21, 25, 24, 29, 27], [31, 30, 35, 32, 33], [54, 38, 34, 39, 37, 42], [41, 44, 40, 60, 59, 51], [61, 46, 48, 55, 52], [45, 47, 53, 57, 56, 63], [58, 49, 62, 73, 67], [64, 65, 66, 69, 68], [76, 71, 74, 72, 75, 77], [79, 78, 83, 82, 80], [85, 81, 84, 86, 87, 88]]
167: [[36, 43, 17, 70, 15, 3], [5, 1, 2, 22, 12], [6, 4, 7, 9, 10, 8], [11, 13, 14, 23, 16], [50, 26, 19, 18, 20], [28, 21, 25, 24, 29, 27], [31, 30, 35, 32, 33], [54, 38, 34, 39, 37, 42], [41, 44, 40, 60, 59, 51], [61, 46, 48, 55, 52], [45, 47, 53, 57, 56, 63], [58, 49, 62, 73, 67], [64, 65, 66, 69, 68], [76, 71, 74, 72, 75, 77], [79, 78, 83, 82, 80], [85, 81, 84, 86, 87, 88]]
168: [[36, 43, 17, 70, 15, 3], [5, 1, 2, 22, 12], [6, 4, 7, 9, 10, 8], [11, 13, 14, 23, 16], [50, 26, 19, 18, 20], [28, 21, 25, 24, 29, 27], [31, 30, 35, 32, 33], [54, 38, 34, 39, 37, 42], [41, 44, 40, 60, 59, 51], [61, 46, 48, 55, 52], [45, 47, 53, 57, 56, 63], [58, 49, 62, 73, 67], [64, 65, 66, 69, 68], [76, 71, 74, 72, 75, 77], [79, 78, 83, 82, 80], [85, 81, 84, 86, 87, 88]]
169: [[36, 43, 17, 70, 15, 3], [5, 1, 2, 22, 12], [6, 4, 7, 9, 10, 8], [11, 13, 14, 23, 16], [50, 26, 19, 18, 20], [28, 21, 25, 24, 29, 27], [31, 30, 35, 32, 33], [54, 38, 34, 39, 37, 42], [41, 44, 40, 60, 59, 51], [61, 46, 48, 55, 52], [45, 47, 53, 57, 56, 63], [58, 49, 62, 73, 67], [64, 65, 66, 69, 68], [76, 71, 74, 72, 75, 77], [79, 78, 83, 82, 80], [85, 81, 84, 86, 87, 88]]
170: [[36, 43, 17, 70, 15, 3], [5, 1, 2, 22, 12], [6, 4, 7, 9, 10, 8], [11, 13, 14, 23, 16], [50, 26, 19, 18, 20], [28, 21, 25, 24, 29, 27], [31, 30, 35, 32, 33], [54, 38, 34, 39, 37, 42], [41, 44, 40, 60, 59, 51], [61, 46, 48, 55, 52], [45, 47, 53, 57, 56, 63], [58, 49, 62, 73, 67], [64, 65, 66, 69, 68], [76, 71, 74, 72, 75, 77], [79, 78, 83, 82, 80], [85, 81, 84, 86, 87, 88]]
171: [[36, 43, 17, 70, 15, 3], [5, 1, 2, 22, 12], [6, 4, 7, 9, 10, 8], [11, 13, 14, 23, 16], [50, 26, 19, 18, 20], [28, 21, 25, 24, 29, 27], [31, 30, 35, 32, 33], [54, 38, 34, 39, 37, 42], [41, 44, 40, 60, 59, 51], [61, 46, 48, 55, 52], [45, 47, 53, 57, 56, 63], [58, 49, 62, 73, 67], [64, 65, 66, 69, 68], [76, 71, 74, 72, 75, 77], [79, 78, 83, 82, 80], [85, 81, 84, 86, 87, 88]]
172: [[36, 43, 17, 70, 15, 3], [5, 1, 2, 22, 12], [6, 4, 7, 9, 10, 8], [11, 13, 14, 23, 16], [50, 26, 19, 18, 20], [28, 21, 25, 24, 29, 27], [31, 30, 35, 32, 33], [54, 38, 34, 39, 37, 42], [41, 44, 40, 60, 59, 51], [61, 46, 48, 55, 52], [45, 47, 53, 57, 56, 63], [58, 49, 62, 73, 67], [64, 65, 66, 69, 68], [76, 71, 74, 72, 75, 77], [79, 78, 83, 82, 80], [85, 81, 84, 86, 87, 88]]
173: [[36, 43, 17, 70, 15, 3], [5, 1, 2, 22, 12], [6, 4, 7, 9, 10, 8], [11, 13, 14, 23, 16], [50, 26, 19, 18, 20], [28, 21, 25, 24, 29, 27], [31, 30, 35, 32, 33], [54, 38, 34, 39, 37, 42], [41, 44, 40, 60, 59, 51], [61, 46, 48, 55, 52], [45, 47, 53, 57, 56, 63], [58, 49, 62, 73, 67], [64, 65, 66, 69, 68], [76, 71, 74, 72, 75, 77], [79, 78, 83, 82, 80], [85, 81, 84, 86, 87, 88]]
174: [[36, 43, 17, 70, 15, 3], [5, 1, 2, 22, 12], [6, 4, 7, 9, 10, 8], [11, 13, 14, 23, 16], [50, 26, 19, 18, 20], [28, 21, 25, 24, 29, 27], [31, 30, 35, 32, 33], [54, 38, 34, 39, 37, 42], [41, 44, 40, 60, 59, 51], [61, 46, 48, 55, 52], [45, 47, 53, 57, 56, 63], [58, 49, 62, 73, 67], [64, 65, 66, 69, 68], [76, 71, 74, 72, 75, 77], [79, 78, 83, 82, 80], [85, 81, 84, 86, 87, 88]]
175: [[36, 43, 17, 70, 15, 3], [5, 1, 2, 22, 12], [6, 4, 7, 9, 10, 8], [11, 13, 14, 23, 16, 50], [26, 19, 18, 20, 28], [21, 25, 24, 29, 27, 31], [30, 35, 32, 33, 54], [38, 34, 39, 37, 42], [41, 44, 40, 60, 59, 51], [61, 46, 48, 55, 52], [45, 47, 53, 57, 56, 63], [58, 49, 62, 73, 67], [64, 65, 66, 69, 68], [76, 71, 74, 72, 75, 77], [79, 78, 83, 82, 80], [85, 81, 84, 86, 87, 88]]
