0: [[36, 11, 43, 29, 4, 13, 2, 1], [5, 3, 9, 6, 7, 8, 10, 20], [22, 28, 15, 12, 25, 18, 14, 16], [19, 17, 21, 31, 26, 27, 23, 24], [30, 32, 39, 34, 53, 35, 33, 44], [41, 38, 37, 42, 50, 60, 49, 54], [61, 56, 47, 45, 46, 63, 48, 55], [51, 40, 52, 59, 57, 62, 58, 65], [64, 67, 66, 68, 77, 70, 73, 69], [71, 75, 76, 72, 78, 74, 87, 84], [79, 81, 82, 83, 80, 85, 86, 88]]
1: [[36, 11, 43, 29, 4, 13, 2, 1], [5, 3, 9, 6, 7, 8, 10, 20], [22, 28, 15, 12, 25, 18, 14, 16], [19, 17, 21, 31, 26, 27, 23, 24], [30, 32, 39, 34, 53, 35, 33, 44], [41, 38, 37, 42, 50, 60, 49, 54], [61, 56, 47, 45, 46, 63, 48, 55], [51, 40, 52, 59, 57, 62, 58, 65], [64, 67, 66, 68, 77, 70, 73, 69], [71, 75, 76, 72, 78, 74, 87, 84], [79, 81, 82, 83, 80, 85, 86, 88]]
2: [[36, 11, 43, 29, 4, 13, 2, 1], [5, 3, 9, 6, 7, 8, 10, 20], [22, 28, 15, 12, 25, 18, 14, 16], [19, 17, 21, 31, 26, 27, 23, 24], [30, 32, 39, 34, 53, 35, 33, 44], [41, 38, 37, 42, 50, 60, 49, 54], [61, 56, 47, 45, 46, 63, 48, 55], [51, 40, 52, 59, 57, 62, 58, 65], [64, 67, 66, 68, 77, 70, 73, 69], [71, 75, 76, 72, 78, 74, 87, 84], [79, 81, 82, 83, 80, 85, 86, 88]]
3: [[36, 11, 43, 29, 4, 13, 2, 1], [5, 3, 9, 6, 7, 8, 10, 20], [22, 28, 15, 12, 25, 18, 14, 16], [19, 17, 21, 31, 26, 27, 23, 24], [30, 32, 39, 34, 53, 35, 33, 44], [41, 38, 37, 42, 50, 60, 49, 54], [61, 56, 47, 45, 46, 63, 48, 55], [51, 40, 52, 59, 57, 62, 58, 65], [64, 67, 66, 68, 77, 70, 73, 69], [71, 75, 76, 72, 78, 74, 87, 84], [79, 81, 82, 83, 80, 85, 86, 88]]
4: [[36, 11, 43, 29, 4, 13, 2, 1], [5, 3, 9, 6, 7, 8, 10, 20], [22, 28, 15, 12, 25, 18, 14, 16], [19, 17, 21, 31, 26, 27, 23, 24], [30, 32, 39, 34, 53, 35, 33, 44], [41, 38, 37, 42, 50, 60, 49, 54], [61, 56, 47, 45, 46, 63, 48, 55], [51, 40, 52, 59, 57, 62, 58, 65], [64, 67, 66, 68, 77, 70, 73, 69], [71, 75, 76, 72, 78, 74, 87, 84], [79, 81, 82, 83, 80, 85, 86, 88]]
5: [[36, 11, 43, 29, 4, 13, 2, 1], [5, 3, 9, 6, 7, 8, 10, 20], [22, 28, 15, 12, 25, 18, 14, 16], [19, 17, 21, 31, 26, 27, 23, 24], [30, 32, 39, 34, 53, 35, 33, 44], [41, 38, 37, 42, 50, 60, 49, 54], [61, 56, 47, 45, 46, 63, 48, 55], [51, 40, 52, 59, 57, 62, 58, 65], [64, 67, 66, 68, 77, 70, 73, 69], [71, 75, 76, 72, 78, 74, 87, 84], [79, 81, 82, 83, 80, 85, 86, 88]]
6: [[36, 11, 43, 29, 4, 13, 2, 1], [5, 3, 9, 6, 7, 8, 10, 20], [22, 28, 15, 12, 25, 18, 14, 16], [19, 17, 21, 31, 26, 27, 23, 24], [30, 32, 39, 34, 53, 35, 33, 44], [41, 38, 37, 42, 50, 60, 49, 54], [61, 56, 47, 45, 46, 63, 48, 55], [51, 40, 52, 59, 57, 62, 58, 65], [64, 67, 66, 68, 77, 70, 73, 69], [71, 75, 76, 72, 78, 74, 87, 84], [79, 81, 82, 83, 80, 85, 86, 88]]
7: [[36, 11, 43, 29, 4, 13, 2, 1], [5, 3, 9, 6, 7, 8, 10, 20], [22, 28, 15, 12, 25, 18, 14, 16], [19, 17, 21, 31, 26, 27, 23, 24], [30, 32, 39, 34, 53, 35, 33, 44], [41, 38, 37, 42, 50, 60, 49, 54], [61, 56, 47, 45, 46, 63, 48, 55], [51, 40, 52, 59, 57, 62, 58, 65], [64, 67, 66, 68, 77, 70, 73, 69], [71, 75, 76, 72, 78, 74, 87, 84], [79, 81, 82, 83, 80, 85, 86, 88]]
8: [[36, 11, 43, 29, 4, 13, 2, 1], [5, 3, 9, 6, 7, 8, 10, 20], [22, 28, 15, 12, 25, 18, 14, 16], [19, 17, 21, 31, 26, 27, 23, 24], [30, 32, 39, 34, 53, 35, 33, 44], [41, 38, 37, 42, 50, 60, 49, 54], [61, 56, 47, 45, 46, 63, 48, 55], [51, 40, 52, 59, 57, 62, 58, 65], [64, 67, 66, 68, 77, 70, 73, 69], [71, 75, 76, 72, 78, 74, 87, 84], [79, 81, 82, 83, 80, 85, 86, 88]]
9: [[36, 11, 43, 29, 4, 13, 2, 1], [5, 3, 9, 6, 7, 8, 10, 20], [22, 28, 15, 12, 25, 18, 14, 16], [19, 17, 21, 31, 26, 27, 23, 24], [30, 32, 39, 34, 53, 35, 33, 44], [41, 38, 37, 42, 50, 60, 49, 54], [61, 56, 47, 45, 46, 63, 48, 55], [51, 40, 52, 59, 57, 62, 58, 65], [64, 67, 66, 68, 77, 70, 73, 69], [71, 75, 76, 72, 78, 74, 87, 84], [79, 81, 82, 83, 80, 85, 86, 88]]
10: [[36, 11, 43, 29, 4, 13, 2, 1], [5, 3, 9, 6, 7, 8, 10, 20], [22, 28, 15, 12, 25, 18, 14, 16], [19, 17, 21, 31, 26, 27, 23, 24], [30, 32, 39, 34, 53, 35, 33, 44], [41, 38, 37, 42, 50, 60, 49, 54], [61, 56, 47, 45, 46, 63, 48, 55], [51, 40, 52, 59, 57, 62, 58, 65], [64, 67, 66, 68, 77, 70, 73, 69], [71, 75, 76, 72, 78, 74, 87, 84], [79, 81, 82, 83, 80, 85, 86, 88]]
11: [[36, 11, 43, 29, 4, 13, 2, 1], [5, 3, 9, 6, 7, 8, 10, 20], [22, 28, 15, 12, 25, 18, 14, 16], [19, 17, 21, 31, 26, 27, 23, 24], [30, 32, 39, 34, 53, 35, 33, 44], [41, 38, 37, 42, 50, 60, 49, 54], [61, 56, 47, 45, 46, 63, 48, 55], [51, 40, 52, 59, 57, 62, 58, 65], [64, 67, 66, 68, 77, 70, 73, 69], [71, 75, 76, 72, 78, 74, 87, 84], [79, 81, 82, 83, 80, 85, 86, 88]]
12: [[36, 11, 43, 29, 4, 13, 2, 1], [5, 3, 9, 6, 7, 8, 10, 20], [22, 28, 15, 12, 25, 18, 14, 16], [19, 17, 21, 31, 26, 27, 23, 24], [30, 32, 39, 34, 53, 35, 33, 44], [41, 38, 37, 42, 50, 60, 49, 54], [61, 56, 47, 45, 46, 63, 48, 55], [51, 40, 52, 59, 57, 62, 58, 65], [64, 67, 66, 68, 77, 70, 73, 69], [71, 75, 76, 72, 78, 74, 87, 84], [79, 81, 82, 83, 80, 85, 86, 88]]
13: [[36, 11, 43, 29, 4, 13, 2, 1], [5, 3, 9, 6, 7, 8, 10, 20], [22, 28, 15, 12, 25, 18, 14, 16], [19, 17, 21, 31, 26, 27, 23, 24], [30, 32, 39, 34, 53, 35, 33, 44], [41, 38, 37, 42, 50, 60, 49, 54], [61, 56, 47, 45, 46, 63, 48, 55], [51, 40, 52, 59, 57, 62, 58, 65], [64, 67, 66, 68, 77, 70, 73, 69], [71, 75, 76, 72, 78, 74, 87, 84], [79, 81, 82, 83, 80, 85, 86, 88]]
14: [[36, 11, 43, 29, 4, 13, 2, 1], [5, 3, 9, 6, 7, 8, 10, 20], [22, 28, 15, 12, 25, 18, 14, 16], [19, 17, 21, 31, 26, 27, 23, 24], [30, 32, 39, 34, 53, 35, 33, 44], [41, 38, 37, 42, 50, 60, 49, 54], [61, 56, 47, 45, 46, 63, 48, 55], [51, 40, 52, 59, 57, 62, 58, 65], [64, 67, 66, 68, 77, 70, 73, 69], [71, 75, 76, 72, 78, 74, 87, 84], [79, 81, 82, 83, 80, 85, 86, 88]]
15: [[36, 11, 43, 29, 4, 13, 2, 1], [5, 3, 9, 6, 7, 8, 10, 20], [22, 28, 15, 12, 25, 18, 14, 16], [19, 17, 21, 31, 26, 27, 23, 24], [30, 32, 39, 34, 53, 35, 33, 44], [41, 38, 37, 42, 50, 60, 49, 54], [61, 56, 47, 45, 46, 63, 48, 55], [51, 40, 52, 59, 57, 62, 58, 65], [64, 67, 66, 68, 77, 70, 73, 69], [71, 75, 76, 72, 78, 74, 87, 84], [79, 81, 82, 83, 80, 85, 86, 88]]
16: [[36, 11, 43, 29, 4, 13, 2, 1], [5, 3, 9, 6, 7, 8, 10, 20], [22, 28, 15, 12, 25, 18, 14, 16], [19, 17, 21, 31, 26, 27, 23, 24], [30, 32, 39, 34, 53, 35, 33, 44], [41, 38, 37, 42, 50, 60, 49, 54], [61, 56, 47, 45, 46, 63, 48, 55], [51, 40, 52, 59, 57, 62, 58, 65], [64, 67, 66, 68, 77, 70, 73, 69], [71, 75, 76, 72, 78, 74, 87, 84], [79, 81, 82, 83, 80, 85, 86, 88]]
17: [[36, 11, 43, 29, 4, 13, 2, 1], [5, 3, 9, 6, 7, 8, 10, 20], [22, 28, 15, 12, 25, 18, 14, 16], [19, 17, 21, 31, 26, 27, 23, 24], [30, 32, 39, 34, 53, 35, 33, 44], [41, 38, 37, 42, 50, 60, 49, 54], [61, 56, 47, 45, 46, 63, 48, 55], [51, 40, 52, 59, 57, 62, 58, 65], [64, 67, 66, 68, 77, 70, 73, 69], [71, 75, 76, 72, 78, 74, 87, 84], [79, 81, 82, 83, 80, 85, 86, 88]]
18: [[36, 11, 43, 29, 4, 13, 2, 1], [5, 3, 9, 6, 7, 8, 10, 20], [22, 28, 15, 12, 25, 18, 14, 16], [19, 17, 21, 31, 26, 27, 23, 24], [30, 32, 39, 34, 53, 35, 33, 44], [41, 38, 37, 42, 50, 60, 49, 54], [61, 56, 47, 45, 46, 63, 48, 55], [51, 40, 52, 59, 57, 62, 58, 65], [64, 67, 66, 68, 77, 70, 73, 69], [71, 75, 76, 72, 78, 74, 87, 84], [79, 81, 82, 83, 80, 85, 86, 88]]
19: [[36, 11, 43, 29, 4, 13, 2, 1], [5, 3, 9, 6, 7, 8, 10, 20], [22, 28, 15, 12, 25, 18, 14, 16], [19, 17, 21, 31, 26, 27, 23, 24], [30, 32, 39, 34, 53, 35, 33, 44], [41, 38, 37, 42, 50, 60, 49, 54], [61, 56, 47, 45, 46, 63, 48, 55], [51, 40, 52, 59, 57, 62, 58, 65], [64, 67, 66, 68, 77, 70, 73, 69], [71, 75, 76, 72, 78, 74, 87, 84], [79, 81, 82, 83, 80, 85, 86, 88]]
20: [[36, 11, 43, 29, 4, 13, 2, 1], [5, 3, 9, 6, 7, 8, 10, 20], [22, 28, 15, 12, 25, 18, 14, 16], [19, 17, 21, 31, 26, 27, 23, 24], [30, 32, 39, 34, 53, 35, 33, 44], [41, 38, 37, 42, 50, 60, 49, 54], [61, 56, 47, 45, 46, 63, 48, 55], [51, 40, 52, 59, 57, 62, 58, 65], [64, 67, 66, 68, 77, 70, 73, 69], [71, 75, 76, 72, 78, 74, 87, 84], [79, 81, 82, 83, 80, 85, 86, 88]]
21: [[36, 11, 43, 29, 4, 13, 2, 1], [5, 3, 9, 6, 7, 8, 10, 20], [22, 28, 15, 12, 25, 18, 14, 16], [19, 17, 21, 31, 26, 27, 23, 24], [30, 32, 39, 34, 53, 35, 33, 44], [41, 38, 37, 42, 50, 60, 49, 54], [61, 56, 47, 45, 46, 63, 48, 55], [51, 40, 52, 59, 57, 62, 58, 65], [64, 67, 66, 68, 77, 70, 73, 69], [71, 75, 76, 72, 78, 74, 87, 84], [79, 81, 82, 83, 80, 85, 86, 88]]
22: [[36, 11, 43, 29, 4, 13, 2, 1], [5, 3, 9, 6, 7, 8, 10, 20], [22, 28, 15, 12, 25, 18, 14, 16], [19, 17, 21, 31, 26, 27, 23, 24], [30, 32, 39, 34, 53, 35, 33, 44], [41, 38, 37, 42, 50, 60, 49, 54], [61, 56, 47, 45, 46, 63, 48, 55], [51, 40, 52, 59, 57, 62, 58, 65], [64, 67, 66, 68, 77, 70, 73, 69], [71, 75, 76, 72, 78, 74, 87, 84], [79, 81, 82, 83, 80, 85, 86, 88]]
23: [[36, 11, 43, 29, 4, 13, 2, 1], [5, 3, 9, 6, 7, 8, 10, 20], [22, 28, 15, 12, 25, 18, 14, 16], [19, 17, 21, 31, 26, 27, 23, 24], [30, 32, 39, 34, 53, 35, 33, 44], [41, 38, 37, 42, 50, 60, 49, 54], [61, 56, 47, 45, 46, 63, 48, 55], [51, 40, 52, 59, 57, 62, 58, 65], [64, 67, 66, 68, 77, 70, 73, 69], [71, 75, 76, 72, 78, 74, 87, 84], [79, 81, 82, 83, 80, 85, 86, 88]]
24: [[36, 11, 43, 29, 4, 13, 2, 1], [5, 3, 9, 6, 7, 8, 10, 20], [22, 28, 15, 12, 25, 18, 14, 16], [19, 17, 21, 31, 26, 27, 23, 24], [30, 32, 39, 34, 53, 35, 33, 44], [41, 38, 37, 42, 50, 60, 49, 54], [61, 56, 47, 45, 46, 63, 48, 55], [51, 40, 52, 59, 57, 62, 58, 65], [64, 67, 66, 68, 77, 70, 73, 69], [71, 75, 76, 72, 78, 74, 87, 84], [79, 81, 82, 83, 80, 85, 86, 88]]
25: [[36, 11, 43, 29, 4, 13, 2, 1], [5, 3, 9, 6, 7, 8, 10, 20], [22, 28, 15, 12, 25, 18, 14, 16], [19, 17, 21, 31, 26, 27, 23, 24], [30, 32, 39, 34, 53, 35, 33, 44], [41, 38, 37, 42, 50, 60, 49, 54], [61, 56, 47, 45, 46, 63, 48, 55], [51, 40, 52, 59, 57, 62, 58, 65], [64, 67, 66, 68, 77, 70, 73, 69], [71, 75, 76, 72, 78, 74, 87, 84], [79, 81, 82, 83, 80, 85, 86, 88]]
26: [[36, 11, 43, 29, 4, 13, 2, 1], [5, 3, 9, 6, 7, 8, 10, 20], [22, 28, 15, 12, 25, 18, 14, 16], [19, 17, 21, 31, 26, 27, 23, 24], [30, 32, 39, 34, 53, 35, 33, 44], [41, 38, 37, 42, 50, 60, 49, 54], [61, 56, 47, 45, 46, 63, 48, 55], [51, 40, 52, 59, 57, 62, 58, 65], [64, 67, 66, 68, 77, 70, 73, 69], [71, 75, 76, 72, 78, 74, 87, 84], [79, 81, 82, 83, 80, 85, 86, 88]]
27: [[36, 11, 43, 29, 4, 13, 2, 1], [5, 3, 9, 6, 7, 8, 10, 20], [22, 28, 15, 12, 25, 18, 14, 16], [19, 17, 21, 31, 26, 27, 23, 24], [30, 32, 39, 34, 53, 35, 33, 44], [41, 38, 37, 42, 50, 60, 49, 54], [61, 56, 47, 45, 46, 63, 48, 55], [51, 40, 52, 59, 57, 62, 58, 65], [64, 67, 66, 68, 77, 70, 73, 69], [71, 75, 76, 72, 78, 74, 87, 84], [79, 81, 82, 83, 80, 85, 86, 88]]
28: [[36, 11, 43, 29, 4, 13, 2, 1], [5, 3, 9, 6, 7, 8, 10, 20], [22, 28, 15, 12, 25, 18, 14, 16], [19, 17, 21, 31, 26, 27, 23, 24], [30, 32, 39, 34, 53, 35, 33, 44], [41, 38, 37, 42, 50, 60, 49, 54], [61, 56, 47, 45, 46, 63, 48, 55], [51, 40, 52, 59, 57, 62, 58, 65], [64, 67, 66, 68, 77, 70, 73, 69], [71, 75, 76, 72, 78, 74, 87, 84], [79, 81, 82, 83, 80, 85, 86, 88]]
29: [[36, 11, 43, 29, 4, 13, 2, 1], [5, 3, 9, 6, 7, 8, 10, 20], [22, 28, 15, 12, 25, 18, 14, 16], [19, 17, 21, 31, 26, 27, 23, 24], [30, 32, 39, 34, 53, 35, 33, 44], [41, 38, 37, 42, 50, 60, 49, 54], [61, 56, 47, 45, 46, 63, 48, 55], [51, 40, 52, 59, 57, 62, 58, 65], [64, 67, 66, 68, 77, 70, 73, 69], [71, 75, 76, 72, 78, 74, 87, 84], [79, 81, 82, 83, 80, 85, 86, 88]]
30: [[36, 11, 43, 29, 4, 13, 2, 1], [5, 3, 9, 6, 7, 8, 10, 20], [22, 28, 15, 12, 25, 18, 14, 16], [19, 17, 21, 31, 26, 27, 23, 24], [30, 32, 39, 34, 53, 35, 33, 44], [41, 38, 37, 42, 50, 60, 49, 54], [61, 56, 47, 45, 46, 63, 48, 55], [51, 40, 52, 59, 57, 62, 58, 65], [64, 67, 66, 68, 77, 70, 73, 69], [71, 75, 76, 72, 78, 74, 87, 84], [79, 81, 82, 83, 80, 85, 86, 88]]
31: [[36, 11, 43, 29, 4, 13, 2, 1], [5, 3, 9, 6, 7, 8, 10, 20], [22, 28, 15, 12, 25, 18, 14, 16], [19, 17, 21, 31, 26, 27, 23, 24], [30, 32, 39, 34, 53, 35, 33, 44], [41, 38, 37, 42, 50, 60, 49, 54], [61, 56, 47, 45, 46, 63, 48, 55], [51, 40, 52, 59, 57, 62, 58, 65], [64, 67, 66, 68, 77, 70, 73, 69], [71, 75, 76, 72, 78, 74, 87, 84], [79, 81, 82, 83, 80, 85, 86, 88]]
32: [[36, 11, 43, 29, 4, 13, 2, 1], [5, 3, 9, 6, 7, 8, 10, 20], [22, 28, 15, 12, 25, 18, 14, 16], [19, 17, 21, 31, 26, 27, 23, 24], [30, 32, 39, 34, 53, 35, 33, 44], [41, 38, 37, 42, 50, 60, 49, 54], [61, 56, 47, 45, 46, 63, 48, 55], [51, 40, 52, 59, 57, 62, 58, 65], [64, 67, 66, 68, 77, 70, 73, 69], [71, 75, 76, 72, 78, 74, 87, 84], [79, 81, 82, 83, 80, 85, 86, 88]]
33: [[36, 11, 43, 29, 4, 13, 2, 1], [5, 3, 9, 6, 7, 8, 10, 20], [22, 28, 15, 12, 25, 18, 14, 16], [19, 17, 21, 31, 26, 27, 23, 24], [30, 32, 39, 34, 53, 35, 33, 44], [41, 38, 37, 42, 50, 60, 49, 54], [61, 56, 47, 45, 46, 63, 48, 55], [51, 40, 52, 59, 57, 62, 58, 65], [64, 67, 66, 68, 77, 70, 73, 69], [71, 75, 76, 72, 78, 74, 87, 84], [79, 81, 82, 83, 80, 85, 86, 88]]
34: [[36, 11, 43, 29, 4, 13, 2, 1], [5, 3, 9, 6, 7, 8, 10, 20], [22, 28, 15, 12, 25, 18, 14, 16], [19, 17, 21, 31, 26, 27, 23, 24], [30, 32, 39, 34, 53, 35, 33, 44], [41, 38, 37, 42, 50, 60, 49, 54], [61, 56, 47, 45, 46, 63, 48, 55], [51, 40, 52, 59, 57, 62, 58, 65], [64, 67, 66, 68, 77, 70, 73, 69], [71, 75, 76, 72, 78, 74, 87, 84], [79, 81, 82, 83, 80, 85, 86, 88]]
35: [[36, 11, 43, 29, 4, 13, 2, 1], [5, 3, 9, 6, 7, 8, 10, 20], [22, 28, 15, 12, 25, 18, 14, 16], [19, 17, 21, 31, 26, 27, 23, 24], [30, 32, 39, 34, 53, 35, 33, 44], [41, 38, 37, 42, 50, 60, 49, 54], [61, 56, 47, 45, 46, 63, 48, 55], [51, 40, 52, 59, 57, 62, 58, 65], [64, 67, 66, 68, 77, 70, 73, 69], [71, 75, 76, 72, 78, 74, 87, 84], [79, 81, 82, 83, 80, 85, 86, 88]]
36: [[36, 11, 43, 29, 4, 13, 2, 1], [5, 3, 9, 6, 7, 8, 10, 20], [22, 28, 15, 12, 25, 18, 14, 16], [19, 17, 21, 31, 26, 27, 23, 24], [30, 32, 39, 34, 53, 35, 33, 44], [41, 38, 37, 42, 50, 60, 49, 54], [61, 56, 47, 45, 46, 63, 48, 55], [51, 40, 52, 59, 57, 62, 58, 65], [64, 67, 66, 68, 77, 70, 73, 69], [71, 75, 76, 72, 78, 74, 87, 84], [79, 81, 82, 83, 80, 85, 86, 88]]
37: [[36, 11, 43, 29, 4, 13, 2, 1], [5, 3, 9, 6, 7, 8, 10, 20], [22, 28, 15, 12, 25, 18, 14, 16], [19, 17, 21, 31, 26, 27, 23, 24], [30, 32, 39, 34, 53, 35, 33, 44], [41, 38, 37, 42, 50, 60, 49, 54], [61, 56, 47, 45, 46, 63, 48, 55], [51, 40, 52, 59, 57, 62, 58, 65], [64, 67, 66, 68, 77, 70, 73, 69], [71, 75, 76, 72, 78, 74, 87, 84], [79, 81, 82, 83, 80, 85, 86, 88]]
38: [[36, 11, 43, 29, 4, 13, 2, 1], [5, 3, 9, 6, 7, 8, 10, 20], [22, 28, 15, 12, 25, 18, 14, 16], [19, 17, 21, 31, 26, 27, 23, 24], [30, 32, 39, 34, 53, 35, 33, 44], [41, 38, 37, 42, 50, 60, 49, 54], [61, 56, 47, 45, 46, 63, 48, 55], [51, 40, 52, 59, 57, 62, 58, 65], [64, 67, 66, 68, 77, 70, 73, 69], [71, 75, 76, 72, 78, 74, 87, 84], [79, 81, 82, 83, 80, 85, 86, 88]]
39: [[36, 11, 43, 29, 4, 13, 2, 1], [5, 3, 9, 6, 7, 8, 10, 20], [22, 28, 15, 12, 25, 18, 14, 16], [19, 17, 21, 31, 26, 27, 23, 24], [30, 32, 39, 34, 53, 35, 33, 44], [41, 38, 37, 42, 50, 60, 49, 54], [61, 56, 47, 45, 46, 63, 48, 55], [51, 40, 52, 59, 57, 62, 58, 65], [64, 67, 66, 68, 77, 70, 73, 69], [71, 75, 76, 72, 78, 74, 87, 84], [79, 81, 82, 83, 80, 85, 86, 88]]
40: [[36, 11, 43, 29, 4, 13, 2, 1], [5, 3, 9, 6, 7, 8, 10, 20], [22, 28, 15, 12, 25, 18, 14, 16], [19, 17, 21, 31, 26, 27, 23, 24], [30, 32, 39, 34, 53, 35, 33, 44], [41, 38, 37, 42, 50, 60, 49, 54], [61, 56, 47, 45, 46, 63, 48, 55], [51, 40, 52, 59, 57, 62, 58, 65], [64, 67, 66, 68, 77, 70, 73, 69], [71, 75, 76, 72, 78, 74, 87, 84], [79, 81, 82, 83, 80, 85, 86, 88]]
41: [[36, 11, 43, 29, 4, 13, 2, 1], [5, 3, 9, 6, 7, 8, 10, 20], [22, 28, 15, 12, 25, 18, 14, 16], [19, 17, 21, 31, 26, 27, 23, 24], [30, 32, 39, 34, 53, 35, 33, 44], [41, 38, 37, 42, 50, 60, 49, 54], [61, 56, 47, 45, 46, 63, 48, 55], [51, 40, 52, 59, 57, 62, 58, 65], [64, 67, 66, 68, 77, 70, 73, 69], [71, 75, 76, 72, 78, 74, 87, 84], [79, 81, 82, 83, 80, 85, 86, 88]]
42: [[36, 11, 43, 29, 4, 13, 2, 1], [5, 3, 9, 6, 7, 8, 10, 20], [22, 28, 15, 12, 25, 18, 14, 16], [19, 17, 21, 31, 26, 27, 23, 24], [30, 32, 39, 34, 53, 35, 33, 44], [41, 38, 37, 42, 50, 60, 49, 54], [61, 56, 47, 45, 46, 63, 48, 55], [51, 40, 52, 59, 57, 62, 58, 65], [64, 67, 66, 68, 77, 70, 73, 69], [71, 75, 76, 72, 78, 74, 87, 84], [79, 81, 82, 83, 80, 85, 86, 88]]
43: [[36, 11, 43, 29, 4, 13, 2, 1], [5, 3, 9, 6, 7, 8, 10, 20], [22, 28, 15, 12, 25, 18, 14, 16], [19, 17, 21, 31, 26, 27, 23, 24], [30, 32, 39, 34, 53, 35, 33, 44], [41, 38, 37, 42, 50, 60, 49, 54], [61, 56, 47, 45, 46, 63, 48, 55], [51, 40, 52, 59, 57, 62, 58, 65], [64, 67, 66, 68, 77, 70, 73, 69], [71, 75, 76, 72, 78, 74, 87, 84], [79, 81, 82, 83, 80, 85, 86, 88]]
44: [[36, 11, 43, 29, 4, 13, 2, 1], [5, 3, 9, 6, 7, 8, 10, 20], [22, 28, 15, 12, 25, 18, 14, 16], [19, 17, 21, 31, 26, 27, 23, 24], [30, 32, 39, 34, 53, 35, 33, 44], [41, 38, 37, 42, 50, 60, 49, 54], [61, 56, 47, 45, 46, 63, 48, 55], [51, 40, 52, 59, 57, 62, 58, 65], [64, 67, 66, 68, 77, 70, 73, 69], [71, 75, 76, 72, 78, 74, 87, 84], [79, 81, 82, 83, 80, 85, 86, 88]]
45: [[36, 11, 43, 29, 4, 13, 2, 1], [5, 3, 9, 6, 7, 8, 10, 20], [22, 28, 15, 12, 25, 18, 14, 16], [19, 17, 21, 31, 26, 27, 23, 24], [30, 32, 39, 34, 53, 35, 33, 44], [41, 38, 37, 42, 50, 60, 49, 54], [61, 56, 47, 45, 46, 63, 48, 55], [51, 40, 52, 59, 57, 62, 58, 65], [64, 67, 66, 68, 77, 70, 73, 69], [71, 75, 76, 72, 78, 74, 87, 84], [79, 81, 82, 83, 80, 85, 86, 88]]
46: [[36, 11, 43, 29, 4, 13, 2, 1], [5, 3, 9, 6, 7, 8, 10, 20], [22, 28, 15, 12, 25, 18, 14, 16], [19, 17, 21, 31, 26, 27, 23, 24], [30, 32, 39, 34, 53, 35, 33, 44], [41, 38, 37, 42, 50, 60, 49, 54], [61, 56, 47, 45, 46, 63, 48, 55], [51, 40, 52, 59, 57, 62, 58, 65], [64, 67, 66, 68, 77, 70, 73, 69], [71, 75, 76, 72, 78, 74, 87, 84], [79, 81, 82, 83, 80, 85, 86, 88]]
47: [[36, 11, 43, 29, 4, 13, 2, 1], [5, 3, 9, 6, 7, 8, 10, 20], [22, 28, 15, 12, 25, 18, 14, 16], [19, 17, 21, 31, 26, 27, 23, 24], [30, 32, 39, 34, 53, 35, 33, 44], [41, 38, 37, 42, 50, 60, 49, 54], [61, 56, 47, 45, 46, 63, 48, 55], [51, 40, 52, 59, 57, 62, 58, 65], [64, 67, 66, 68, 77, 70, 73, 69], [71, 75, 76, 72, 78, 74, 87, 84], [79, 81, 82, 83, 80, 85, 86, 88]]
48: [[36, 11, 43, 29, 4, 13, 2, 1], [5, 3, 9, 6, 7, 8, 10, 20], [22, 28, 15, 12, 25, 18, 14, 16], [19, 17, 21, 31, 26, 27, 23, 24], [30, 32, 39, 34, 53, 35, 33, 44], [41, 38, 37, 42, 50, 60, 49, 54], [61, 56, 47, 45, 46, 63, 48, 55], [51, 40, 52, 59, 57, 62, 58, 65], [64, 67, 66, 68, 77, 70, 73, 69], [71, 75, 76, 72, 78, 74, 87, 84], [79, 81, 82, 83, 80, 85, 86, 88]]
49: [[36, 11, 43, 29, 4, 13, 2, 1], [5, 3, 9, 6, 7, 8, 10, 20], [22, 28, 15, 12, 25, 18, 14, 16], [19, 17, 21, 31, 26, 27, 23, 24], [30, 32, 39, 34, 53, 35, 33, 44], [41, 38, 37, 42, 50, 60, 49, 54], [61, 56, 47, 45, 46, 63, 48, 55], [51, 40, 52, 59, 57, 62, 58, 65], [64, 67, 66, 68, 77, 70, 73, 69], [71, 75, 76, 72, 78, 74, 87, 84], [79, 81, 82, 83, 80, 85, 86, 88]]
50: [[36, 11, 43, 29, 4, 13, 2, 1], [5, 3, 9, 6, 7, 8, 10, 20], [22, 28, 15, 12, 25, 18, 14, 16], [19, 17, 21, 31, 26, 27, 23, 24], [30, 32, 39, 34, 53, 35, 33, 44], [41, 38, 37, 42, 50, 60, 49, 54], [61, 56, 47, 45, 46, 63, 48, 55], [51, 40, 52, 59, 57, 62, 58, 65], [64, 67, 66, 68, 77, 70, 73, 69], [71, 75, 76, 72, 78, 74, 87, 84], [79, 81, 82, 83, 80, 85, 86, 88]]
51: [[36, 11, 43, 29, 4, 13, 2, 1], [5, 3, 9, 6, 7, 8, 10, 20], [22, 28, 15, 12, 25, 18, 14, 16], [19, 17, 21, 31, 26, 27, 23, 24], [30, 32, 39, 34, 53, 35, 33, 44], [41, 38, 37, 42, 50, 60, 49, 54], [61, 56, 47, 45, 46, 63, 48, 55], [51, 40, 52, 59, 57, 62, 58, 65], [64, 67, 66, 68, 77, 70, 73, 69], [71, 75, 76, 72, 78, 74, 87, 84], [79, 81, 82, 83, 80, 85, 86, 88]]
52: [[36, 11, 43, 29, 4, 13, 2, 1], [5, 3, 9, 6, 7, 8, 10, 20], [22, 28, 15, 12, 25, 18, 14, 16], [19, 17, 21, 31, 26, 27, 23, 24], [30, 32, 39, 34, 53, 35, 33, 44], [41, 38, 37, 42, 50, 60, 49, 54], [61, 56, 47, 45, 46, 63, 48, 55], [51, 40, 52, 59, 57, 62, 58, 65], [64, 67, 66, 68, 77, 70, 73, 69], [71, 75, 76, 72, 78, 74, 87, 84], [79, 81, 82, 83, 80, 85, 86, 88]]
53: [[36, 11, 43, 29, 4, 13, 2, 1], [5, 3, 9, 6, 7, 8, 10, 20], [22, 28, 15, 12, 25, 18, 14, 16], [19, 17, 21, 31, 26, 27, 23, 24], [30, 32, 39, 34, 53, 35, 33, 44], [41, 38, 37, 42, 50, 60, 49, 54], [61, 56, 47, 45, 46, 63, 48, 55], [51, 40, 52, 59, 57, 62, 58, 65], [64, 67, 66, 68, 77, 70, 73, 69], [71, 75, 76, 72, 78, 74, 87, 84], [79, 81, 82, 83, 80, 85, 86, 88]]
54: [[36, 11, 43, 29, 4, 13, 2, 1], [5, 3, 9, 6, 7, 8, 10, 20], [22, 28, 15, 12, 25, 18, 14, 16], [19, 17, 21, 31, 26, 27, 23, 24], [30, 32, 39, 34, 53, 35, 33, 44], [41, 38, 37, 42, 50, 60, 49, 54], [61, 56, 47, 45, 46, 63, 48, 55], [51, 40, 52, 59, 57, 62, 58, 65], [64, 67, 66, 68, 77, 70, 73, 69], [71, 75, 76, 72, 78, 74, 87, 84], [79, 81, 82, 83, 80, 85, 86, 88]]
55: [[36, 11, 43, 29, 4, 13, 2, 1], [5, 3, 9, 6, 7, 8, 10, 20], [22, 28, 15, 12, 25, 18, 14, 16], [19, 17, 21, 31, 26, 27, 23, 24], [30, 32, 39, 34, 53, 35, 33, 44], [41, 38, 37, 42, 50, 60, 49, 54], [61, 56, 47, 45, 46, 63, 48, 55], [51, 40, 52, 59, 57, 62, 58, 65], [64, 67, 66, 68, 77, 70, 73, 69], [71, 75, 76, 72, 78, 74, 87, 84], [79, 81, 82, 83, 80, 85, 86, 88]]
56: [[36, 11, 43, 29, 4, 13, 2, 1], [5, 3, 9, 6, 7, 8, 10, 20], [22, 28, 15, 12, 25, 18, 14, 16], [19, 17, 21, 31, 26, 27, 23, 24], [30, 32, 39, 34, 53, 35, 33, 44], [41, 38, 37, 42, 50, 60, 49, 54], [61, 56, 47, 45, 46, 63, 48, 55], [51, 40, 52, 59, 57, 62, 58, 65], [64, 67, 66, 68, 77, 70, 73, 69], [71, 75, 76, 72, 78, 74, 87, 84], [79, 81, 82, 83, 80, 85, 86, 88]]
57: [[36, 11, 43, 29, 4, 13, 2, 1], [5, 3, 9, 6, 7, 8, 10, 20], [22, 28, 15, 12, 25, 18, 14, 16], [19, 17, 21, 31, 26, 27, 23, 24], [30, 32, 39, 34, 53, 35, 33, 44], [41, 38, 37, 42, 50, 60, 49, 54], [61, 56, 47, 45, 46, 63, 48, 55], [51, 40, 52, 59, 57, 62, 58, 65], [64, 67, 66, 68, 77, 70, 73, 69], [71, 75, 76, 72, 78, 74, 87, 84], [79, 81, 82, 83, 80, 85, 86, 88]]
58: [[36, 11, 43, 29, 4, 13, 2, 1], [5, 3, 9, 6, 7, 8, 10, 20], [22, 28, 15, 12, 25, 18, 14, 16], [19, 17, 21, 31, 26, 27, 23, 24], [30, 32, 39, 34, 53, 35, 33, 44], [41, 38, 37, 42, 50, 60, 49, 54], [61, 56, 47, 45, 46, 63, 48, 55], [51, 40, 52, 59, 57, 62, 58, 65], [64, 67, 66, 68, 77, 70, 73, 69], [71, 75, 76, 72, 78, 74, 87, 84], [79, 81, 82, 83, 80, 85, 86, 88]]
59: [[36, 11, 43, 29, 4, 13, 2, 1], [5, 3, 9, 6, 7, 8, 10, 20], [22, 28, 15, 12, 25, 18, 14, 16], [19, 17, 21, 31, 26, 27, 23, 24], [30, 32, 39, 34, 53, 35, 33, 44], [41, 38, 37, 42, 50, 60, 49, 54], [61, 56, 47, 45, 46, 63, 48, 55], [51, 40, 52, 59, 57, 62, 58, 65], [64, 67, 66, 68, 77, 70, 73, 69], [71, 75, 76, 72, 78, 74, 87, 84], [79, 81, 82, 83, 80, 85, 86, 88]]
60: [[36, 11, 43, 29, 4, 13, 2, 1], [5, 3, 9, 6, 7, 8, 10, 20], [22, 28, 15, 12, 25, 18, 14, 16], [19, 17, 21, 31, 26, 27, 23, 24], [30, 32, 39, 34, 53, 35, 33, 44], [41, 38, 37, 42, 50, 60, 49, 54], [61, 56, 47, 45, 46, 63, 48, 55], [51, 40, 52, 59, 57, 62, 58, 65], [64, 67, 66, 68, 77, 70, 73, 69], [71, 75, 76, 72, 78, 74, 87, 84], [79, 81, 82, 83, 80, 85, 86, 88]]
61: [[36, 11, 43, 29, 4, 13, 2, 1], [5, 3, 9, 6, 7, 8, 10, 20], [22, 28, 15, 12, 25, 18, 14, 16], [19, 17, 21, 31, 26, 27, 23, 24], [30, 32, 39, 34, 53, 35, 33, 44], [41, 38, 37, 42, 50, 60, 49, 54], [61, 56, 47, 45, 46, 63, 48, 55], [51, 40, 52, 59, 57, 62, 58, 65], [64, 67, 66, 68, 77, 70, 73, 69], [71, 75, 76, 72, 78, 74, 87, 84], [79, 81, 82, 83, 80, 85, 86, 88]]
62: [[36, 11, 43, 29, 4, 13, 2, 1], [5, 3, 9, 6, 7, 8, 10, 20], [22, 28, 15, 12, 25, 18, 14, 16], [19, 17, 21, 31, 26, 27, 23, 24], [30, 32, 39, 34, 53, 35, 33, 44], [41, 38, 37, 42, 50, 60, 49, 54], [61, 56, 47, 45, 46, 63, 48, 55], [51, 40, 52, 59, 57, 62, 58, 65], [64, 67, 66, 68, 77, 70, 73, 69], [71, 75, 76, 72, 78, 74, 87, 84], [79, 81, 82, 83, 80, 85, 86, 88]]
63: [[36, 11, 43, 29, 4, 13, 2, 1], [5, 3, 9, 6, 7, 8, 10, 20], [22, 28, 15, 12, 25, 18, 14, 16], [19, 17, 21, 31, 26, 27, 23, 24], [30, 32, 39, 34, 53, 35, 33, 44], [41, 38, 37, 42, 50, 60, 49, 54], [61, 56, 47, 45, 46, 63, 48, 55], [51, 40, 52, 59, 57, 62, 58, 65], [64, 67, 66, 68, 77, 70, 73, 69], [71, 75, 76, 72, 78, 74, 87, 84], [79, 81, 82, 83, 80, 85, 86, 88]]
64: [[36, 11, 43, 29, 4, 13, 2, 1], [5, 3, 9, 6, 7, 8, 10, 20], [22, 28, 15, 12, 25, 18, 14, 16], [19, 17, 21, 31, 26, 27, 23, 24], [30, 32, 39, 34, 53, 35, 33, 44], [41, 38, 37, 42, 50, 60, 49, 54], [61, 56, 47, 45, 46, 63, 48, 55], [51, 40, 52, 59, 57, 62, 58, 65], [64, 67, 66, 68, 77, 70, 73, 69], [71, 75, 76, 72, 78, 74, 87, 84], [79, 81, 82, 83, 80, 85, 86, 88]]
65: [[36, 11, 43, 29, 4, 13, 2, 1], [5, 3, 9, 6, 7, 8, 10, 20], [22, 28, 15, 12, 25, 18, 14, 16], [19, 17, 21, 31, 26, 27, 23, 24], [30, 32, 39, 34, 53, 35, 33, 44], [41, 38, 37, 42, 50, 60, 49, 54], [61, 56, 47, 45, 46, 63, 48, 55], [51, 40, 52, 59, 57, 62, 58, 65], [64, 67, 66, 68, 77, 70, 73, 69], [71, 75, 76, 72, 78, 74, 87, 84], [79, 81, 82, 83, 80, 85, 86, 88]]
66: [[36, 11, 43, 29, 4, 13, 2, 1], [5, 3, 9, 6, 7, 8, 10, 20], [22, 28, 15, 12, 25, 18, 14, 16], [19, 17, 21, 31, 26, 27, 23, 24], [30, 32, 39, 34, 53, 35, 33, 44], [41, 38, 37, 42, 50, 60, 49, 54], [61, 56, 47, 45, 46, 63, 48, 55], [51, 40, 52, 59, 57, 62, 58, 65], [64, 67, 66, 68, 77, 70, 73, 69], [71, 75, 76, 72, 78, 74, 87, 84], [79, 81, 82, 83, 80, 85, 86, 88]]
67: [[36, 11, 43, 29, 4, 13, 2, 1], [5, 3, 9, 6, 7, 8, 10, 20], [22, 28, 15, 12, 25, 18, 14, 16], [19, 17, 21, 31, 26, 27, 23, 24], [30, 32, 39, 34, 53, 35, 33, 44], [41, 38, 37, 42, 50, 60, 49, 54], [61, 56, 47, 45, 46, 63, 48, 55], [51, 40, 52, 59, 57, 62, 58, 65], [64, 67, 66, 68, 77, 70, 73, 69], [71, 75, 76, 72, 78, 74, 87, 84], [79, 81, 82, 83, 80, 85, 86, 88]]
68: [[36, 11, 43, 29, 4, 13, 2, 1], [5, 3, 9, 6, 7, 8, 10, 20], [22, 28, 15, 12, 25, 18, 14, 16], [19, 17, 21, 31, 26, 27, 23, 24], [30, 32, 39, 34, 53, 35, 33, 44], [41, 38, 37, 42, 50, 60, 49, 54], [61, 56, 47, 45, 46, 63, 48, 55], [51, 40, 52, 59, 57, 62, 58, 65], [64, 67, 66, 68, 77, 70, 73, 69], [71, 75, 76, 72, 78, 74, 87, 84], [79, 81, 82, 83, 80, 85, 86, 88]]
69: [[36, 11, 43, 29, 4, 13, 2, 1], [5, 3, 9, 6, 7, 8, 10, 20], [22, 28, 15, 12, 25, 18, 14, 16], [19, 17, 21, 31, 26, 27, 23, 24], [30, 32, 39, 34, 53, 35, 33, 44], [41, 38, 37, 42, 50, 60, 49, 54], [61, 56, 47, 45, 46, 63, 48, 55], [51, 40, 52, 59, 57, 62, 58, 65], [64, 67, 66, 68, 77, 70, 73, 69], [71, 75, 76, 72, 78, 74, 87, 84], [79, 81, 82, 83, 80, 85, 86, 88]]
70: [[36, 11, 43, 29, 4, 13, 2, 1], [5, 3, 9, 6, 7, 8, 10, 20], [22, 28, 15, 12, 25, 18, 14, 16], [19, 17, 21, 31, 26, 27, 23, 24], [30, 32, 39, 34, 53, 35, 33, 44], [41, 38, 37, 42, 50, 60, 49, 54], [61, 56, 47, 45, 46, 63, 48, 55], [51, 40, 52, 59, 57, 62, 58, 65], [64, 67, 66, 68, 77, 70, 73, 69], [71, 75, 76, 72, 78, 74, 87, 84], [79, 81, 82, 83, 80, 85, 86, 88]]
71: [[36, 11, 43, 29, 4, 13, 2, 1], [5, 3, 9, 6, 7, 8, 10, 20], [22, 28, 15, 12, 25, 18, 14, 16], [19, 17, 21, 31, 26, 27, 23, 24], [30, 32, 39, 34, 53, 35, 33, 44], [41, 38, 37, 42, 50, 60, 49, 54], [61, 56, 47, 45, 46, 63, 48, 55], [51, 40, 52, 59, 57, 62, 58, 65], [64, 67, 66, 68, 77, 70, 73, 69], [71, 75, 76, 72, 78, 74, 87, 84], [79, 81, 82, 83, 80, 85, 86, 88]]
72: [[36, 11, 43, 29, 4, 13, 2, 1], [5, 3, 9, 6, 7, 8, 10, 20], [22, 28, 15, 12, 25, 18, 14, 16], [19, 17, 21, 31, 26, 27, 23, 24], [30, 32, 39, 34, 53, 35, 33, 44], [41, 38, 37, 42, 50, 60, 49, 54], [61, 56, 47, 45, 46, 63, 48, 55], [51, 40, 52, 59, 57, 62, 58, 65], [64, 67, 66, 68, 77, 70, 73, 69], [71, 75, 76, 72, 78, 74, 87, 84], [79, 81, 82, 83, 80, 85, 86, 88]]
73: [[36, 11, 43, 29, 4, 13, 2, 1], [5, 3, 9, 6, 7, 8, 10, 20], [22, 28, 15, 12, 25, 18, 14, 16], [19, 17, 21, 31, 26, 27, 23, 24], [30, 32, 39, 34, 53, 35, 33, 44], [41, 38, 37, 42, 50, 60, 49, 54], [61, 56, 47, 45, 46, 63, 48, 55], [51, 40, 52, 59, 57, 62, 58, 65], [64, 67, 66, 68, 77, 70, 73, 69], [71, 75, 76, 72, 78, 74, 87, 84], [79, 81, 82, 83, 80, 85, 86, 88]]
74: [[36, 11, 43, 29, 4, 13, 2, 1], [5, 3, 9, 6, 7, 8, 10, 20], [22, 28, 15, 12, 25, 18, 14, 16], [19, 17, 21, 31, 26, 27, 23, 24], [30, 32, 39, 34, 53, 35, 33, 44], [41, 38, 37, 42, 50, 60, 49, 54], [61, 56, 47, 45, 46, 63, 48, 55], [51, 40, 52, 59, 57, 62, 58, 65], [64, 67, 66, 68, 77, 70, 73, 69], [71, 75, 76, 72, 78, 74, 87, 84], [79, 81, 82, 83, 80, 85, 86, 88]]
75: [[36, 11, 43, 29, 4, 13, 2, 1], [5, 3, 9, 6, 7, 8, 10, 20], [22, 28, 15, 12, 25, 18, 14, 16], [19, 17, 21, 31, 26, 27, 23, 24], [30, 32, 39, 34, 53, 35, 33, 44], [41, 38, 37, 42, 50, 60, 49, 54], [61, 56, 47, 45, 46, 63, 48, 55], [51, 40, 52, 59, 57, 62, 58, 65], [64, 67, 66, 68, 77, 70, 73, 69], [71, 75, 76, 72, 78, 74, 87, 84], [79, 81, 82, 83, 80, 85, 86, 88]]
76: [[36, 11, 43, 29, 4, 13, 2, 1], [5, 3, 9, 6, 7, 8, 10, 20], [22, 28, 15, 12, 25, 18, 14, 16], [19, 17, 21, 31, 26, 27, 23, 24], [30, 32, 39, 34, 53, 35, 33, 44], [41, 38, 37, 42, 50, 60, 49, 54], [61, 56, 47, 45, 46, 63, 48, 55], [51, 40, 52, 59, 57, 62, 58, 65], [64, 67, 66, 68, 77, 70, 73, 69], [71, 75, 76, 72, 78, 74, 87, 84], [79, 81, 82, 83, 80, 85, 86, 88]]
77: [[36, 11, 43, 29, 4, 13, 2, 1], [5, 3, 9, 6, 7, 8, 10, 20], [22, 28, 15, 12, 25, 18, 14, 16], [19, 17, 21, 31, 26, 27, 23, 24], [30, 32, 39, 34, 53, 35, 33, 44], [41, 38, 37, 42, 50, 60, 49, 54], [61, 56, 47, 45, 46, 63, 48, 55], [51, 40, 52, 59, 57, 62, 58, 65], [64, 67, 66, 68, 77, 70, 73, 69], [71, 75, 76, 72, 78, 74, 87, 84], [79, 81, 82, 83, 80, 85, 86, 88]]
78: [[36, 11, 43, 29, 4, 13, 2, 1], [5, 3, 9, 6, 7, 8, 10, 20], [22, 28, 15, 12, 25, 18, 14, 16], [19, 17, 21, 31, 26, 27, 23, 24], [30, 32, 39, 34, 53, 35, 33, 44], [41, 38, 37, 42, 50, 60, 49, 54], [61, 56, 47, 45, 46, 63, 48, 55], [51, 40, 52, 59, 57, 62, 58, 65], [64, 67, 66, 68, 77, 70, 73, 69], [71, 75, 76, 72, 78, 74, 87, 84], [79, 81, 82, 83, 80, 85, 86, 88]]
79: [[36, 11, 43, 29, 4, 13, 2, 1], [5, 3, 9, 6, 7, 8, 10, 20], [22, 28, 15, 12, 25, 18, 14, 16], [19, 17, 21, 31, 26, 27, 23, 24], [30, 32, 39, 34, 53, 35, 33, 44], [41, 38, 37, 42, 50, 60, 49, 54], [61, 56, 47, 45, 46, 63, 48, 55], [51, 40, 52, 59, 57, 62, 58, 65], [64, 67, 66, 68, 77, 70, 73, 69], [71, 75, 76, 72, 78, 74, 87, 84], [79, 81, 82, 83, 80, 85, 86, 88]]
80: [[36, 11, 43, 29, 4, 13, 2, 1], [5, 3, 9, 6, 7, 8, 10, 20], [22, 28, 15, 12, 25, 18, 14, 16], [19, 17, 21, 31, 26, 27, 23, 24], [30, 32, 39, 34, 53, 35, 33, 44], [41, 38, 37, 42, 50, 60, 49, 54], [61, 56, 47, 45, 46, 63, 48, 55], [51, 40, 52, 59, 57, 62, 58, 65], [64, 67, 66, 68, 77, 70, 73, 69], [71, 75, 76, 72, 78, 74, 87, 84], [79, 81, 82, 83, 80, 85, 86, 88]]
81: [[36, 11, 43, 29, 4, 13, 2, 1], [5, 3, 9, 6, 7, 8, 10, 20], [22, 28, 15, 12, 25, 18, 14, 16], [19, 17, 21, 31, 26, 27, 23, 24], [30, 32, 39, 34, 53, 35, 33, 44], [41, 38, 37, 42, 50, 60, 49, 54], [61, 56, 47, 45, 46, 63, 48, 55], [51, 40, 52, 59, 57, 62, 58, 65], [64, 67, 66, 68, 77, 70, 73, 69], [71, 75, 76, 72, 78, 74, 87, 84], [79, 81, 82, 83, 80, 85, 86, 88]]
82: [[36, 11, 43, 29, 4, 13, 2, 1], [5, 3, 9, 6, 7, 8, 10, 20], [22, 28, 15, 12, 25, 18, 14, 16], [19, 17, 21, 31, 26, 27, 23, 24], [30, 32, 39, 34, 53, 35, 33, 44], [41, 38, 37, 42, 50, 60, 49, 54], [61, 56, 47, 45, 46, 63, 48, 55], [51, 40, 52, 59, 57, 62, 58, 65], [64, 67, 66, 68, 77, 70, 73, 69], [71, 75, 76, 72, 78, 74, 87, 84], [79, 81, 82, 83, 80, 85, 86, 88]]
83: [[36, 11, 43, 29, 4, 13, 2, 1], [5, 3, 9, 6, 7, 8, 10, 20], [22, 28, 15, 12, 25, 18, 14, 16], [19, 17, 21, 31, 26, 27, 23, 24], [30, 32, 39, 34, 53, 35, 33, 44], [41, 38, 37, 42, 50, 60, 49, 54], [61, 56, 47, 45, 46, 63, 48, 55], [51, 40, 52, 59, 57, 62, 58, 65], [64, 67, 66, 68, 77, 70, 73, 69], [71, 75, 76, 72, 78, 74, 87, 84], [79, 81, 82, 83, 80, 85, 86, 88]]
84: [[36, 11, 43, 29, 4, 13, 2, 1], [5, 3, 9, 6, 7, 8, 10, 20], [22, 28, 15, 12, 25, 18, 14, 16], [19, 17, 21, 31, 26, 27, 23, 24], [30, 32, 39, 34, 53, 35, 33, 44], [41, 38, 37, 42, 50, 60, 49, 54], [61, 56, 47, 45, 46, 63, 48, 55], [51, 40, 52, 59, 57, 62, 58, 65], [64, 67, 66, 68, 77, 70, 73, 69], [71, 75, 76, 72, 78, 74, 87, 84], [79, 81, 82, 83, 80, 85, 86, 88]]
85: [[36, 11, 43, 29, 4, 13, 2, 1], [5, 3, 9, 6, 7, 8, 10, 20], [22, 28, 15, 12, 25, 18, 14, 16], [19, 17, 21, 31, 26, 27, 23, 24], [30, 32, 39, 34, 53, 35, 33, 44], [41, 38, 37, 42, 50, 60, 49, 54], [61, 56, 47, 45, 46, 63, 48, 55], [51, 40, 52, 59, 57, 62, 58, 65], [64, 67, 66, 68, 77, 70, 73, 69], [71, 75, 76, 72, 78, 74, 87, 84], [79, 81, 82, 83, 80, 85, 86, 88]]
86: [[36, 11, 43, 29, 4, 13, 2, 1], [5, 3, 9, 6, 7, 8, 10, 20], [22, 28, 15, 12, 25, 18, 14, 16], [19, 17, 21, 31, 26, 27, 23, 24], [30, 32, 39, 34, 53, 35, 33, 44], [41, 38, 37, 42, 50, 60, 49, 54], [61, 56, 47, 45, 46, 63, 48, 55], [51, 40, 52, 59, 57, 62, 58, 65], [64, 67, 66, 68, 77, 70, 73, 69], [71, 75, 76, 72, 78, 74, 87, 84], [79, 81, 82, 83, 80, 85, 86, 88]]
87: [[36, 11, 43, 29, 4, 13, 2, 1], [5, 3, 9, 6, 7, 8, 10, 20], [22, 28, 15, 12, 25, 18, 14, 16], [19, 17, 21, 31, 26, 27, 23, 24], [30, 32, 39, 34, 53, 35, 33, 44], [41, 38, 37, 42, 50, 60, 49, 54], [61, 56, 47, 45, 46, 63, 48, 55], [51, 40, 52, 59, 57, 62, 58, 65], [64, 67, 66, 68, 77, 70, 73, 69], [71, 75, 76, 72, 78, 74, 87, 84], [79, 81, 82, 83, 80, 85, 86, 88]]
88: [[36, 11, 43, 29, 4, 13, 2, 1], [5, 3, 9, 6, 7, 8, 10, 20], [22, 28, 15, 12, 25, 18, 14, 16], [19, 17, 21, 31, 26, 27, 23, 24], [30, 32, 39, 34, 53, 35, 33, 44], [41, 38, 37, 42, 50, 60, 49, 54], [61, 56, 47, 45, 46, 63, 48, 55], [51, 40, 52, 59, 57, 62, 58, 65], [64, 67, 66, 68, 77, 70, 73, 69], [71, 75, 76, 72, 78, 74, 87, 84], [79, 81, 82, 83, 80, 85, 86, 88]]
89: [[36, 11, 43, 29, 4, 13, 2, 1], [5, 3, 9, 6, 7, 8, 10, 20], [22, 28, 15, 12, 25, 18, 14, 16], [19, 17, 21, 31, 26, 27, 23, 24], [30, 32, 39, 34, 53, 35, 33, 44], [41, 38, 37, 42, 50, 60, 49, 54], [61, 56, 47, 45, 46, 63, 48, 55], [51, 40, 52, 59, 57, 62, 58, 65], [64, 67, 66, 68, 77, 70, 73, 69], [71, 75, 76, 72, 78, 74, 87, 84], [79, 81, 82, 83, 80, 85, 86, 88]]
90: [[36, 11, 43, 29, 4, 13, 2, 1], [5, 3, 9, 6, 7, 8, 10, 20], [22, 28, 15, 12, 25, 18, 14, 16], [19, 17, 21, 31, 26, 27, 23, 24], [30, 32, 39, 34, 53, 35, 33, 44], [41, 38, 37, 42, 50, 60, 49, 54], [61, 56, 47, 45, 46, 63, 48, 55], [51, 40, 52, 59, 57, 62, 58, 65], [64, 67, 66, 68, 77, 70, 73, 69], [71, 75, 76, 72, 78, 74, 87, 84], [79, 81, 82, 83, 80, 85, 86, 88]]
91: [[36, 11, 43, 29, 4, 13, 2, 1], [5, 3, 9, 6, 7, 8, 10, 20], [22, 28, 15, 12, 25, 18, 14, 16], [19, 17, 21, 31, 26, 27, 23, 24], [30, 32, 39, 34, 53, 35, 33, 44], [41, 38, 37, 42, 50, 60, 49, 54], [61, 56, 47, 45, 46, 63, 48, 55], [51, 40, 52, 59, 57, 62, 58, 65], [64, 67, 66, 68, 77, 70, 73, 69], [71, 75, 76, 72, 78, 74, 87, 84], [79, 81, 82, 83, 80, 85, 86, 88]]
92: [[36, 11, 43, 29, 4, 13, 2, 1], [5, 3, 9, 6, 7, 8, 10, 20], [22, 28, 15, 12, 25, 18, 14, 16], [19, 17, 21, 31, 26, 27, 23, 24], [30, 32, 39, 34, 53, 35, 33, 44], [41, 38, 37, 42, 50, 60, 49, 54], [61, 56, 47, 45, 46, 63, 48, 55], [51, 40, 52, 59, 57, 62, 58, 65], [64, 67, 66, 68, 77, 70, 73, 69], [71, 75, 76, 72, 78, 74, 87, 84], [79, 81, 82, 83, 80, 85, 86, 88]]
93: [[36, 11, 43, 29, 4, 13, 2, 1], [5, 3, 9, 6, 7, 8, 10, 20], [22, 28, 15, 12, 25, 18, 14, 16], [19, 17, 21, 31, 26, 27, 23, 24], [30, 32, 39, 34, 53, 35, 33, 44], [41, 38, 37, 42, 50, 60, 49, 54], [61, 56, 47, 45, 46, 63, 48, 55], [51, 40, 52, 59, 57, 62, 58, 65], [64, 67, 66, 68, 77, 70, 73, 69], [71, 75, 76, 72, 78, 74, 87, 84], [79, 81, 82, 83, 80, 85, 86, 88]]
94: [[36, 11, 43, 29, 4, 13, 2, 1], [5, 3, 9, 6, 7, 8, 10, 20], [22, 28, 15, 12, 25, 18, 14, 16], [19, 17, 21, 31, 26, 27, 23, 24], [30, 32, 39, 34, 53, 35, 33, 44], [41, 38, 37, 42, 50, 60, 49, 54], [61, 56, 47, 45, 46, 63, 48, 55], [51, 40, 52, 59, 57, 62, 58, 65], [64, 67, 66, 68, 77, 70, 73, 69], [71, 75, 76, 72, 78, 74, 87, 84], [79, 81, 82, 83, 80, 85, 86, 88]]
95: [[36, 11, 43, 29, 4, 13, 2, 1], [5, 3, 9, 6, 7, 8, 10, 20], [22, 28, 15, 12, 25, 18, 14, 16], [19, 17, 21, 31, 26, 27, 23, 24], [30, 32, 39, 34, 53, 35, 33, 44], [41, 38, 37, 42, 50, 60, 49, 54], [61, 56, 47, 45, 46, 63, 48, 55], [51, 40, 52, 59, 57, 62, 58, 65], [64, 67, 66, 68, 77, 70, 73, 69], [71, 75, 76, 72, 78, 74, 87, 84], [79, 81, 82, 83, 80, 85, 86, 88]]
96: [[36, 11, 43, 29, 4, 13, 2, 1], [5, 3, 9, 6, 7, 8, 10, 20], [22, 28, 15, 12, 25, 18, 14, 16], [19, 17, 21, 31, 26, 27, 23, 24], [30, 32, 39, 34, 53, 35, 33, 44], [41, 38, 37, 42, 50, 60, 49, 54], [61, 56, 47, 45, 46, 63, 48, 55], [51, 40, 52, 59, 57, 62, 58, 65], [64, 67, 66, 68, 77, 70, 73, 69], [71, 75, 76, 72, 78, 74, 87, 84], [79, 81, 82, 83, 80, 85, 86, 88]]
97: [[36, 11, 43, 29, 4, 13, 2, 1], [5, 3, 9, 6, 7, 8, 10, 20], [22, 28, 15, 12, 25, 18, 14, 16], [19, 17, 21, 31, 26, 27, 23, 24], [30, 32, 39, 34, 53, 35, 33, 44], [41, 38, 37, 42, 50, 60, 49, 54], [61, 56, 47, 45, 46, 63, 48, 55], [51, 40, 52, 59, 57, 62, 58, 65], [64, 67, 66, 68, 77, 70, 73, 69], [71, 75, 76, 72, 78, 74, 87, 84], [79, 81, 82, 83, 80, 85, 86, 88]]
98: [[36, 11, 43, 29, 4, 13, 2, 1], [5, 3, 9, 6, 7, 8, 10, 20], [22, 28, 15, 12, 25, 18, 14, 16], [19, 17, 21, 31, 26, 27, 23, 24], [30, 32, 39, 34, 53, 35, 33, 44], [41, 38, 37, 42, 50, 60, 49, 54], [61, 56, 47, 45, 46, 63, 48, 55], [51, 40, 52, 59, 57, 62, 58, 65], [64, 67, 66, 68, 77, 70, 73, 69], [71, 75, 76, 72, 78, 74, 87, 84], [79, 81, 82, 83, 80, 85, 86, 88]]
99: [[36, 11, 43, 29, 4, 13, 2, 1], [5, 3, 9, 6, 7, 8, 10, 20], [22, 28, 15, 12, 25, 18, 14, 16], [19, 17, 21, 31, 26, 27, 23, 24], [30, 32, 39, 34, 53, 35, 33, 44], [41, 38, 37, 42, 50, 60, 49, 54], [61, 56, 47, 45, 46, 63, 48, 55], [51, 40, 52, 59, 57, 62, 58, 65], [64, 67, 66, 68, 77, 70, 73, 69], [71, 75, 76, 72, 78, 74, 87, 84], [79, 81, 82, 83, 80, 85, 86, 88]]
100: [[36, 11, 43, 29, 4, 13, 2, 1], [5, 3, 9, 6, 7, 8, 10, 20], [22, 28, 15, 12, 25, 18, 14, 16], [19, 17, 21, 31, 26, 27, 23, 24], [30, 32, 39, 34, 53, 35, 33, 44], [41, 38, 37, 42, 50, 60, 49, 54], [61, 56, 47, 45, 46, 63, 48, 55], [51, 40, 52, 59, 57, 62, 58, 65], [64, 67, 66, 68, 77, 70, 73, 69], [71, 75, 76, 72, 78, 74, 87, 84], [79, 81, 82, 83, 80, 85, 86, 88]]
101: [[36, 11, 43, 29, 4, 13, 2, 1], [5, 3, 9, 6, 7, 8, 10, 20], [22, 28, 15, 12, 25, 18, 14, 16], [19, 17, 21, 31, 26, 27, 23, 24], [30, 32, 39, 34, 53, 35, 33, 44], [41, 38, 37, 42, 50, 60, 49, 54], [61, 56, 47, 45, 46, 63, 48, 55], [51, 40, 52, 59, 57, 62, 58, 65], [64, 67, 66, 68, 77, 70, 73, 69], [71, 75, 76, 72, 78, 74, 87, 84], [79, 81, 82, 83, 80, 85, 86, 88]]
102: [[36, 11, 43, 29, 4, 13, 2, 1], [5, 3, 9, 6, 7, 8, 10, 20], [22, 28, 15, 12, 25, 18, 14, 16], [19, 17, 21, 31, 26, 27, 23, 24], [30, 32, 39, 34, 53, 35, 33, 44], [41, 38, 37, 42, 50, 60, 49, 54], [61, 56, 47, 45, 46, 63, 48, 55], [51, 40, 52, 59, 57, 62, 58, 65], [64, 67, 66, 68, 77, 70, 73, 69], [71, 75, 76, 72, 78, 74, 87, 84], [79, 81, 82, 83, 80, 85, 86, 88]]
103: [[36, 11, 43, 29, 4, 13, 2, 1], [5, 3, 9, 6, 7, 8, 10, 20], [22, 28, 15, 12, 25, 18, 14, 16], [19, 17, 21, 31, 26, 27, 23, 24], [30, 32, 39, 34, 53, 35, 33, 44], [41, 38, 37, 42, 50, 60, 49, 54], [61, 56, 47, 45, 46, 63, 48, 55], [51, 40, 52, 59, 57, 62, 58, 65], [64, 67, 66, 68, 77, 70, 73, 69], [71, 75, 76, 72, 78, 74, 87, 84], [79, 81, 82, 83, 80, 85, 86, 88]]
104: [[36, 11, 43, 29, 4, 13, 2, 1], [5, 3, 9, 6, 7, 8, 10, 20], [22, 28, 15, 12, 25, 18, 14, 16], [19, 17, 21, 31, 26, 27, 23, 24], [30, 32, 39, 34, 53, 35, 33, 44], [41, 38, 37, 42, 50, 60, 49, 54], [61, 56, 47, 45, 46, 63, 48, 55], [51, 40, 52, 59, 57, 62, 58, 65], [64, 67, 66, 68, 77, 70, 73, 69], [71, 75, 76, 72, 78, 74, 87, 84], [79, 81, 82, 83, 80, 85, 86, 88]]
105: [[36, 11, 43, 29, 4, 13, 2, 1], [5, 3, 9, 6, 7, 8, 10, 20], [22, 28, 15, 12, 25, 18, 14, 16], [19, 17, 21, 31, 26, 27, 23, 24], [30, 32, 39, 34, 53, 35, 33, 44], [41, 38, 37, 42, 50, 60, 49, 54], [61, 56, 47, 45, 46, 63, 48, 55], [51, 40, 52, 59, 57, 62, 58, 65], [64, 67, 66, 68, 77, 70, 73, 69], [71, 75, 76, 72, 78, 74, 87, 84], [79, 81, 82, 83, 80, 85, 86, 88]]
106: [[36, 11, 43, 29, 4, 13, 2, 1], [5, 3, 9, 6, 7, 8, 10, 20], [22, 28, 15, 12, 25, 18, 14, 16], [19, 17, 21, 31, 26, 27, 23, 24], [30, 32, 39, 34, 53, 35, 33, 44], [41, 38, 37, 42, 50, 60, 49, 54], [61, 56, 47, 45, 46, 63, 48, 55], [51, 40, 52, 59, 57, 62, 58, 65], [64, 67, 66, 68, 77, 70, 73, 69], [71, 75, 76, 72, 78, 74, 87, 84], [79, 81, 82, 83, 80, 85, 86, 88]]
107: [[36, 11, 43, 29, 4, 13, 2, 1], [5, 3, 9, 6, 7, 8, 10, 20], [22, 28, 15, 12, 25, 18, 14, 16], [19, 17, 21, 31, 26, 27, 23, 24], [30, 32, 39, 34, 53, 35, 33, 44], [41, 38, 37, 42, 50, 60, 49, 54], [61, 56, 47, 45, 46, 63, 48, 55], [51, 40, 52, 59, 57, 62, 58, 65], [64, 67, 66, 68, 77, 70, 73, 69], [71, 75, 76, 72, 78, 74, 87, 84], [79, 81, 82, 83, 80, 85, 86, 88]]
108: [[36, 11, 43, 29, 4, 13, 2, 1], [5, 3, 9, 6, 7, 8, 10, 20], [22, 28, 15, 12, 25, 18, 14, 16], [19, 17, 21, 31, 26, 27, 23, 24], [30, 32, 39, 34, 53, 35, 33, 44], [41, 38, 37, 42, 50, 60, 49, 54], [61, 56, 47, 45, 46, 63, 48, 55], [51, 40, 52, 59, 57, 62, 58, 65], [64, 67, 66, 68, 77, 70, 73, 69], [71, 75, 76, 72, 78, 74, 87, 84], [79, 81, 82, 83, 80, 85, 86, 88]]
109: [[36, 11, 43, 29, 4, 13, 2, 1], [5, 3, 9, 6, 7, 8, 10, 20], [22, 28, 15, 12, 25, 18, 14, 16], [19, 17, 21, 31, 26, 27, 23, 24], [30, 32, 39, 34, 53, 35, 33, 44], [41, 38, 37, 42, 50, 60, 49, 54], [61, 56, 47, 45, 46, 63, 48, 55], [51, 40, 52, 59, 57, 62, 58, 65], [64, 67, 66, 68, 77, 70, 73, 69], [71, 75, 76, 72, 78, 74, 87, 84], [79, 81, 82, 83, 80, 85, 86, 88]]
110: [[36, 11, 43, 29, 4, 13, 2, 1], [5, 3, 9, 6, 7, 8, 10, 20], [22, 28, 15, 12, 25, 18, 14, 16], [19, 17, 21, 31, 26, 27, 23, 24], [30, 32, 39, 34, 53, 35, 33, 44], [41, 38, 37, 42, 50, 60, 49, 54], [61, 56, 47, 45, 46, 63, 48, 55], [51, 40, 52, 59, 57, 62, 58, 65], [64, 67, 66, 68, 77, 70, 73, 69], [71, 75, 76, 72, 78, 74, 87, 84], [79, 81, 82, 83, 80, 85, 86, 88]]
111: [[36, 11, 43, 29, 4, 13, 2, 1], [5, 3, 9, 6, 7, 8, 10, 20], [22, 28, 15, 12, 25, 18, 14, 16], [19, 17, 21, 31, 26, 27, 23, 24], [30, 32, 39, 34, 53, 35, 33, 44], [41, 38, 37, 42, 50, 60, 49, 54], [61, 56, 47, 45, 46, 63, 48, 55], [51, 40, 52, 59, 57, 62, 58, 65], [64, 67, 66, 68, 77, 70, 73, 69], [71, 75, 76, 72, 78, 74, 87, 84], [79, 81, 82, 83, 80, 85, 86, 88]]
112: [[36, 11, 43, 29, 4, 13, 2, 1], [5, 3, 9, 6, 7, 8, 10, 20], [22, 28, 15, 12, 25, 18, 14, 16], [19, 17, 21, 31, 26, 27, 23, 24], [30, 32, 39, 34, 53, 35, 33, 44], [41, 38, 37, 42, 50, 60, 49, 54], [61, 56, 47, 45, 46, 63, 48, 55], [51, 40, 52, 59, 57, 62, 58, 65], [64, 67, 66, 68, 77, 70, 73, 69], [71, 75, 76, 72, 78, 74, 87, 84], [79, 81, 82, 83, 80, 85, 86, 88]]
113: [[36, 11, 43, 29, 4, 13, 2, 1], [5, 3, 9, 6, 7, 8, 10, 20], [22, 28, 15, 12, 25, 18, 14, 16], [19, 17, 21, 31, 26, 27, 23, 24], [30, 32, 39, 34, 53, 35, 33, 44], [41, 38, 37, 42, 50, 60, 49, 54], [61, 56, 47, 45, 46, 63, 48, 55], [51, 40, 52, 59, 57, 62, 58, 65], [64, 67, 66, 68, 77, 70, 73, 69], [71, 75, 76, 72, 78, 74, 87, 84], [79, 81, 82, 83, 80, 85, 86, 88]]
114: [[36, 11, 43, 29, 4, 13, 2, 1], [5, 3, 9, 6, 7, 8, 10, 20], [22, 28, 15, 12, 25, 18, 14, 16], [19, 17, 21, 31, 26, 27, 23, 24], [30, 32, 39, 34, 53, 35, 33, 44], [41, 38, 37, 42, 50, 60, 49, 54], [61, 56, 47, 45, 46, 63, 48, 55], [51, 40, 52, 59, 57, 62, 58, 65], [64, 67, 66, 68, 77, 70, 73, 69], [71, 75, 76, 72, 78, 74, 87, 84], [79, 81, 82, 83, 80, 85, 86, 88]]
115: [[36, 11, 43, 29, 4, 13, 2, 1], [5, 3, 9, 6, 7, 8, 10, 20], [22, 28, 15, 12, 25, 18, 14, 16], [19, 17, 21, 31, 26, 27, 23, 24], [30, 32, 39, 34, 53, 35, 33, 44], [41, 38, 37, 42, 50, 60, 49, 54], [61, 56, 47, 45, 46, 63, 48, 55], [51, 40, 52, 59, 57, 62, 58, 65], [64, 67, 66, 68, 77, 70, 73, 69], [71, 75, 76, 72, 78, 74, 87, 84], [79, 81, 82, 83, 80, 85, 86, 88]]
116: [[36, 11, 43, 29, 4, 13, 2, 1], [5, 3, 9, 6, 7, 8, 10, 20], [22, 28, 15, 12, 25, 18, 14, 16], [19, 17, 21, 31, 26, 27, 23, 24], [30, 32, 39, 34, 53, 35, 33, 44], [41, 38, 37, 42, 50, 60, 49, 54], [61, 56, 47, 45, 46, 63, 48, 55], [51, 40, 52, 59, 57, 62, 58, 65], [64, 67, 66, 68, 77, 70, 73, 69], [71, 75, 76, 72, 78, 74, 87, 84], [79, 81, 82, 83, 80, 85, 86, 88]]
117: [[36, 11, 43, 29, 4, 13, 2, 1], [5, 3, 9, 6, 7, 8, 10, 20], [22, 28, 15, 12, 25, 18, 14, 16], [19, 17, 21, 31, 26, 27, 23, 24], [30, 32, 39, 34, 53, 35, 33, 44], [41, 38, 37, 42, 50, 60, 49, 54], [61, 56, 47, 45, 46, 63, 48, 55], [51, 40, 52, 59, 57, 62, 58, 65], [64, 67, 66, 68, 77, 70, 73, 69], [71, 75, 76, 72, 78, 74, 87, 84], [79, 81, 82, 83, 80, 85, 86, 88]]
118: [[36, 11, 43, 29, 4, 13, 2, 1], [5, 3, 9, 6, 7, 8, 10, 20], [22, 28, 15, 12, 25, 18, 14, 16], [19, 17, 21, 31, 26, 27, 23, 24], [30, 32, 39, 34, 53, 35, 33, 44], [41, 38, 37, 42, 50, 60, 49, 54], [61, 56, 47, 45, 46, 63, 48, 55], [51, 40, 52, 59, 57, 62, 58, 65], [64, 67, 66, 68, 77, 70, 73, 69], [71, 75, 76, 72, 78, 74, 87, 84], [79, 81, 82, 83, 80, 85, 86, 88]]
119: [[36, 11, 43, 29, 4, 13, 2, 1], [5, 3, 9, 6, 7, 8, 10, 20], [22, 28, 15, 12, 25, 18, 14, 16], [19, 17, 21, 31, 26, 27, 23, 24], [30, 32, 39, 34, 53, 35, 33, 44], [41, 38, 37, 42, 50, 60, 49, 54], [61, 56, 47, 45, 46, 63, 48, 55], [51, 40, 52, 59, 57, 62, 58, 65], [64, 67, 66, 68, 77, 70, 73, 69], [71, 75, 76, 72, 78, 74, 87, 84], [79, 81, 82, 83, 80, 85, 86, 88]]
120: [[36, 11, 43, 29, 4, 13, 2, 1], [5, 3, 9, 6, 7, 8, 10, 20], [22, 28, 15, 12, 25, 18, 14, 16], [19, 17, 21, 31, 26, 27, 23, 24], [30, 32, 39, 34, 53, 35, 33, 44], [41, 38, 37, 42, 50, 60, 49, 54], [61, 56, 47, 45, 46, 63, 48, 55], [51, 40, 52, 59, 57, 62, 58, 65], [64, 67, 66, 68, 77, 70, 73, 69], [71, 75, 76, 72, 78, 74, 87, 84], [79, 81, 82, 83, 80, 85, 86, 88]]
121: [[36, 11, 43, 29, 4, 13, 2, 1], [5, 3, 9, 6, 7, 8, 10, 20], [22, 28, 15, 12, 25, 18, 14, 16], [19, 17, 21, 31, 26, 27, 23, 24], [30, 32, 39, 34, 53, 35, 33, 44], [41, 38, 37, 42, 50, 60, 49, 54], [61, 56, 47, 45, 46, 63, 48, 55], [51, 40, 52, 59, 57, 62, 58, 65], [64, 67, 66, 68, 77, 70, 73, 69], [71, 75, 76, 72, 78, 74, 87, 84], [79, 81, 82, 83, 80, 85, 86, 88]]
122: [[36, 11, 43, 29, 4, 13, 2, 1], [5, 3, 9, 6, 7, 8, 10, 20], [22, 28, 15, 12, 25, 18, 14, 16], [19, 17, 21, 31, 26, 27, 23, 24], [30, 32, 39, 34, 53, 35, 33, 44], [41, 38, 37, 42, 50, 60, 49, 54], [61, 56, 47, 45, 46, 63, 48, 55], [51, 40, 52, 59, 57, 62, 58, 65], [64, 67, 66, 68, 77, 70, 73, 69], [71, 75, 76, 72, 78, 74, 87, 84], [79, 81, 82, 83, 80, 85, 86, 88]]
123: [[36, 11, 43, 29, 4, 13, 2, 1], [5, 3, 9, 6, 7, 8, 10, 20], [22, 28, 15, 12, 25, 18, 14, 16], [19, 17, 21, 31, 26, 27, 23, 24], [30, 32, 39, 34, 53, 35, 33, 44], [41, 38, 37, 42, 50, 60, 49, 54], [61, 56, 47, 45, 46, 63, 48, 55], [51, 40, 52, 59, 57, 62, 58, 65], [64, 67, 66, 68, 77, 70, 73, 69], [71, 75, 76, 72, 78, 74, 87, 84], [79, 81, 82, 83, 80, 85, 86, 88]]
124: [[36, 11, 43, 29, 4, 13, 2, 1], [5, 3, 9, 6, 7, 8, 10, 20], [22, 28, 15, 12, 25, 18, 14, 16], [19, 17, 21, 31, 26, 27, 23, 24], [30, 32, 39, 34, 53, 35, 33, 44], [41, 38, 37, 42, 50, 60, 49, 54], [61, 56, 47, 45, 46, 63, 48, 55], [51, 40, 52, 59, 57, 62, 58, 65], [64, 67, 66, 68, 77, 70, 73, 69], [71, 75, 76, 72, 78, 74, 87, 84], [79, 81, 82, 83, 80, 85, 86, 88]]
125: [[36, 11, 43, 29, 4, 13, 2, 1], [5, 3, 9, 6, 7, 8, 10, 20], [22, 28, 15, 12, 25, 18, 14, 16], [19, 17, 21, 31, 26, 27, 23, 24], [30, 32, 39, 34, 53, 35, 33, 44], [41, 38, 37, 42, 50, 60, 49, 54], [61, 56, 47, 45, 46, 63, 48, 55], [51, 40, 52, 59, 57, 62, 58, 65], [64, 67, 66, 68, 77, 70, 73, 69], [71, 75, 76, 72, 78, 74, 87, 84], [79, 81, 82, 83, 80, 85, 86, 88]]
126: [[36, 11, 43, 29, 4, 13, 2, 1], [5, 3, 9, 6, 7, 8, 10, 20], [22, 28, 15, 12, 25, 18, 14, 16], [19, 17, 21, 31, 26, 27, 23, 24], [30, 32, 39, 34, 53, 35, 33, 44], [41, 38, 37, 42, 50, 60, 49, 54], [61, 56, 47, 45, 46, 63, 48, 55], [51, 40, 52, 59, 57, 62, 58, 65], [64, 67, 66, 68, 77, 70, 73, 69], [71, 75, 76, 72, 78, 74, 87, 84], [79, 81, 82, 83, 80, 85, 86, 88]]
127: [[36, 11, 43, 29, 4, 13, 2, 1], [5, 3, 9, 6, 7, 8, 10, 20], [22, 28, 15, 12, 25, 18, 14, 16], [19, 17, 21, 31, 26, 27, 23, 24], [30, 32, 39, 34, 53, 35, 33, 44], [41, 38, 37, 42, 50, 60, 49, 54], [61, 56, 47, 45, 46, 63, 48, 55], [51, 40, 52, 59, 57, 62, 58, 65], [64, 67, 66, 68, 77, 70, 73, 69], [71, 75, 76, 72, 78, 74, 87, 84], [79, 81, 82, 83, 80, 85, 86, 88]]
128: [[36, 11, 43, 29, 4, 13, 2, 1], [5, 3, 9, 6, 7, 8, 10, 20], [22, 28, 15, 12, 25, 18, 14, 16], [19, 17, 21, 31, 26, 27, 23, 24], [30, 32, 39, 34, 53, 35, 33, 44], [41, 38, 37, 42, 50, 60, 49, 54], [61, 56, 47, 45, 46, 63, 48, 55], [51, 40, 52, 59, 57, 62, 58, 65], [64, 67, 66, 68, 77, 70, 73, 69], [71, 75, 76, 72, 78, 74, 87, 84], [79, 81, 82, 83, 80, 85, 86, 88]]
129: [[36, 11, 43, 29, 4, 13, 2, 1], [5, 3, 9, 6, 7, 8, 10, 20], [22, 28, 15, 12, 25, 18, 14, 16], [19, 17, 21, 31, 26, 27, 23, 24], [30, 32, 39, 34, 53, 35, 33, 44], [41, 38, 37, 42, 50, 60, 49, 54], [61, 56, 47, 45, 46, 63, 48, 55], [51, 40, 52, 59, 57, 62, 58, 65], [64, 67, 66, 68, 77, 70, 73, 69], [71, 75, 76, 72, 78, 74, 87, 84], [79, 81, 82, 83, 80, 85, 86, 88]]
130: [[36, 11, 43, 29, 4, 13, 2, 1], [5, 3, 9, 6, 7, 8, 10, 20], [22, 28, 15, 12, 25, 18, 14, 16], [19, 17, 21, 31, 26, 27, 23, 24], [30, 32, 39, 34, 53, 35, 33, 44], [41, 38, 37, 42, 50, 60, 49, 54], [61, 56, 47, 45, 46, 63, 48, 55], [51, 40, 52, 59, 57, 62, 58, 65], [64, 67, 66, 68, 77, 70, 73, 69], [71, 75, 76, 72, 78, 74, 87, 84], [79, 81, 82, 83, 80, 85, 86, 88]]
131: [[36, 11, 43, 29, 4, 13, 2, 1], [5, 3, 9, 6, 7, 8, 10, 20], [22, 28, 15, 12, 25, 18, 14, 16], [19, 17, 21, 31, 26, 27, 23, 24], [30, 32, 39, 34, 53, 35, 33, 44], [41, 38, 37, 42, 50, 60, 49, 54], [61, 56, 47, 45, 46, 63, 48, 55], [51, 40, 52, 59, 57, 62, 58, 65], [64, 67, 66, 68, 77, 70, 73, 69], [71, 75, 76, 72, 78, 74, 87, 84], [79, 81, 82, 83, 80, 85, 86, 88]]
132: [[36, 11, 43, 29, 4, 13, 2, 1], [5, 3, 9, 6, 7, 8, 10, 20], [22, 28, 15, 12, 25, 18, 14, 16], [19, 17, 21, 31, 26, 27, 23, 24], [30, 32, 39, 34, 53, 35, 33, 44], [41, 38, 37, 42, 50, 60, 49, 54], [61, 56, 47, 45, 46, 63, 48, 55], [51, 40, 52, 59, 57, 62, 58, 65], [64, 67, 66, 68, 77, 70, 73, 69], [71, 75, 76, 72, 78, 74, 87, 84], [79, 81, 82, 83, 80, 85, 86, 88]]
133: [[36, 11, 43, 29, 4, 13, 2, 1], [5, 3, 9, 6, 7, 8, 10, 20], [22, 28, 15, 12, 25, 18, 14, 16], [19, 17, 21, 31, 26, 27, 23, 24], [30, 32, 39, 34, 53, 35, 33, 44], [41, 38, 37, 42, 50, 60, 49, 54], [61, 56, 47, 45, 46, 63, 48, 55], [51, 40, 52, 59, 57, 62, 58, 65], [64, 67, 66, 68, 77, 70, 73, 69], [71, 75, 76, 72, 78, 74, 87, 84], [79, 81, 82, 83, 80, 85, 86, 88]]
134: [[36, 11, 43, 29, 4, 13, 2, 1], [5, 3, 9, 6, 7, 8, 10, 20], [22, 28, 15, 12, 25, 18, 14, 16], [19, 17, 21, 31, 26, 27, 23, 24], [30, 32, 39, 34, 53, 35, 33, 44], [41, 38, 37, 42, 50, 60, 49, 54], [61, 56, 47, 45, 46, 63, 48, 55], [51, 40, 52, 59, 57, 62, 58, 65], [64, 67, 66, 68, 77, 70, 73, 69], [71, 75, 76, 72, 78, 74, 87, 84], [79, 81, 82, 83, 80, 85, 86, 88]]
135: [[36, 11, 43, 29, 4, 13, 2, 1], [5, 3, 9, 6, 7, 8, 10, 20], [22, 28, 15, 12, 25, 18, 14, 16], [19, 17, 21, 31, 26, 27, 23, 24], [30, 32, 39, 34, 53, 35, 33, 44], [41, 38, 37, 42, 50, 60, 49, 54], [61, 56, 47, 45, 46, 63, 48, 55], [51, 40, 52, 59, 57, 62, 58, 65], [64, 67, 66, 68, 77, 70, 73, 69], [71, 75, 76, 72, 78, 74, 87, 84], [79, 81, 82, 83, 80, 85, 86, 88]]
136: [[36, 11, 43, 29, 4, 13, 2, 1], [5, 3, 9, 6, 7, 8, 10, 20], [22, 28, 15, 12, 25, 18, 14, 16], [19, 17, 21, 31, 26, 27, 23, 24], [30, 32, 39, 34, 53, 35, 33, 44], [41, 38, 37, 42, 50, 60, 49, 54], [61, 56, 47, 45, 46, 63, 48, 55], [51, 40, 52, 59, 57, 62, 58, 65], [64, 67, 66, 68, 77, 70, 73, 69], [71, 75, 76, 72, 78, 74, 87, 84], [79, 81, 82, 83, 80, 85, 86, 88]]
137: [[36, 11, 43, 29, 4, 13, 2, 1], [5, 3, 9, 6, 7, 8, 10, 20], [22, 28, 15, 12, 25, 18, 14, 16], [19, 17, 21, 31, 26, 27, 23, 24], [30, 32, 39, 34, 53, 35, 33, 44], [41, 38, 37, 42, 50, 60, 49, 54], [61, 56, 47, 45, 46, 63, 48, 55], [51, 40, 52, 59, 57, 62, 58, 65], [64, 67, 66, 68, 77, 70, 73, 69], [71, 75, 76, 72, 78, 74, 87, 84], [79, 81, 82, 83, 80, 85, 86, 88]]
138: [[36, 11, 43, 29, 4, 13, 2, 1], [5, 3, 9, 6, 7, 8, 10, 20], [22, 28, 15, 12, 25, 18, 14, 16], [19, 17, 21, 31, 26, 27, 23, 24], [30, 32, 39, 34, 53, 35, 33, 44], [41, 38, 37, 42, 50, 60, 49, 54], [61, 56, 47, 45, 46, 63, 48, 55], [51, 40, 52, 59, 57, 62, 58, 65], [64, 67, 66, 68, 77, 70, 73, 69], [71, 75, 76, 72, 78, 74, 87, 84], [79, 81, 82, 83, 80, 85, 86, 88]]
139: [[36, 11, 43, 29, 4, 13, 2, 1], [5, 3, 9, 6, 7, 8, 10, 20], [22, 28, 15, 12, 25, 18, 14, 16], [19, 17, 21, 31, 26, 27, 23, 24], [30, 32, 39, 34, 53, 35, 33, 44], [41, 38, 37, 42, 50, 60, 49, 54], [61, 56, 47, 45, 46, 63, 48, 55], [51, 40, 52, 59, 57, 62, 58, 65], [64, 67, 66, 68, 77, 70, 73, 69], [71, 75, 76, 72, 78, 74, 87, 84], [79, 81, 82, 83, 80, 85, 86, 88]]
140: [[36, 11, 43, 29, 4, 13, 2, 1], [5, 3, 9, 6, 7, 8, 10, 20], [22, 28, 15, 12, 25, 18, 14, 16], [19, 17, 21, 31, 26, 27, 23, 24], [30, 32, 39, 34, 53, 35, 33, 44], [41, 38, 37, 42, 50, 60, 49, 54], [61, 56, 47, 45, 46, 63, 48, 55], [51, 40, 52, 59, 57, 62, 58, 65], [64, 67, 66, 68, 77, 70, 73, 69], [71, 75, 76, 72, 78, 74, 87, 84], [79, 81, 82, 83, 80, 85, 86, 88]]
141: [[36, 11, 43, 29, 4, 13, 2, 1], [5, 3, 9, 6, 7, 8, 10, 20], [22, 28, 15, 12, 25, 18, 14, 16], [19, 17, 21, 31, 26, 27, 23, 24], [30, 32, 39, 34, 53, 35, 33, 44], [41, 38, 37, 42, 50, 60, 49, 54], [61, 56, 47, 45, 46, 63, 48, 55], [51, 40, 52, 59, 57, 62, 58, 65], [64, 67, 66, 68, 77, 70, 73, 69], [71, 75, 76, 72, 78, 74, 87, 84], [79, 81, 82, 83, 80, 85, 86, 88]]
142: [[36, 11, 43, 29, 4, 13, 2, 1], [5, 3, 9, 6, 7, 8, 10, 20], [22, 28, 15, 12, 25, 18, 14, 16], [19, 17, 21, 31, 26, 27, 23, 24], [30, 32, 39, 34, 53, 35, 33, 44], [41, 38, 37, 42, 50, 60, 49, 54], [61, 56, 47, 45, 46, 63, 48, 55], [51, 40, 52, 59, 57, 62, 58, 65], [64, 67, 66, 68, 77, 70, 73, 69], [71, 75, 76, 72, 78, 74, 87, 84], [79, 81, 82, 83, 80, 85, 86, 88]]
143: [[36, 11, 43, 29, 4, 13, 2, 1], [5, 3, 9, 6, 7, 8, 10, 20], [22, 28, 15, 12, 25, 18, 14, 16], [19, 17, 21, 31, 26, 27, 23, 24], [30, 32, 39, 34, 53, 35, 33, 44], [41, 38, 37, 42, 50, 60, 49, 54], [61, 56, 47, 45, 46, 63, 48, 55], [51, 40, 52, 59, 57, 62, 58, 65], [64, 67, 66, 68, 77, 70, 73, 69], [71, 75, 76, 72, 78, 74, 87, 84], [79, 81, 82, 83, 80, 85, 86, 88]]
144: [[36, 11, 43, 29, 4, 13, 2, 1], [5, 3, 9, 6, 7, 8, 10, 20], [22, 28, 15, 12, 25, 18, 14, 16], [19, 17, 21, 31, 26, 27, 23, 24], [30, 32, 39, 34, 53, 35, 33, 44], [41, 38, 37, 42, 50, 60, 49, 54], [61, 56, 47, 45, 46, 63, 48, 55], [51, 40, 52, 59, 57, 62, 58, 65], [64, 67, 66, 68, 77, 70, 73, 69], [71, 75, 76, 72, 78, 74, 87, 84], [79, 81, 82, 83, 80, 85, 86, 88]]
145: [[36, 11, 43, 29, 4, 13, 2, 1], [5, 3, 9, 6, 7, 8, 10, 20], [22, 28, 15, 12, 25, 18, 14, 16], [19, 17, 21, 31, 26, 27, 23, 24], [30, 32, 39, 34, 53, 35, 33, 44], [41, 38, 37, 42, 50, 60, 49, 54], [61, 56, 47, 45, 46, 63, 48, 55], [51, 40, 52, 59, 57, 62, 58, 65], [64, 67, 66, 68, 77, 70, 73, 69], [71, 75, 76, 72, 78, 74, 87, 84], [79, 81, 82, 83, 80, 85, 86, 88]]
146: [[36, 11, 43, 29, 4, 13, 2, 1], [5, 3, 9, 6, 7, 8, 10, 20], [22, 28, 15, 12, 25, 18, 14, 16], [19, 17, 21, 31, 26, 27, 23, 24], [30, 32, 39, 34, 53, 35, 33, 44], [41, 38, 37, 42, 50, 60, 49, 54], [61, 56, 47, 45, 46, 63, 48, 55], [51, 40, 52, 59, 57, 62, 58, 65], [64, 67, 66, 68, 77, 70, 73, 69], [71, 75, 76, 72, 78, 74, 87, 84], [79, 81, 82, 83, 80, 85, 86, 88]]
147: [[36, 11, 43, 29, 4, 13, 2, 1], [5, 3, 9, 6, 7, 8, 10, 20], [22, 28, 15, 12, 25, 18, 14, 16], [19, 17, 21, 31, 26, 27, 23, 24], [30, 32, 39, 34, 53, 35, 33, 44], [41, 38, 37, 42, 50, 60, 49, 54], [61, 56, 47, 45, 46, 63, 48, 55], [51, 40, 52, 59, 57, 62, 58, 65], [64, 67, 66, 68, 77, 70, 73, 69], [71, 75, 76, 72, 78, 74, 87, 84], [79, 81, 82, 83, 80, 85, 86, 88]]
148: [[36, 11, 43, 29, 4, 13, 2, 1], [5, 3, 9, 6, 7, 8, 10, 20], [22, 28, 15, 12, 25, 18, 14, 16], [19, 17, 21, 31, 26, 27, 23, 24], [30, 32, 39, 34, 53, 35, 33, 44], [41, 38, 37, 42, 50, 60, 49, 54], [61, 56, 47, 45, 46, 63, 48, 55], [51, 40, 52, 59, 57, 62, 58, 65], [64, 67, 66, 68, 77, 70, 73, 69], [71, 75, 76, 72, 78, 74, 87, 84], [79, 81, 82, 83, 80, 85, 86, 88]]
149: [[36, 11, 43, 29, 4, 13, 2, 1], [5, 3, 9, 6, 7, 8, 10, 20], [22, 28, 15, 12, 25, 18, 14, 16], [19, 17, 21, 31, 26, 27, 23, 24], [30, 32, 39, 34, 53, 35, 33, 44], [41, 38, 37, 42, 50, 60, 49, 54], [61, 56, 47, 45, 46, 63, 48, 55], [51, 40, 52, 59, 57, 62, 58, 65], [64, 67, 66, 68, 77, 70, 73, 69], [71, 75, 76, 72, 78, 74, 87, 84], [79, 81, 82, 83, 80, 85, 86, 88]]
150: [[36, 11, 43, 29, 4, 13, 2, 1], [5, 3, 9, 6, 7, 8, 10, 20], [22, 28, 15, 12, 25, 18, 14, 16], [19, 17, 21, 31, 26, 27, 23, 24], [30, 32, 39, 34, 53, 35, 33, 44], [41, 38, 37, 42, 50, 60, 49, 54], [61, 56, 47, 45, 46, 63, 48, 55], [51, 40, 52, 59, 57, 62, 58, 65], [64, 67, 66, 68, 77, 70, 73, 69], [71, 75, 76, 72, 78, 74, 87, 84], [79, 81, 82, 83, 80, 85, 86, 88]]
151: [[36, 11, 43, 29, 4, 13, 2, 1], [5, 3, 9, 6, 7, 8, 10, 20], [22, 28, 15, 12, 25, 18, 14, 16], [19, 17, 21, 31, 26, 27, 23, 24], [30, 32, 39, 34, 53, 35, 33, 44], [41, 38, 37, 42, 50, 60, 49, 54], [61, 56, 47, 45, 46, 63, 48, 55], [51, 40, 52, 59, 57, 62, 58, 65], [64, 67, 66, 68, 77, 70, 73, 69], [71, 75, 76, 72, 78, 74, 87, 84], [79, 81, 82, 83, 80, 85, 86, 88]]
152: [[36, 11, 43, 29, 4, 13, 2, 1], [5, 3, 9, 6, 7, 8, 10, 20], [22, 28, 15, 12, 25, 18, 14, 16], [19, 17, 21, 31, 26, 27, 23, 24], [30, 32, 39, 34, 53, 35, 33, 44], [41, 38, 37, 42, 50, 60, 49, 54], [61, 56, 47, 45, 46, 63, 48, 55], [51, 40, 52, 59, 57, 62, 58, 65], [64, 67, 66, 68, 77, 70, 73, 69], [71, 75, 76, 72, 78, 74, 87, 84], [79, 81, 82, 83, 80, 85, 86, 88]]
153: [[36, 11, 43, 29, 4, 13, 2, 1], [5, 3, 9, 6, 7, 8, 10, 20], [22, 28, 15, 12, 25, 18, 14, 16], [19, 17, 21, 31, 26, 27, 23, 24], [30, 32, 39, 34, 53, 35, 33, 44], [41, 38, 37, 42, 50, 60, 49, 54], [61, 56, 47, 45, 46, 63, 48, 55], [51, 40, 52, 59, 57, 62, 58, 65], [64, 67, 66, 68, 77, 70, 73, 69], [71, 75, 76, 72, 78, 74, 87, 84], [79, 81, 82, 83, 80, 85, 86, 88]]
154: [[36, 11, 43, 29, 4, 13, 2, 1], [5, 3, 9, 6, 7, 8, 10, 20], [22, 28, 15, 12, 25, 18, 14, 16], [19, 17, 21, 31, 26, 27, 23, 24], [30, 32, 39, 34, 53, 35, 33, 44], [41, 38, 37, 42, 50, 60, 49, 54], [61, 56, 47, 45, 46, 63, 48, 55], [51, 40, 52, 59, 57, 62, 58, 65], [64, 67, 66, 68, 77, 70, 73, 69], [71, 75, 76, 72, 78, 74, 87, 84], [79, 81, 82, 83, 80, 85, 86, 88]]
155: [[36, 11, 43, 29, 4, 13, 2, 1], [5, 3, 9, 6, 7, 8, 10, 20], [22, 28, 15, 12, 25, 18, 14, 16], [19, 17, 21, 31, 26, 27, 23, 24], [30, 32, 39, 34, 53, 35, 33, 44], [41, 38, 37, 42, 50, 60, 49, 54], [61, 56, 47, 45, 46, 63, 48, 55], [51, 40, 52, 59, 57, 62, 58, 65], [64, 67, 66, 68, 77, 70, 73, 69], [71, 75, 76, 72, 78, 74, 87, 84], [79, 81, 82, 83, 80, 85, 86, 88]]
156: [[36, 11, 43, 29, 4, 13, 2, 1], [5, 3, 9, 6, 7, 8, 10, 20], [22, 28, 15, 12, 25, 18, 14, 16], [19, 17, 21, 31, 26, 27, 23, 24], [30, 32, 39, 34, 53, 35, 33, 44], [41, 38, 37, 42, 50, 60, 49, 54], [61, 56, 47, 45, 46, 63, 48, 55], [51, 40, 52, 59, 57, 62, 58, 65], [64, 67, 66, 68, 77, 70, 73, 69], [71, 75, 76, 72, 78, 74, 87, 84], [79, 81, 82, 83, 80, 85, 86, 88]]
157: [[36, 11, 43, 29, 4, 13, 2, 1], [5, 3, 9, 6, 7, 8, 10, 20], [22, 28, 15, 12, 25, 18, 14, 16], [19, 17, 21, 31, 26, 27, 23, 24], [30, 32, 39, 34, 53, 35, 33, 44], [41, 38, 37, 42, 50, 60, 49, 54], [61, 56, 47, 45, 46, 63, 48, 55], [51, 40, 52, 59, 57, 62, 58, 65], [64, 67, 66, 68, 77, 70, 73, 69], [71, 75, 76, 72, 78, 74, 87, 84], [79, 81, 82, 83, 80, 85, 86, 88]]
158: [[36, 11, 43, 29, 4, 13, 2, 1], [5, 3, 9, 6, 7, 8, 10, 20], [22, 28, 15, 12, 25, 18, 14, 16], [19, 17, 21, 31, 26, 27, 23, 24], [30, 32, 39, 34, 53, 35, 33, 44], [41, 38, 37, 42, 50, 60, 49, 54], [61, 56, 47, 45, 46, 63, 48, 55], [51, 40, 52, 59, 57, 62, 58, 65], [64, 67, 66, 68, 77, 70, 73, 69], [71, 75, 76, 72, 78, 74, 87, 84], [79, 81, 82, 83, 80, 85, 86, 88]]
159: [[36, 11, 43, 29, 4, 13, 2, 1], [5, 3, 9, 6, 7, 8, 10, 20], [22, 28, 15, 12, 25, 18, 14, 16], [19, 17, 21, 31, 26, 27, 23, 24], [30, 32, 39, 34, 53, 35, 33, 44], [41, 38, 37, 42, 50, 60, 49, 54], [61, 56, 47, 45, 46, 63, 48, 55], [51, 40, 52, 59, 57, 62, 58, 65], [64, 67, 66, 68, 77, 70, 73, 69], [71, 75, 76, 72, 78, 74, 87, 84], [79, 81, 82, 83, 80, 85, 86, 88]]
160: [[36, 11, 43, 29, 4, 13, 2, 1], [5, 3, 9, 6, 7, 8, 10, 20], [22, 28, 15, 12, 25, 18, 14, 16], [19, 17, 21, 31, 26, 27, 23, 24], [30, 32, 39, 34, 53, 35, 33, 44], [41, 38, 37, 42, 50, 60, 49, 54], [61, 56, 47, 45, 46, 63, 48, 55], [51, 40, 52, 59, 57, 62, 58, 65], [64, 67, 66, 68, 77, 70, 73, 69], [71, 75, 76, 72, 78, 74, 87, 84], [79, 81, 82, 83, 80, 85, 86, 88]]
161: [[36, 11, 43, 29, 4, 13, 2, 1], [5, 3, 9, 6, 7, 8, 10, 20], [22, 28, 15, 12, 25, 18, 14, 16], [19, 17, 21, 31, 26, 27, 23, 24], [30, 32, 39, 34, 53, 35, 33, 44], [41, 38, 37, 42, 50, 60, 49, 54], [61, 56, 47, 45, 46, 63, 48, 55], [51, 40, 52, 59, 57, 62, 58, 65], [64, 67, 66, 68, 77, 70, 73, 69], [71, 75, 76, 72, 78, 74, 87, 84], [79, 81, 82, 83, 80, 85, 86, 88]]
162: [[36, 11, 43, 29, 4, 13, 2, 1], [5, 3, 9, 6, 7, 8, 10, 20], [22, 28, 15, 12, 25, 18, 14, 16], [19, 17, 21, 31, 26, 27, 23, 24], [30, 32, 39, 34, 53, 35, 33, 44], [41, 38, 37, 42, 50, 60, 49, 54], [61, 56, 47, 45, 46, 63, 48, 55], [51, 40, 52, 59, 57, 62, 58, 65], [64, 67, 66, 68, 77, 70, 73, 69], [71, 75, 76, 72, 78, 74, 87, 84], [79, 81, 82, 83, 80, 85, 86, 88]]
163: [[36, 11, 43, 29, 4, 13, 2, 1], [5, 3, 9, 6, 7, 8, 10, 20], [22, 28, 15, 12, 25, 18, 14, 16], [19, 17, 21, 31, 26, 27, 23, 24], [30, 32, 39, 34, 53, 35, 33, 44], [41, 38, 37, 42, 50, 60, 49, 54], [61, 56, 47, 45, 46, 63, 48, 55], [51, 40, 52, 59, 57, 62, 58, 65], [64, 67, 66, 68, 77, 70, 73, 69], [71, 75, 76, 72, 78, 74, 87, 84], [79, 81, 82, 83, 80, 85, 86, 88]]
164: [[36, 11, 43, 29, 4, 13, 2, 1], [5, 3, 9, 6, 7, 8, 10, 20], [22, 28, 15, 12, 25, 18, 14, 16], [19, 17, 21, 31, 26, 27, 23, 24], [30, 32, 39, 34, 53, 35, 33, 44], [41, 38, 37, 42, 50, 60, 49, 54], [61, 56, 47, 45, 46, 63, 48, 55], [51, 40, 52, 59, 57, 62, 58, 65], [64, 67, 66, 68, 77, 70, 73, 69], [71, 75, 76, 72, 78, 74, 87, 84], [79, 81, 82, 83, 80, 85, 86, 88]]
165: [[36, 11, 43, 29, 4, 13, 2, 1], [5, 3, 9, 6, 7, 8, 10, 20], [22, 28, 15, 12, 25, 18, 14, 16], [19, 17, 21, 31, 26, 27, 23, 24], [30, 32, 39, 34, 53, 35, 33, 44], [41, 38, 37, 42, 50, 60, 49, 54], [61, 56, 47, 45, 46, 63, 48, 55], [51, 40, 52, 59, 57, 62, 58, 65], [64, 67, 66, 68, 77, 70, 73, 69], [71, 75, 76, 72, 78, 74, 87, 84], [79, 81, 82, 83, 80, 85, 86, 88]]
166: [[36, 11, 43, 29, 4, 13, 2, 1], [5, 3, 9, 6, 7, 8, 10, 20], [22, 28, 15, 12, 25, 18, 14, 16], [19, 17, 21, 31, 26, 27, 23, 24], [30, 32, 39, 34, 53, 35, 33, 44], [41, 38, 37, 42, 50, 60, 49, 54], [61, 56, 47, 45, 46, 63, 48, 55], [51, 40, 52, 59, 57, 62, 58, 65], [64, 67, 66, 68, 77, 70, 73, 69], [71, 75, 76, 72, 78, 74, 87, 84], [79, 81, 82, 83, 80, 85, 86, 88]]
167: [[36, 11, 43, 29, 4, 13, 2, 1], [5, 3, 9, 6, 7, 8, 10, 20], [22, 28, 15, 12, 25, 18, 14, 16], [19, 17, 21, 31, 26, 27, 23, 24], [30, 32, 39, 34, 53, 35, 33, 44], [41, 38, 37, 42, 50, 60, 49, 54], [61, 56, 47, 45, 46, 63, 48, 55], [51, 40, 52, 59, 57, 62, 58, 65], [64, 67, 66, 68, 77, 70, 73, 69], [71, 75, 76, 72, 78, 74, 87, 84], [79, 81, 82, 83, 80, 85, 86, 88]]
168: [[36, 11, 43, 29, 4, 13, 2, 1], [5, 3, 9, 6, 7, 8, 10, 20], [22, 28, 15, 12, 25, 18, 14, 16], [19, 17, 21, 31, 26, 27, 23, 24], [30, 32, 39, 34, 53, 35, 33, 44], [41, 38, 37, 42, 50, 60, 49, 54], [61, 56, 47, 45, 46, 63, 48, 55], [51, 40, 52, 59, 57, 62, 58, 65], [64, 67, 66, 68, 77, 70, 73, 69], [71, 75, 76, 72, 78, 74, 87, 84], [79, 81, 82, 83, 80, 85, 86, 88]]
169: [[36, 11, 43, 29, 4, 13, 2, 1], [5, 3, 9, 6, 7, 8, 10, 20], [22, 28, 15, 12, 25, 18, 14, 16], [19, 17, 21, 31, 26, 27, 23, 24], [30, 32, 39, 34, 53, 35, 33, 44], [41, 38, 37, 42, 50, 60, 49, 54], [61, 56, 47, 45, 46, 63, 48, 55], [51, 40, 52, 59, 57, 62, 58, 65], [64, 67, 66, 68, 77, 70, 73, 69], [71, 75, 76, 72, 78, 74, 87, 84], [79, 81, 82, 83, 80, 85, 86, 88]]
170: [[36, 11, 43, 29, 4, 13, 2, 1], [5, 3, 9, 6, 7, 8, 10, 20], [22, 28, 15, 12, 25, 18, 14, 16], [19, 17, 21, 31, 26, 27, 23, 24], [30, 32, 39, 34, 53, 35, 33, 44], [41, 38, 37, 42, 50, 60, 49, 54], [61, 56, 47, 45, 46, 63, 48, 55], [51, 40, 52, 59, 57, 62, 58, 65], [64, 67, 66, 68, 77, 70, 73, 69], [71, 75, 76, 72, 78, 74, 87, 84], [79, 81, 82, 83, 80, 85, 86, 88]]
171: [[36, 11, 43, 29, 4, 13, 2, 1], [5, 3, 9, 6, 7, 8, 10, 20], [22, 28, 15, 12, 25, 18, 14, 16], [19, 17, 21, 31, 26, 27, 23, 24], [30, 32, 39, 34, 53, 35, 33, 44], [41, 38, 37, 42, 50, 60, 49, 54], [61, 56, 47, 45, 46, 63, 48, 55], [51, 40, 52, 59, 57, 62, 58, 65], [64, 67, 66, 68, 77, 70, 73, 69], [71, 75, 76, 72, 78, 74, 87, 84], [79, 81, 82, 83, 80, 85, 86, 88]]
172: [[36, 11, 43, 29, 4, 13, 2, 1], [5, 3, 9, 6, 7, 8, 10, 20], [22, 28, 15, 12, 25, 18, 14, 16], [19, 17, 21, 31, 26, 27, 23, 24], [30, 32, 39, 34, 53, 35, 33, 44], [41, 38, 37, 42, 50, 60, 49, 54], [61, 56, 47, 45, 46, 63, 48, 55], [51, 40, 52, 59, 57, 62, 58, 65], [64, 67, 66, 68, 77, 70, 73, 69], [71, 75, 76, 72, 78, 74, 87, 84], [79, 81, 82, 83, 80, 85, 86, 88]]
173: [[36, 11, 43, 29, 4, 13, 2, 1], [5, 3, 9, 6, 7, 8, 10, 20], [22, 28, 15, 12, 25, 18, 14, 16], [19, 17, 21, 31, 26, 27, 23, 24], [30, 32, 39, 34, 53, 35, 33, 44], [41, 38, 37, 42, 50, 60, 49, 54], [61, 56, 47, 45, 46, 63, 48, 55], [51, 40, 52, 59, 57, 62, 58, 65], [64, 67, 66, 68, 77, 70, 73, 69], [71, 75, 76, 72, 78, 74, 87, 84], [79, 81, 82, 83, 80, 85, 86, 88]]
174: [[36, 11, 43, 29, 4, 13, 2, 1], [5, 3, 9, 6, 7, 8, 10, 20], [22, 28, 15, 12, 25, 18, 14, 16], [19, 17, 21, 31, 26, 27, 23, 24], [30, 32, 39, 34, 53, 35, 33, 44], [41, 38, 37, 42, 50, 60, 49, 54], [61, 56, 47, 45, 46, 63, 48, 55], [51, 40, 52, 59, 57, 62, 58, 65], [64, 67, 66, 68, 77, 70, 73, 69], [71, 75, 76, 72, 78, 74, 87, 84], [79, 81, 82, 83, 80, 85, 86, 88]]
175: [[36, 11, 43, 29, 4, 13, 2, 1], [5, 3, 9, 6, 7, 8, 10, 20], [22, 28, 15, 12, 25, 18, 14, 16], [19, 17, 21, 31, 26, 27, 23, 24], [30, 32, 39, 34, 53, 35, 33, 44], [41, 38, 37, 42, 50, 60, 49, 54], [61, 56, 47, 45, 46, 63, 48, 55], [51, 40, 52, 59, 57, 62, 58, 65], [64, 67, 66, 68, 77, 70, 73, 69], [71, 75, 76, 72, 78, 74, 87, 84], [79, 81, 82, 83, 80, 85, 86, 88]]
