0: [[29, 22, 7, 6, 2, 1, 4, 3], [12, 11, 5], [10, 8, 14, 9], [13, 15, 19, 17], [16, 23, 20, 21], [18, 24, 27], [25, 26, 28], [31, 30, 32, 33], [35, 34, 36, 37]]
1: [[29, 22, 7, 6, 2, 1, 4, 3], [12, 11, 5], [10, 8, 14, 9], [13, 15, 19, 17], [16, 23, 20, 21], [18, 24, 27], [25, 26, 28], [31, 30, 32, 33], [35, 34, 36, 37]]
2: [[29, 22, 7], [6, 2, 1, 4], [3, 12, 11, 5], [10, 8, 14, 9], [13, 15, 19], [17, 16, 23, 20], [18, 21, 24, 27], [25, 26, 28], [31, 30, 32, 33], [35, 34, 36, 37]]
3: [[29, 22, 7, 6], [2, 1, 4], [3, 12, 11, 5], [10, 8, 14, 9], [13, 15, 19, 17], [16, 23, 20, 18], [21, 24, 27], [25, 26, 28], [31, 30, 32, 33], [35, 34, 36, 37]]
4: [[29, 22, 7], [6, 2, 1, 4], [3, 12, 11, 5], [10, 8, 14, 9], [13, 15, 19, 17], [16, 23, 20], [18, 21, 24], [27, 25, 26, 28], [31, 30, 32, 33], [35, 34, 36, 37]]
5: [[29, 22, 7], [6, 2, 1, 4], [3, 12, 11, 5], [10, 8, 14, 9], [13, 15, 19, 17], [16, 23, 20], [18, 21, 24], [27, 25, 26, 28], [31, 30, 32, 33], [35, 34, 36, 37]]
6: [[29, 22, 7], [6, 2, 1, 4], [3, 12, 11, 5], [10, 8, 14, 9], [13, 15, 19, 17], [16, 23, 20], [18, 21, 24], [27, 25, 26, 28], [31, 30, 32, 33], [35, 34, 36, 37]]
7: [[29, 22, 7], [6, 2, 1, 4], [3, 12, 11, 5], [10, 8, 14, 9], [13, 15, 19, 17], [16, 23, 20], [18, 21, 24], [27, 25, 26, 28], [31, 30, 32, 33], [35, 34, 36, 37]]
8: [[29, 22, 7], [6, 2, 1, 4], [3, 12, 11, 5], [10, 8, 14, 9], [13, 15, 19, 17], [16, 23, 20], [18, 21, 24], [27, 25, 26, 28], [31, 30, 32, 33], [35, 34, 36, 37]]
9: [[29, 22, 7], [6, 2, 1, 4], [3, 12, 11, 5], [10, 8, 14, 9], [13, 15, 19, 17], [16, 23, 20], [18, 21, 24], [27, 25, 26, 28], [31, 30, 32, 33], [35, 34, 36, 37]]
10: [[29, 22, 7], [6, 2, 1, 4], [3, 12, 11, 5], [10, 8, 14, 9], [13, 15, 19, 17], [16, 23, 20], [18, 21, 24, 27], [25, 26, 28, 31], [30, 32, 33], [35, 34, 36, 37]]
11: [[29, 22, 7, 6], [2, 1, 4], [3, 12, 11, 5], [10, 8, 14, 9], [13, 15, 19, 17], [16, 23, 20], [18, 21, 24], [27, 25, 26, 28], [31, 30, 32, 33], [35, 34, 36, 37]]
12: [[29, 22, 7, 6], [2, 1, 4, 3], [12, 11, 5, 10], [8, 14, 9, 13], [15, 19, 17], [16, 23, 20], [18, 21, 24, 27], [25, 26, 28], [31, 30, 32, 33], [35, 34, 36, 37]]
13: [[29, 22, 7], [6, 2, 1, 4], [3, 12, 11, 5], [10, 8, 14], [9, 13, 15, 19], [17, 16, 23, 20, 18], [21, 24, 27], [25, 26, 28], [31, 30, 32, 33], [35, 34, 36, 37]]
14: [[29, 22, 7, 6], [2, 1, 4, 3], [12, 11, 5, 10], [8, 14, 9], [13, 15, 19], [17, 16, 23, 20], [18, 21, 24, 27], [25, 26, 28, 31], [30, 32, 33], [35, 34, 36, 37]]
15: [[29, 22, 7], [6, 2, 1, 4], [3, 12, 11, 5], [10, 8, 14, 9], [13, 15, 19], [17, 16, 23], [20, 18, 21, 24], [27, 25, 26, 28], [31, 30, 32, 33], [35, 34, 36, 37]]
16: [[29, 22, 7], [6, 2, 1, 4], [3, 12, 11, 5], [10, 8, 14, 9], [13, 15, 19], [17, 16, 23, 20], [18, 21, 24, 27], [25, 26, 28, 31], [30, 32, 33, 35], [34, 36, 37]]
17: [[29, 22, 7, 6], [2, 1, 4], [3, 12, 11, 5], [10, 8, 14, 9], [13, 15, 19, 17], [16, 23, 20, 18], [21, 24, 27], [25, 26, 28, 31], [30, 32, 33], [35, 34, 36, 37]]
18: [[29, 22, 7], [6, 2, 1, 4], [3, 12, 11, 5], [10, 8, 14], [9, 13, 15, 19], [17, 16, 23, 20], [18, 21, 24], [27, 25, 26, 28], [31, 30, 32, 33], [35, 34, 36, 37]]
19: [[29, 22, 7], [6, 2, 1, 4], [3, 12, 11, 5], [10, 8, 14], [9, 13, 15, 19], [17, 16, 23, 20], [18, 21, 24], [27, 25, 26, 28], [31, 30, 32, 33], [35, 34, 36, 37]]
20: [[29, 22, 7], [6, 2, 1], [4, 3], [12, 11, 5, 10], [8, 14, 9], [13, 15, 19, 17], [16, 23, 20], [18, 21, 24], [27, 25, 26, 28], [31, 30, 32, 33], [35, 34, 36, 37]]
21: [[29, 22, 7], [6, 2, 1, 4], [3, 12, 11, 5], [10, 8, 14], [9, 13, 15, 19], [17, 16, 23, 20], [18, 21, 24, 27], [25, 26, 28, 31], [30, 32, 33], [35, 34, 36, 37]]
22: [[29, 22, 7, 6, 2, 1, 4, 3], [12, 11, 5], [10, 8, 14, 9], [13, 15, 19, 17], [16, 23, 20, 18], [21, 24, 27], [25, 26, 28, 31], [30, 32, 33, 35, 34, 36, 37]]
23: [[29, 22, 7], [6, 2, 1, 4], [3, 12, 11, 5], [10, 8, 14, 9], [13, 15], [19, 17, 16, 23], [20, 18, 21, 24], [27, 25, 26, 28], [31, 30, 32, 33], [35, 34, 36, 37]]
24: [[29, 22, 7], [6, 2, 1, 4], [3, 12, 11], [5, 10, 8], [14, 9], [13, 15, 19], [17, 16, 23, 20], [18, 21, 24, 27], [25, 26, 28], [31, 30, 32, 33], [35, 34, 36, 37]]
25: [[29, 22, 7], [6, 2, 1], [4, 3, 12], [11, 5, 10], [8, 14, 9], [13, 15, 19, 17], [16, 23, 20], [18, 21, 24], [27, 25, 26, 28], [31, 30, 32, 33], [35, 34, 36, 37]]
26: [[29, 22, 7], [6, 2, 1], [4, 3], [12, 11, 5, 10], [8, 14, 9], [13, 15, 19, 17], [16, 23, 20, 18], [21, 24, 27], [25, 26, 28, 31], [30, 32, 33], [35, 34, 36, 37]]
27: [[29, 22, 7], [6, 2, 1], [4, 3, 12, 11], [5, 10, 8, 14, 9], [13, 15, 19], [17, 16, 23, 20], [18, 21, 24], [27, 25, 26, 28], [31, 30, 32, 33], [35, 34, 36, 37]]
28: [[29, 22, 7], [6, 2, 1], [4, 3, 12], [11, 5], [10, 8, 14], [9, 13], [15, 19, 17], [16, 23, 20], [18, 21, 24, 27], [25, 26, 28, 31], [30, 32, 33], [35, 34, 36, 37]]
29: [[29, 22, 7, 6], [2, 1, 4, 3], [12, 11, 5, 10], [8, 14, 9], [13, 15, 19, 17], [16, 23, 20, 18], [21, 24, 27], [25, 26, 28, 31], [30, 32, 33, 35], [34, 36, 37]]
30: [[29, 22, 7, 6], [2, 1, 4, 3], [12, 11, 5], [10, 8, 14, 9], [13, 15, 19], [17, 16, 23, 20], [18, 21, 24, 27], [25, 26], [28, 31, 30], [32, 33, 35], [34, 36, 37]]
31: [[29, 22, 7, 6], [2, 1, 4], [3, 12, 11, 5], [10, 8, 14], [9, 13, 15, 19, 17], [16, 23, 20, 18], [21, 24, 27, 25], [26, 28, 31], [30, 32, 33], [35, 34, 36, 37]]
32: [[29, 22, 7], [6, 2, 1], [4, 3, 12, 11], [5, 10, 8, 14], [9, 13, 15, 19], [17, 16, 23, 20], [18, 21, 24], [27, 25, 26, 28], [31, 30, 32, 33], [35, 34, 36, 37]]
33: [[29, 22, 7], [6, 2, 1, 4], [3, 12, 11, 5], [10, 8, 14, 9], [13, 15, 19, 17], [16, 23, 20, 18], [21, 24, 27, 25], [26, 28, 31], [30, 32, 33, 35], [34, 36, 37]]
34: [[29, 22, 7], [6, 2, 1], [4, 3, 12], [11, 5, 10], [8, 14, 9], [13, 15, 19], [17, 16, 23, 20], [18, 21, 24, 27], [25, 26, 28, 31], [30, 32, 33, 35, 34, 36, 37]]
35: [[29, 22, 7], [6, 2, 1], [4, 3, 12, 11], [5, 10, 8, 14], [9, 13, 15, 19], [17, 16, 23, 20], [18, 21, 24, 27], [25, 26, 28, 31], [30, 32, 33], [35, 34], [36, 37]]
36: [[29, 22, 7], [6, 2, 1], [4, 3, 12], [11, 5, 10], [8, 14, 9], [13, 15, 19], [17, 16, 23, 20], [18, 21, 24, 27], [25, 26, 28, 31], [30, 32, 33, 35, 34, 36, 37]]
37: [[29, 22, 7], [6, 2, 1, 4], [3, 12, 11, 5], [10, 8, 14, 9], [13, 15, 19], [17, 16, 23, 20], [18, 21, 24, 27, 25], [26, 28, 31, 30], [32, 33, 35], [34, 36, 37]]
38: [[29, 22, 7], [6, 2, 1], [4, 3, 12], [11, 5, 10], [8, 14, 9, 13], [15, 19, 17], [16, 23, 20], [18, 21, 24, 27], [25, 26, 28, 31], [30, 32, 33, 35], [34, 36, 37]]
39: [[29, 22, 7, 6], [2, 1, 4, 3], [12, 11, 5], [10, 8, 14, 9], [13, 15, 19], [17, 16, 23, 20], [18, 21, 24, 27, 25, 26, 28, 31, 30, 32, 33, 35, 34, 36, 37]]
40: [[29, 22, 7, 6], [2, 1, 4, 3], [12, 11, 5, 10], [8, 14, 9, 13], [15, 19, 17], [16, 23, 20, 18], [21, 24, 27, 25], [26, 28, 31], [30, 32, 33], [35, 34, 36, 37]]
41: [[29, 22, 7], [6, 2, 1], [4, 3, 12, 11], [5, 10, 8, 14], [9, 13, 15, 19], [17, 16, 23, 20], [18, 21, 24], [27, 25, 26, 28], [31, 30, 32], [33, 35, 34, 36, 37]]
42: [[29, 22, 7], [6, 2, 1], [4, 3, 12, 11], [5, 10, 8, 14], [9, 13, 15, 19], [17, 16, 23], [20, 18, 21, 24], [27, 25, 26, 28], [31, 30, 32, 33], [35, 34, 36, 37]]
43: [[29, 22, 7], [6, 2, 1, 4], [3, 12, 11], [5, 10, 8, 14], [9, 13, 15], [19, 17, 16, 23], [20, 18, 21, 24], [27, 25, 26, 28], [31, 30, 32, 33], [35, 34, 36, 37]]
44: [[29, 22, 7], [6, 2, 1, 4], [3, 12, 11, 5], [10, 8, 14, 9], [13, 15, 19], [17, 16], [23, 20, 18, 21], [24, 27, 25, 26], [28, 31, 30, 32, 33], [35, 34, 36, 37]]
45: [[29, 22, 7, 6], [2, 1, 4, 3], [12, 11, 5, 10], [8, 14, 9, 13], [15, 19, 17, 16], [23, 20, 18], [21, 24, 27], [25, 26, 28, 31], [30, 32, 33, 35], [34, 36, 37]]
46: [[29, 22, 7, 6], [2, 1, 4, 3], [12, 11], [5, 10, 8, 14], [9, 13, 15, 19], [17, 16, 23, 20], [18, 21, 24, 27], [25, 26, 28, 31], [30, 32, 33, 35, 34, 36, 37]]
47: [[29, 22, 7], [6, 2, 1, 4], [3, 12, 11, 5], [10, 8, 14, 9], [13, 15, 19], [17, 16, 23, 20, 18, 21, 24, 27, 25, 26, 28, 31, 30, 32, 33, 35, 34, 36, 37]]
48: [[29, 22, 7], [6, 2, 1], [4, 3, 12, 11], [5, 10, 8, 14], [9, 13, 15], [19, 17, 16, 23], [20, 18, 21, 24], [27, 25, 26, 28], [31, 30, 32, 33], [35, 34, 36, 37]]
49: [[29, 22, 7], [6, 2, 1, 4], [3, 12, 11, 5], [10, 8, 14, 9], [13, 15, 19, 17], [16, 23, 20, 18, 21, 24, 27, 25, 26, 28, 31, 30, 32, 33, 35, 34, 36, 37]]
50: [[29, 22, 7], [6, 2, 1, 4], [3, 12, 11, 5], [10, 8, 14, 9], [13, 15, 19], [17, 16, 23, 20], [18, 21, 24, 27, 25, 26, 28, 31, 30, 32, 33, 35, 34, 36, 37]]
51: [[29, 22, 7, 6], [2, 1, 4], [3, 12, 11, 5], [10, 8, 14, 9], [13, 15, 19, 17], [16, 23, 20, 18, 21, 24, 27, 25, 26, 28, 31, 30, 32, 33, 35, 34, 36, 37]]
52: [[29, 22, 7], [6, 2, 1, 4], [3, 12, 11], [5, 10, 8], [14, 9], [13, 15, 19, 17], [16, 23, 20, 18], [21, 24, 27], [25, 26, 28, 31], [30, 32], [33, 35], [34, 36, 37]]
53: [[29, 22, 7, 6], [2, 1, 4], [3, 12, 11, 5], [10, 8, 14, 9], [13, 15, 19, 17], [16, 23, 20, 18, 21, 24, 27, 25, 26, 28, 31, 30, 32, 33, 35, 34, 36, 37]]
54: [[29, 22, 7, 6], [2, 1, 4, 3], [12, 11, 5], [10, 8, 14, 9, 13, 15, 19, 17, 16, 23, 20, 18, 21, 24, 27, 25, 26, 28, 31, 30, 32, 33, 35, 34, 36, 37]]
55: [[29, 22, 7, 6], [2, 1, 4, 3], [12, 11, 5], [10, 8, 14, 9, 13, 15, 19, 17, 16, 23, 20, 18, 21, 24, 27, 25, 26, 28, 31, 30, 32, 33, 35, 34, 36, 37]]
56: [[29, 22, 7, 6, 2, 1, 4, 3], [12, 11, 5], [10, 8, 14], [9, 13, 15, 19], [17, 16, 23, 20], [18, 21, 24], [27, 25, 26, 28, 31, 30, 32, 33, 35, 34, 36, 37]]
57: [[29, 22, 7], [6, 2, 1], [4, 3, 12, 11], [5, 10, 8, 14], [9, 13, 15, 19], [17, 16, 23, 20], [18, 21, 24], [27, 25, 26, 28, 31], [30, 32, 33, 35], [34, 36, 37]]
58: [[29, 22, 7, 6], [2, 1, 4, 3], [12, 11, 5, 10], [8, 14, 9], [13, 15, 19, 17, 16, 23, 20, 18, 21, 24, 27, 25, 26, 28, 31, 30, 32, 33, 35, 34, 36, 37]]
59: [[29, 22, 7], [6, 2, 1], [4, 3], [12, 11], [5, 10, 8], [14, 9, 13, 15], [19, 17, 16, 23], [20, 18, 21, 24], [27, 25, 26, 28], [31, 30, 32, 33], [35, 34, 36, 37]]
60: [[29, 22, 7, 6], [2, 1, 4, 3], [12, 11, 5], [10, 8, 14, 9, 13, 15, 19, 17, 16, 23, 20, 18, 21, 24, 27, 25, 26, 28, 31, 30, 32, 33, 35, 34], [36, 37]]
61: [[29, 22, 7], [6, 2, 1, 4], [3, 12, 11, 5], [10, 8, 14], [9, 13, 15], [19, 17, 16], [23, 20, 18], [21, 24, 27, 25], [26, 28, 31, 30], [32, 33], [35, 34, 36, 37]]
62: [[29, 22, 7], [6, 2, 1], [4, 3, 12], [11, 5, 10, 8], [14, 9, 13, 15], [19, 17, 16, 23], [20, 18, 21, 24], [27, 25, 26, 28], [31, 30, 32, 33, 35, 34, 36, 37]]
63: [[29, 22, 7, 6], [2, 1, 4, 3], [12, 11, 5, 10], [8, 14, 9, 13, 15, 19, 17, 16, 23, 20, 18, 21, 24, 27, 25, 26, 28, 31, 30, 32, 33, 35, 34, 36, 37]]
64: [[29, 22, 7], [6, 2, 1, 4, 3, 12, 11, 5], [10, 8, 14, 9, 13, 15, 19, 17, 16, 23, 20, 18, 21, 24, 27, 25, 26, 28, 31, 30, 32, 33, 35, 34, 36, 37]]
65: [[29, 22, 7], [6, 2, 1], [4, 3], [12, 11, 5], [10, 8, 14, 9, 13], [15, 19, 17, 16], [23, 20, 18, 21], [24, 27, 25], [26, 28, 31, 30], [32, 33, 35, 34, 36, 37]]
66: [[29, 22, 7, 6], [2, 1, 4, 3, 12, 11, 5, 10, 8, 14, 9, 13, 15, 19, 17, 16, 23, 20, 18], [21, 24, 27, 25, 26, 28, 31, 30, 32, 33, 35, 34, 36, 37]]
67: [[29, 22, 7], [6, 2, 1, 4], [3, 12, 11, 5], [10, 8, 14], [9, 13, 15], [19, 17, 16, 23], [20, 18, 21, 24, 27, 25, 26, 28, 31, 30, 32, 33, 35, 34, 36, 37]]
68: [[29, 22, 7, 6, 2, 1, 4, 3, 12, 11, 5, 10, 8, 14, 9], [13, 15, 19, 17, 16, 23, 20, 18, 21, 24, 27], [25, 26, 28, 31, 30, 32, 33, 35, 34, 36, 37]]
69: [[29, 22, 7], [6, 2, 1], [4, 3, 12, 11], [5, 10, 8, 14], [9, 13, 15, 19], [17, 16, 23, 20, 18, 21, 24, 27, 25, 26, 28, 31, 30, 32, 33, 35, 34, 36, 37]]
70: [[29, 22, 7], [6, 2, 1], [4, 3, 12, 11], [5, 10, 8, 14], [9, 13, 15, 19], [17, 16, 23, 20], [18, 21, 24], [27, 25, 26, 28, 31, 30, 32, 33, 35, 34, 36, 37]]
71: [[29, 22, 7], [6, 2, 1, 4], [3, 12, 11], [5, 10, 8, 14, 9, 13, 15, 19, 17, 16, 23, 20, 18, 21, 24, 27, 25, 26, 28, 31, 30, 32, 33], [35, 34, 36, 37]]
72: [[29, 22, 7, 6], [2, 1, 4, 3, 12, 11, 5, 10, 8, 14, 9, 13, 15, 19, 17, 16, 23], [20, 18, 21, 24, 27, 25, 26, 28, 31, 30, 32, 33, 35, 34, 36, 37]]
73: [[29, 22, 7], [6, 2, 1], [4, 3, 12, 11], [5, 10, 8, 14], [9, 13, 15], [19, 17, 16], [23, 20, 18, 21], [24, 27, 25, 26], [28, 31, 30, 32, 33, 35, 34, 36], [37]]
