0: [[43, 5, 2, 3, 1, 22, 6, 12], [4, 7], [13, 10], [8, 9], [30, 11], [14, 15], [21, 17], [16, 26], [19, 50], [20, 31], [23, 24], [25, 60], [18, 27], [28, 29], [53, 36, 33, 34, 39, 41, 46, 32], [35, 37], [38, 42], [44, 40], [45, 63], [47, 56], [61, 48], [49, 54], [51, 52], [55, 57], [58, 62], [59, 64], [67, 69], [75, 68], [65, 66], [77, 70, 71, 74, 73, 76], [72, 78], [79, 82], [81, 85], [80, 83], [86, 84], [87, 88]]
1: [[43, 5], [2, 3], [1, 22], [6, 12], [4, 7], [13, 10], [8, 9], [30, 11], [14, 15], [21, 17], [16, 26], [19, 50], [20, 31], [23, 24], [25, 60], [18, 27], [28, 29], [53, 36], [33, 34], [39, 41], [46, 32], [35, 37], [38, 42], [44, 40], [45, 63], [47, 56], [61, 48], [49, 54], [51, 52], [55, 57], [58, 62], [59, 64], [67, 69], [75, 68], [65, 66], [77, 70], [71, 74], [73, 76], [72, 78], [79, 82], [81, 85], [80, 83], [86, 84], [87, 88]]
2: [[43, 5], [2, 3], [1, 22], [6, 12], [4, 7], [13, 10], [8, 9], [30, 11], [14, 15], [21, 17], [16, 26], [19, 50], [20, 31], [23, 24], [25, 60], [18, 27], [28, 29], [53, 36], [33, 34], [39, 41], [46, 32], [35, 37], [38, 42], [44, 40], [45, 63], [47, 56], [61, 48], [49, 54], [51, 52], [55, 57], [58, 62], [59, 64], [67, 69], [75, 68], [65, 66], [77, 70], [71, 74], [73, 76], [72, 78], [79, 82], [81, 85], [80, 83], [86, 84], [87, 88]]
3: [[43, 5], [2, 3], [1, 22], [6, 12], [4, 7], [13, 10], [8, 9], [30, 11], [14, 15], [21, 17], [16, 26], [19, 50], [20, 31], [23, 24], [25, 60], [18, 27], [28, 29], [53, 36], [33, 34], [39, 41], [46, 32], [35, 37], [38, 42], [44, 40], [45, 63], [47, 56], [61, 48], [49, 54], [51, 52], [55, 57], [58, 62], [59, 64], [67, 69], [75, 68], [65, 66], [77, 70], [71, 74], [73, 76], [72, 78], [79, 82], [81, 85], [80, 83], [86, 84], [87, 88]]
4: [[43, 5], [2, 3], [1, 22], [6, 12], [4, 7], [13, 10], [8, 9], [30, 11], [14, 15], [21, 17], [16, 26], [19, 50], [20, 31], [23, 24], [25, 60], [18, 27], [28, 29], [53, 36], [33, 34], [39, 41], [46, 32], [35, 37], [38, 42], [44, 40], [45, 63], [47, 56], [61, 48], [49, 54], [51, 52], [55, 57], [58, 62], [59, 64], [67, 69], [75, 68], [65, 66], [77, 70], [71, 74], [73, 76], [72, 78], [79, 82], [81, 85], [80, 83], [86, 84], [87, 88]]
5: [[43, 5], [2, 3], [1, 22], [6, 12], [4, 7], [13, 10], [8, 9], [30, 11], [14, 15], [21, 17], [16, 26], [19, 50], [20, 31], [23, 24], [25, 60], [18, 27], [28, 29], [53, 36], [33, 34], [39, 41], [46, 32], [35, 37], [38, 42], [44, 40], [45, 63], [47, 56], [61, 48], [49, 54], [51, 52], [55, 57], [58, 62], [59, 64], [67, 69], [75, 68], [65, 66], [77, 70], [71, 74], [73, 76], [72, 78], [79, 82], [81, 85], [80, 83], [86, 84], [87, 88]]
6: [[43, 5], [2, 3], [1, 22], [6, 12], [4, 7], [13, 10], [8, 9], [30, 11], [14, 15], [21, 17], [16, 26], [19, 50], [20, 31], [23, 24], [25, 60], [18, 27], [28, 29], [53, 36], [33, 34], [39, 41], [46, 32], [35, 37], [38, 42], [44, 40], [45, 63], [47, 56], [61, 48], [49, 54], [51, 52], [55, 57], [58, 62], [59, 64], [67, 69], [75, 68], [65, 66], [77, 70], [71, 74], [73, 76], [72, 78], [79, 82], [81, 85], [80, 83], [86, 84], [87, 88]]
7: [[43, 5], [2, 3], [1, 22], [6, 12], [4, 7], [13, 10], [8, 9], [30, 11], [14, 15], [21, 17], [16, 26], [19, 50], [20, 31], [23, 24], [25, 60], [18, 27], [28, 29], [53, 36], [33, 34], [39, 41], [46, 32], [35, 37], [38, 42], [44, 40], [45, 63], [47, 56], [61, 48], [49, 54], [51, 52], [55, 57], [58, 62], [59, 64], [67, 69], [75, 68], [65, 66], [77, 70], [71, 74], [73, 76], [72, 78], [79, 82], [81, 85], [80, 83], [86, 84], [87, 88]]
8: [[43, 5], [2, 3], [1, 22], [6, 12], [4, 7], [13, 10], [8, 9], [30, 11], [14, 15], [21, 17], [16, 26], [19, 50], [20, 31], [23, 24], [25, 60], [18, 27], [28, 29], [53, 36], [33, 34], [39, 41], [46, 32], [35, 37], [38, 42], [44, 40], [45, 63], [47, 56], [61, 48], [49, 54], [51, 52], [55, 57], [58, 62], [59, 64], [67, 69], [75, 68], [65, 66], [77, 70], [71, 74], [73, 76], [72, 78], [79, 82], [81, 85], [80, 83], [86, 84], [87, 88]]
9: [[43, 5], [2, 3], [1, 22], [6, 12], [4, 7], [13, 10], [8, 9], [30, 11], [14, 15], [21, 17], [16, 26], [19, 50], [20, 31], [23, 24], [25, 60], [18, 27], [28, 29], [53, 36], [33, 34], [39, 41], [46, 32], [35, 37], [38, 42], [44, 40], [45, 63], [47, 56], [61, 48], [49, 54], [51, 52], [55, 57], [58, 62], [59, 64], [67, 69], [75, 68], [65, 66], [77, 70], [71, 74], [73, 76], [72, 78], [79, 82], [81, 85], [80, 83], [86, 84], [87, 88]]
10: [[43, 5], [2, 3], [1, 22], [6, 12], [4, 7], [13, 10], [8, 9], [30, 11], [14, 15], [21, 17], [16, 26], [19, 50], [20, 31], [23, 24], [25, 60], [18, 27], [28, 29], [53, 36], [33, 34], [39, 41], [46, 32], [35, 37], [38, 42], [44, 40], [45, 63], [47, 56], [61, 48], [49, 54], [51, 52], [55, 57], [58, 62], [59, 64], [67, 69], [75, 68], [65, 66], [77, 70], [71, 74], [73, 76], [72, 78], [79, 82], [81, 85], [80, 83], [86, 84], [87, 88]]
11: [[43, 5], [2, 3], [1, 22], [6, 12], [4, 7], [13, 10], [8, 9], [30, 11], [14, 15], [21, 17], [16, 26], [19, 50], [20, 31], [23, 24], [25, 60], [18, 27], [28, 29], [53, 36], [33, 34], [39, 41], [46, 32], [35, 37], [38, 42], [44, 40], [45, 63], [47, 56], [61, 48], [49, 54], [51, 52], [55, 57], [58, 62], [59, 64], [67, 69], [75, 68], [65, 66], [77, 70], [71, 74], [73, 76], [72, 78], [79, 82], [81, 85], [80, 83], [86, 84], [87, 88]]
12: [[43, 5], [2, 3], [1, 22], [6, 12], [4, 7], [13, 10], [8, 9], [30, 11], [14, 15], [21, 17], [16, 26], [19, 50], [20, 31], [23, 24], [25, 60], [18, 27], [28, 29], [53, 36], [33, 34], [39, 41], [46, 32], [35, 37], [38, 42], [44, 40], [45, 63], [47, 56], [61, 48], [49, 54], [51, 52], [55, 57], [58, 62], [59, 64], [67, 69], [75, 68], [65, 66], [77, 70], [71, 74], [73, 76], [72, 78], [79, 82], [81, 85], [80, 83], [86, 84], [87, 88]]
13: [[43, 5], [2, 3], [1, 22], [6, 12], [4, 7], [13, 10], [8, 9], [30, 11], [14, 15], [21, 17], [16, 26], [19, 50], [20, 31], [23, 24], [25, 60], [18, 27], [28, 29], [53, 36], [33, 34], [39, 41], [46, 32], [35, 37], [38, 42], [44, 40], [45, 63], [47, 56], [61, 48], [49, 54], [51, 52], [55, 57], [58, 62], [59, 64], [67, 69], [75, 68], [65, 66], [77, 70], [71, 74], [73, 76], [72, 78], [79, 82], [81, 85], [80, 83], [86, 84], [87, 88]]
14: [[43, 5], [2, 3], [1, 22], [6, 12], [4, 7], [13, 10], [8, 9], [30, 11], [14, 15], [21, 17], [16, 26], [19, 50], [20, 31], [23, 24], [25, 60], [18, 27], [28, 29], [53, 36], [33, 34], [39, 41], [46, 32], [35, 37], [38, 42], [44, 40], [45, 63], [47, 56], [61, 48], [49, 54], [51, 52], [55, 57], [58, 62], [59, 64], [67, 69], [75, 68], [65, 66], [77, 70], [71, 74], [73, 76], [72, 78], [79, 82], [81, 85], [80, 83], [86, 84], [87, 88]]
15: [[43, 5], [2, 3], [1, 22], [6, 12], [4, 7], [13, 10], [8, 9], [30, 11], [14, 15], [21, 17], [16, 26], [19, 50], [20, 31], [23, 24], [25, 60], [18, 27], [28, 29], [53, 36], [33, 34], [39, 41], [46, 32], [35, 37], [38, 42], [44, 40], [45, 63], [47, 56], [61, 48], [49, 54], [51, 52], [55, 57], [58, 62], [59, 64], [67, 69], [75, 68], [65, 66], [77, 70], [71, 74], [73, 76], [72, 78], [79, 82], [81, 85], [80, 83], [86, 84], [87, 88]]
16: [[43, 5], [2, 3], [1, 22], [6, 12], [4, 7], [13, 10], [8, 9], [30, 11], [14, 15], [21, 17], [16, 26], [19, 50], [20, 31], [23, 24], [25, 60], [18, 27], [28, 29], [53, 36], [33, 34], [39, 41], [46, 32], [35, 37], [38, 42], [44, 40], [45, 63], [47, 56], [61, 48], [49, 54], [51, 52], [55, 57], [58, 62], [59, 64], [67, 69], [75, 68], [65, 66], [77, 70], [71, 74], [73, 76], [72, 78], [79, 82], [81, 85], [80, 83], [86, 84], [87, 88]]
17: [[43, 5], [2, 3], [1, 22], [6, 12], [4, 7], [13, 10], [8, 9], [30, 11], [14, 15], [21, 17], [16, 26], [19, 50], [20, 31], [23, 24], [25, 60], [18, 27], [28, 29], [53, 36], [33, 34], [39, 41], [46, 32], [35, 37], [38, 42], [44, 40], [45, 63], [47, 56], [61, 48], [49, 54], [51, 52], [55, 57], [58, 62], [59, 64], [67, 69], [75, 68], [65, 66], [77, 70], [71, 74], [73, 76], [72, 78], [79, 82], [81, 85], [80, 83], [86, 84], [87, 88]]
18: [[43, 5], [2, 3], [1, 22], [6, 12], [4, 7], [13, 10], [8, 9], [30, 11], [14, 15], [21, 17], [16, 26], [19, 50], [20, 31], [23, 24], [25, 60], [18, 27], [28, 29], [53, 36], [33, 34], [39, 41], [46, 32], [35, 37], [38, 42], [44, 40], [45, 63], [47, 56], [61, 48], [49, 54], [51, 52], [55, 57], [58, 62], [59, 64], [67, 69], [75, 68], [65, 66], [77, 70], [71, 74], [73, 76], [72, 78], [79, 82], [81, 85], [80, 83], [86, 84], [87, 88]]
19: [[43, 5], [2, 3], [1, 22], [6, 12], [4, 7], [13, 10], [8, 9], [30, 11], [14, 15], [21, 17], [16, 26], [19, 50], [20, 31], [23, 24], [25, 60], [18, 27], [28, 29], [53, 36], [33, 34], [39, 41], [46, 32], [35, 37], [38, 42], [44, 40], [45, 63], [47, 56], [61, 48], [49, 54], [51, 52], [55, 57], [58, 62], [59, 64], [67, 69], [75, 68], [65, 66], [77, 70], [71, 74], [73, 76], [72, 78], [79, 82], [81, 85], [80, 83], [86, 84], [87, 88]]
20: [[43, 5], [2, 3], [1, 22], [6, 12], [4, 7], [13, 10], [8, 9], [30, 11], [14, 15], [21, 17], [16, 26], [19, 50], [20, 31], [23, 24], [25, 60], [18, 27], [28, 29], [53, 36], [33, 34], [39, 41], [46, 32], [35, 37], [38, 42], [44, 40], [45, 63], [47, 56], [61, 48], [49, 54], [51, 52], [55, 57], [58, 62], [59, 64], [67, 69], [75, 68], [65, 66], [77, 70], [71, 74], [73, 76], [72, 78], [79, 82], [81, 85], [80, 83], [86, 84], [87, 88]]
21: [[43, 5], [2, 3], [1, 22], [6, 12], [4, 7], [13, 10], [8, 9], [30, 11], [14, 15], [21, 17], [16, 26], [19, 50], [20, 31], [23, 24], [25, 60], [18, 27], [28, 29], [53, 36], [33, 34], [39, 41], [46, 32], [35, 37], [38, 42], [44, 40], [45, 63], [47, 56], [61, 48], [49, 54], [51, 52], [55, 57], [58, 62], [59, 64], [67, 69], [75, 68], [65, 66], [77, 70], [71, 74], [73, 76], [72, 78], [79, 82], [81, 85], [80, 83], [86, 84], [87, 88]]
22: [[43, 5], [2, 3], [1, 22], [6, 12], [4, 7], [13, 10], [8, 9], [30, 11], [14, 15], [21, 17], [16, 26], [19, 50], [20, 31], [23, 24], [25, 60], [18, 27], [28, 29], [53, 36], [33, 34], [39, 41], [46, 32], [35, 37], [38, 42], [44, 40], [45, 63], [47, 56], [61, 48], [49, 54], [51, 52], [55, 57], [58, 62], [59, 64], [67, 69], [75, 68], [65, 66], [77, 70], [71, 74], [73, 76], [72, 78], [79, 82], [81, 85], [80, 83], [86, 84], [87, 88]]
23: [[43, 5], [2, 3], [1, 22], [6, 12], [4, 7], [13, 10], [8, 9], [30, 11], [14, 15], [21, 17], [16, 26], [19, 50], [20, 31], [23, 24], [25, 60], [18, 27], [28, 29], [53, 36], [33, 34], [39, 41], [46, 32], [35, 37], [38, 42], [44, 40], [45, 63], [47, 56], [61, 48], [49, 54], [51, 52], [55, 57], [58, 62], [59, 64], [67, 69], [75, 68], [65, 66], [77, 70], [71, 74], [73, 76], [72, 78], [79, 82], [81, 85], [80, 83], [86, 84], [87, 88]]
24: [[43, 5], [2, 3], [1, 22], [6, 12], [4, 7], [13, 10], [8, 9], [30, 11], [14, 15], [21, 17], [16, 26], [19, 50], [20, 31], [23, 24], [25, 60], [18, 27], [28, 29], [53, 36], [33, 34], [39, 41], [46, 32], [35, 37], [38, 42], [44, 40], [45, 63], [47, 56], [61, 48], [49, 54], [51, 52], [55, 57], [58, 62], [59, 64], [67, 69], [75, 68], [65, 66], [77, 70], [71, 74], [73, 76], [72, 78], [79, 82], [81, 85], [80, 83], [86, 84], [87, 88]]
25: [[43, 5], [2, 3], [1, 22], [6, 12], [4, 7], [13, 10], [8, 9], [30, 11], [14, 15], [21, 17], [16, 26], [19, 50], [20, 31], [23, 24], [25, 60], [18, 27], [28, 29], [53, 36], [33, 34], [39, 41], [46, 32], [35, 37], [38, 42], [44, 40], [45, 63], [47, 56], [61, 48], [49, 54], [51, 52], [55, 57], [58, 62], [59, 64], [67, 69], [75, 68], [65, 66], [77, 70], [71, 74], [73, 76], [72, 78], [79, 82], [81, 85], [80, 83], [86, 84], [87, 88]]
26: [[43, 5], [2, 3], [1, 22], [6, 12], [4, 7], [13, 10], [8, 9], [30, 11], [14, 15], [21, 17], [16, 26], [19, 50], [20, 31], [23, 24], [25, 60], [18, 27], [28, 29], [53, 36], [33, 34], [39, 41], [46, 32], [35, 37], [38, 42], [44, 40], [45, 63], [47, 56], [61, 48], [49, 54], [51, 52], [55, 57], [58, 62], [59, 64], [67, 69], [75, 68], [65, 66], [77, 70], [71, 74], [73, 76], [72, 78], [79, 82], [81, 85], [80, 83], [86, 84], [87, 88]]
27: [[43, 5], [2, 3], [1, 22], [6, 12], [4, 7], [13, 10], [8, 9], [30, 11], [14, 15], [21, 17], [16, 26], [19, 50], [20, 31], [23, 24], [25, 60], [18, 27], [28, 29], [53, 36], [33, 34], [39, 41], [46, 32], [35, 37], [38, 42], [44, 40], [45, 63], [47, 56], [61, 48], [49, 54], [51, 52], [55, 57], [58, 62], [59, 64], [67, 69], [75, 68], [65, 66], [77, 70], [71, 74], [73, 76], [72, 78], [79, 82], [81, 85], [80, 83], [86, 84], [87, 88]]
28: [[43, 5], [2, 3], [1, 22], [6, 12], [4, 7], [13, 10], [8, 9], [30, 11], [14, 15], [21, 17], [16, 26], [19, 50], [20, 31], [23, 24], [25, 60], [18, 27], [28, 29], [53, 36], [33, 34], [39, 41], [46, 32], [35, 37], [38, 42], [44, 40], [45, 63], [47, 56], [61, 48], [49, 54], [51, 52], [55, 57], [58, 62], [59, 64], [67, 69], [75, 68], [65, 66], [77, 70], [71, 74], [73, 76], [72, 78], [79, 82], [81, 85], [80, 83], [86, 84], [87, 88]]
29: [[43, 5], [2, 3], [1, 22], [6, 12], [4, 7], [13, 10], [8, 9], [30, 11], [14, 15], [21, 17], [16, 26], [19, 50], [20, 31], [23, 24], [25, 60], [18, 27], [28, 29], [53, 36], [33, 34], [39, 41], [46, 32], [35, 37], [38, 42], [44, 40], [45, 63], [47, 56], [61, 48], [49, 54], [51, 52], [55, 57], [58, 62], [59, 64], [67, 69], [75, 68], [65, 66], [77, 70], [71, 74], [73, 76], [72, 78], [79, 82], [81, 85], [80, 83], [86, 84], [87, 88]]
30: [[43, 5], [2, 3], [1, 22], [6, 12], [4, 7], [13, 10], [8, 9], [30, 11], [14, 15], [21, 17], [16, 26], [19, 50], [20, 31], [23, 24], [25, 60], [18, 27], [28, 29], [53, 36], [33, 34], [39, 41], [46, 32], [35, 37], [38, 42], [44, 40], [45, 63], [47, 56], [61, 48], [49, 54], [51, 52], [55, 57], [58, 62], [59, 64], [67, 69], [75, 68], [65, 66], [77, 70], [71, 74], [73, 76], [72, 78], [79, 82], [81, 85], [80, 83], [86, 84], [87, 88]]
31: [[43, 5], [2, 3], [1, 22], [6, 12], [4, 7], [13, 10], [8, 9], [30, 11], [14, 15], [21, 17], [16, 26], [19, 50], [20, 31], [23, 24], [25, 60], [18, 27], [28, 29], [53, 36], [33, 34], [39, 41], [46, 32], [35, 37], [38, 42], [44, 40], [45, 63], [47, 56], [61, 48], [49, 54], [51, 52], [55, 57], [58, 62], [59, 64], [67, 69], [75, 68], [65, 66], [77, 70], [71, 74], [73, 76], [72, 78], [79, 82], [81, 85], [80, 83], [86, 84], [87, 88]]
32: [[43, 5], [2, 3], [1, 22], [6, 12], [4, 7], [13, 10], [8, 9], [30, 11], [14, 15], [21, 17], [16, 26], [19, 50], [20, 31], [23, 24], [25, 60], [18, 27], [28, 29], [53, 36], [33, 34], [39, 41], [46, 32], [35, 37], [38, 42], [44, 40], [45, 63], [47, 56], [61, 48], [49, 54], [51, 52], [55, 57], [58, 62], [59, 64], [67, 69], [75, 68], [65, 66], [77, 70], [71, 74], [73, 76], [72, 78], [79, 82], [81, 85], [80, 83], [86, 84], [87, 88]]
33: [[43, 5], [2, 3], [1, 22], [6, 12], [4, 7], [13, 10], [8, 9], [30, 11], [14, 15], [21, 17], [16, 26], [19, 50], [20, 31], [23, 24], [25, 60], [18, 27], [28, 29], [53, 36], [33, 34], [39, 41], [46, 32], [35, 37], [38, 42], [44, 40], [45, 63], [47, 56], [61, 48], [49, 54], [51, 52], [55, 57], [58, 62], [59, 64], [67, 69], [75, 68], [65, 66], [77, 70], [71, 74], [73, 76], [72, 78], [79, 82], [81, 85], [80, 83], [86, 84], [87, 88]]
34: [[43, 5], [2, 3], [1, 22], [6, 12], [4, 7], [13, 10], [8, 9], [30, 11], [14, 15], [21, 17], [16, 26], [19, 50], [20, 31], [23, 24], [25, 60], [18, 27], [28, 29], [53, 36], [33, 34], [39, 41], [46, 32], [35, 37], [38, 42], [44, 40], [45, 63], [47, 56], [61, 48], [49, 54], [51, 52], [55, 57], [58, 62], [59, 64], [67, 69], [75, 68], [65, 66], [77, 70], [71, 74], [73, 76], [72, 78], [79, 82], [81, 85], [80, 83], [86, 84], [87, 88]]
35: [[43, 5], [2, 3], [1, 22], [6, 12], [4, 7], [13, 10], [8, 9], [30, 11], [14, 15], [21, 17], [16, 26], [19, 50], [20, 31], [23, 24], [25, 60], [18, 27], [28, 29], [53, 36], [33, 34], [39, 41], [46, 32], [35, 37], [38, 42], [44, 40], [45, 63], [47, 56], [61, 48], [49, 54], [51, 52], [55, 57], [58, 62], [59, 64], [67, 69], [75, 68], [65, 66], [77, 70], [71, 74], [73, 76], [72, 78], [79, 82], [81, 85], [80, 83], [86, 84], [87, 88]]
36: [[43, 5], [2, 3], [1, 22], [6, 12], [4, 7], [13, 10], [8, 9], [30, 11], [14, 15], [21, 17], [16, 26], [19, 50], [20, 31], [23, 24], [25, 60], [18, 27], [28, 29], [53, 36], [33, 34], [39, 41], [46, 32], [35, 37], [38, 42], [44, 40], [45, 63], [47, 56], [61, 48], [49, 54], [51, 52], [55, 57], [58, 62], [59, 64], [67, 69], [75, 68], [65, 66], [77, 70], [71, 74], [73, 76], [72, 78], [79, 82], [81, 85], [80, 83], [86, 84], [87, 88]]
37: [[43, 5], [2, 3], [1, 22], [6, 12], [4, 7], [13, 10], [8, 9], [30, 11], [14, 15], [21, 17], [16, 26], [19, 50], [20, 31], [23, 24], [25, 60], [18, 27], [28, 29], [53, 36], [33, 34], [39, 41], [46, 32], [35, 37], [38, 42], [44, 40], [45, 63], [47, 56], [61, 48], [49, 54], [51, 52], [55, 57], [58, 62], [59, 64], [67, 69], [75, 68], [65, 66], [77, 70], [71, 74], [73, 76], [72, 78], [79, 82], [81, 85], [80, 83], [86, 84], [87, 88]]
38: [[43, 5], [2, 3], [1, 22], [6, 12], [4, 7], [13, 10], [8, 9], [30, 11], [14, 15], [21, 17], [16, 26], [19, 50], [20, 31], [23, 24], [25, 60], [18, 27], [28, 29], [53, 36], [33, 34], [39, 41], [46, 32], [35, 37], [38, 42], [44, 40], [45, 63], [47, 56], [61, 48], [49, 54], [51, 52], [55, 57], [58, 62], [59, 64], [67, 69], [75, 68], [65, 66], [77, 70], [71, 74], [73, 76], [72, 78], [79, 82], [81, 85], [80, 83], [86, 84], [87, 88]]
39: [[43, 5], [2, 3], [1, 22], [6, 12], [4, 7], [13, 10], [8, 9], [30, 11], [14, 15], [21, 17], [16, 26], [19, 50], [20, 31], [23, 24], [25, 60], [18, 27], [28, 29], [53, 36], [33, 34], [39, 41], [46, 32], [35, 37], [38, 42], [44, 40], [45, 63], [47, 56], [61, 48], [49, 54], [51, 52], [55, 57], [58, 62], [59, 64], [67, 69], [75, 68], [65, 66], [77, 70], [71, 74], [73, 76], [72, 78], [79, 82], [81, 85], [80, 83], [86, 84], [87, 88]]
40: [[43, 5], [2, 3], [1, 22], [6, 12], [4, 7], [13, 10], [8, 9], [30, 11], [14, 15], [21, 17], [16, 26], [19, 50], [20, 31], [23, 24], [25, 60], [18, 27], [28, 29], [53, 36], [33, 34], [39, 41], [46, 32], [35, 37], [38, 42], [44, 40], [45, 63], [47, 56], [61, 48], [49, 54], [51, 52], [55, 57], [58, 62], [59, 64], [67, 69], [75, 68], [65, 66], [77, 70], [71, 74], [73, 76], [72, 78], [79, 82], [81, 85], [80, 83], [86, 84], [87, 88]]
41: [[43, 5], [2, 3], [1, 22], [6, 12], [4, 7], [13, 10], [8, 9], [30, 11], [14, 15], [21, 17], [16, 26], [19, 50], [20, 31], [23, 24], [25, 60], [18, 27], [28, 29], [53, 36], [33, 34], [39, 41], [46, 32], [35, 37], [38, 42], [44, 40], [45, 63], [47, 56], [61, 48], [49, 54], [51, 52], [55, 57], [58, 62], [59, 64], [67, 69], [75, 68], [65, 66], [77, 70], [71, 74], [73, 76], [72, 78], [79, 82], [81, 85], [80, 83], [86, 84], [87, 88]]
42: [[43, 5], [2, 3], [1, 22], [6, 12], [4, 7], [13, 10], [8, 9], [30, 11], [14, 15], [21, 17], [16, 26], [19, 50], [20, 31], [23, 24], [25, 60], [18, 27], [28, 29], [53, 36], [33, 34], [39, 41], [46, 32], [35, 37], [38, 42], [44, 40], [45, 63], [47, 56], [61, 48], [49, 54], [51, 52], [55, 57], [58, 62], [59, 64], [67, 69], [75, 68], [65, 66], [77, 70], [71, 74], [73, 76], [72, 78], [79, 82], [81, 85], [80, 83], [86, 84], [87, 88]]
43: [[43, 5], [2, 3], [1, 22], [6, 12], [4, 7], [13, 10], [8, 9], [30, 11], [14, 15], [21, 17], [16, 26], [19, 50], [20, 31], [23, 24], [25, 60], [18, 27], [28, 29], [53, 36], [33, 34], [39, 41], [46, 32], [35, 37], [38, 42], [44, 40], [45, 63], [47, 56], [61, 48], [49, 54], [51, 52], [55, 57], [58, 62], [59, 64], [67, 69], [75, 68], [65, 66], [77, 70], [71, 74], [73, 76], [72, 78], [79, 82], [81, 85], [80, 83], [86, 84], [87, 88]]
44: [[43, 5], [2, 3], [1, 22], [6, 12], [4, 7], [13, 10], [8, 9], [30, 11], [14, 15], [21, 17], [16, 26], [19, 50], [20, 31], [23, 24], [25, 60], [18, 27], [28, 29], [53, 36], [33, 34], [39, 41], [46, 32], [35, 37], [38, 42], [44, 40], [45, 63], [47, 56], [61, 48], [49, 54], [51, 52], [55, 57], [58, 62], [59, 64], [67, 69], [75, 68], [65, 66], [77, 70], [71, 74], [73, 76], [72, 78], [79, 82], [81, 85], [80, 83], [86, 84], [87, 88]]
45: [[43, 5], [2, 3], [1, 22], [6, 12], [4, 7], [13, 10], [8, 9], [30, 11], [14, 15], [21, 17], [16, 26], [19, 50], [20, 31], [23, 24], [25, 60], [18, 27], [28, 29], [53, 36], [33, 34], [39, 41], [46, 32], [35, 37], [38, 42], [44, 40], [45, 63], [47, 56], [61, 48], [49, 54], [51, 52], [55, 57], [58, 62], [59, 64], [67, 69], [75, 68], [65, 66], [77, 70], [71, 74], [73, 76], [72, 78], [79, 82], [81, 85], [80, 83], [86, 84], [87, 88]]
46: [[43, 5], [2, 3], [1, 22], [6, 12], [4, 7], [13, 10], [8, 9], [30, 11], [14, 15], [21, 17], [16, 26], [19, 50], [20, 31], [23, 24], [25, 60], [18, 27], [28, 29], [53, 36], [33, 34], [39, 41], [46, 32], [35, 37], [38, 42], [44, 40], [45, 63], [47, 56], [61, 48], [49, 54], [51, 52], [55, 57], [58, 62], [59, 64], [67, 69], [75, 68], [65, 66], [77, 70], [71, 74], [73, 76], [72, 78], [79, 82], [81, 85], [80, 83], [86, 84], [87, 88]]
47: [[43, 5], [2, 3], [1, 22], [6, 12], [4, 7], [13, 10], [8, 9], [30, 11], [14, 15], [21, 17], [16, 26], [19, 50], [20, 31], [23, 24], [25, 60], [18, 27], [28, 29], [53, 36], [33, 34], [39, 41], [46, 32], [35, 37], [38, 42], [44, 40], [45, 63], [47, 56], [61, 48], [49, 54], [51, 52], [55, 57], [58, 62], [59, 64], [67, 69], [75, 68], [65, 66], [77, 70], [71, 74], [73, 76], [72, 78], [79, 82], [81, 85], [80, 83], [86, 84], [87, 88]]
48: [[43, 5], [2, 3], [1, 22], [6, 12], [4, 7], [13, 10], [8, 9], [30, 11], [14, 15], [21, 17], [16, 26], [19, 50], [20, 31], [23, 24], [25, 60], [18, 27], [28, 29], [53, 36], [33, 34], [39, 41], [46, 32], [35, 37], [38, 42], [44, 40], [45, 63], [47, 56], [61, 48], [49, 54], [51, 52], [55, 57], [58, 62], [59, 64], [67, 69], [75, 68], [65, 66], [77, 70], [71, 74], [73, 76], [72, 78], [79, 82], [81, 85], [80, 83], [86, 84], [87, 88]]
49: [[43, 5], [2, 3], [1, 22], [6, 12], [4, 7], [13, 10], [8, 9], [30, 11], [14, 15], [21, 17], [16, 26], [19, 50], [20, 31], [23, 24], [25, 60], [18, 27], [28, 29], [53, 36], [33, 34], [39, 41], [46, 32], [35, 37], [38, 42], [44, 40], [45, 63], [47, 56], [61, 48], [49, 54], [51, 52], [55, 57], [58, 62], [59, 64], [67, 69], [75, 68], [65, 66], [77, 70], [71, 74], [73, 76], [72, 78], [79, 82], [81, 85], [80, 83], [86, 84], [87, 88]]
50: [[43, 5], [2, 3], [1, 22], [6, 12], [4, 7], [13, 10], [8, 9], [30, 11], [14, 15], [21, 17], [16, 26], [19, 50], [20, 31], [23, 24], [25, 60], [18, 27], [28, 29], [53, 36], [33, 34], [39, 41], [46, 32], [35, 37], [38, 42], [44, 40], [45, 63], [47, 56], [61, 48], [49, 54], [51, 52], [55, 57], [58, 62], [59, 64], [67, 69], [75, 68], [65, 66], [77, 70], [71, 74], [73, 76], [72, 78], [79, 82], [81, 85], [80, 83], [86, 84], [87, 88]]
51: [[43, 5], [2, 3], [1, 22], [6, 12], [4, 7], [13, 10], [8, 9], [30, 11], [14, 15], [21, 17], [16, 26], [19, 50], [20, 31], [23, 24], [25, 60], [18, 27], [28, 29], [53, 36], [33, 34], [39, 41], [46, 32], [35, 37], [38, 42], [44, 40], [45, 63], [47, 56], [61, 48], [49, 54], [51, 52], [55, 57], [58, 62], [59, 64], [67, 69], [75, 68], [65, 66], [77, 70], [71, 74], [73, 76], [72, 78], [79, 82], [81, 85], [80, 83], [86, 84], [87, 88]]
52: [[43, 5], [2, 3], [1, 22], [6, 12], [4, 7], [13, 10], [8, 9], [30, 11], [14, 15], [21, 17], [16, 26], [19, 50], [20, 31], [23, 24], [25, 60], [18, 27], [28, 29], [53, 36], [33, 34], [39, 41], [46, 32], [35, 37], [38, 42], [44, 40], [45, 63], [47, 56], [61, 48], [49, 54], [51, 52], [55, 57], [58, 62], [59, 64], [67, 69], [75, 68], [65, 66], [77, 70], [71, 74], [73, 76], [72, 78], [79, 82], [81, 85], [80, 83], [86, 84], [87, 88]]
53: [[43, 5], [2, 3], [1, 22], [6, 12], [4, 7], [13, 10], [8, 9], [30, 11], [14, 15], [21, 17], [16, 26], [19, 50], [20, 31], [23, 24], [25, 60], [18, 27], [28, 29], [53, 36], [33, 34], [39, 41], [46, 32], [35, 37], [38, 42], [44, 40], [45, 63], [47, 56], [61, 48], [49, 54], [51, 52], [55, 57], [58, 62], [59, 64], [67, 69], [75, 68], [65, 66], [77, 70], [71, 74], [73, 76], [72, 78], [79, 82], [81, 85], [80, 83], [86, 84], [87, 88]]
54: [[43, 5], [2, 3], [1, 22], [6, 12], [4, 7], [13, 10], [8, 9], [30, 11], [14, 15], [21, 17], [16, 26], [19, 50], [20, 31], [23, 24], [25, 60], [18, 27], [28, 29], [53, 36], [33, 34], [39, 41], [46, 32], [35, 37], [38, 42], [44, 40], [45, 63], [47, 56], [61, 48], [49, 54], [51, 52], [55, 57], [58, 62], [59, 64], [67, 69], [75, 68], [65, 66], [77, 70], [71, 74], [73, 76], [72, 78], [79, 82], [81, 85], [80, 83], [86, 84], [87, 88]]
55: [[43, 5], [2, 3], [1, 22], [6, 12], [4, 7], [13, 10], [8, 9], [30, 11], [14, 15], [21, 17], [16, 26], [19, 50], [20, 31], [23, 24], [25, 60], [18, 27], [28, 29], [53, 36], [33, 34], [39, 41], [46, 32], [35, 37], [38, 42], [44, 40], [45, 63], [47, 56], [61, 48], [49, 54], [51, 52], [55, 57], [58, 62], [59, 64], [67, 69], [75, 68], [65, 66], [77, 70], [71, 74], [73, 76], [72, 78], [79, 82], [81, 85], [80, 83], [86, 84], [87, 88]]
56: [[43, 5], [2, 3], [1, 22], [6, 12], [4, 7], [13, 10], [8, 9], [30, 11], [14, 15], [21, 17], [16, 26], [19, 50], [20, 31], [23, 24], [25, 60], [18, 27], [28, 29], [53, 36], [33, 34], [39, 41], [46, 32], [35, 37], [38, 42], [44, 40], [45, 63], [47, 56], [61, 48], [49, 54], [51, 52], [55, 57], [58, 62], [59, 64], [67, 69], [75, 68], [65, 66], [77, 70], [71, 74], [73, 76], [72, 78], [79, 82], [81, 85], [80, 83], [86, 84], [87, 88]]
57: [[43, 5], [2, 3], [1, 22], [6, 12], [4, 7], [13, 10], [8, 9], [30, 11], [14, 15], [21, 17], [16, 26], [19, 50], [20, 31], [23, 24], [25, 60], [18, 27], [28, 29], [53, 36], [33, 34], [39, 41], [46, 32], [35, 37], [38, 42], [44, 40], [45, 63], [47, 56], [61, 48], [49, 54], [51, 52], [55, 57], [58, 62], [59, 64], [67, 69], [75, 68], [65, 66], [77, 70], [71, 74], [73, 76], [72, 78], [79, 82], [81, 85], [80, 83], [86, 84], [87, 88]]
58: [[43, 5], [2, 3], [1, 22], [6, 12], [4, 7], [13, 10], [8, 9], [30, 11], [14, 15], [21, 17], [16, 26], [19, 50], [20, 31], [23, 24], [25, 60], [18, 27], [28, 29], [53, 36], [33, 34], [39, 41], [46, 32], [35, 37], [38, 42], [44, 40], [45, 63], [47, 56], [61, 48], [49, 54], [51, 52], [55, 57], [58, 62], [59, 64], [67, 69], [75, 68], [65, 66], [77, 70], [71, 74], [73, 76], [72, 78], [79, 82], [81, 85], [80, 83], [86, 84], [87, 88]]
59: [[43, 5], [2, 3], [1, 22], [6, 12], [4, 7], [13, 10], [8, 9], [30, 11], [14, 15], [21, 17], [16, 26], [19, 50], [20, 31], [23, 24], [25, 60], [18, 27], [28, 29], [53, 36], [33, 34], [39, 41], [46, 32], [35, 37], [38, 42], [44, 40], [45, 63], [47, 56], [61, 48], [49, 54], [51, 52], [55, 57], [58, 62], [59, 64], [67, 69], [75, 68], [65, 66], [77, 70], [71, 74], [73, 76], [72, 78], [79, 82], [81, 85], [80, 83], [86, 84], [87, 88]]
60: [[43, 5], [2, 3], [1, 22], [6, 12], [4, 7], [13, 10], [8, 9], [30, 11], [14, 15], [21, 17], [16, 26], [19, 50], [20, 31], [23, 24], [25, 60], [18, 27], [28, 29], [53, 36], [33, 34], [39, 41], [46, 32], [35, 37], [38, 42], [44, 40], [45, 63], [47, 56], [61, 48], [49, 54], [51, 52], [55, 57], [58, 62], [59, 64], [67, 69], [75, 68], [65, 66], [77, 70], [71, 74], [73, 76], [72, 78], [79, 82], [81, 85], [80, 83], [86, 84], [87, 88]]
61: [[43, 5], [2, 3], [1, 22], [6, 12], [4, 7], [13, 10], [8, 9], [30, 11], [14, 15], [21, 17], [16, 26], [19, 50], [20, 31], [23, 24], [25, 60], [18, 27], [28, 29], [53, 36], [33, 34], [39, 41], [46, 32], [35, 37], [38, 42], [44, 40], [45, 63], [47, 56], [61, 48], [49, 54], [51, 52], [55, 57], [58, 62], [59, 64], [67, 69], [75, 68], [65, 66], [77, 70], [71, 74], [73, 76], [72, 78], [79, 82], [81, 85], [80, 83], [86, 84], [87, 88]]
62: [[43, 5], [2, 3], [1, 22], [6, 12], [4, 7], [13, 10], [8, 9], [30, 11], [14, 15], [21, 17], [16, 26], [19, 50], [20, 31], [23, 24], [25, 60], [18, 27], [28, 29], [53, 36], [33, 34], [39, 41], [46, 32], [35, 37], [38, 42], [44, 40], [45, 63], [47, 56], [61, 48], [49, 54], [51, 52], [55, 57], [58, 62], [59, 64], [67, 69], [75, 68], [65, 66], [77, 70], [71, 74], [73, 76], [72, 78], [79, 82], [81, 85], [80, 83], [86, 84], [87, 88]]
63: [[43, 5], [2, 3], [1, 22], [6, 12], [4, 7], [13, 10], [8, 9], [30, 11], [14, 15], [21, 17], [16, 26], [19, 50], [20, 31], [23, 24], [25, 60], [18, 27], [28, 29], [53, 36], [33, 34], [39, 41], [46, 32], [35, 37], [38, 42], [44, 40], [45, 63], [47, 56], [61, 48], [49, 54], [51, 52], [55, 57], [58, 62], [59, 64], [67, 69], [75, 68], [65, 66], [77, 70], [71, 74], [73, 76], [72, 78], [79, 82], [81, 85], [80, 83], [86, 84], [87, 88]]
64: [[43, 5], [2, 3], [1, 22], [6, 12], [4, 7], [13, 10], [8, 9], [30, 11], [14, 15], [21, 17], [16, 26], [19, 50], [20, 31], [23, 24], [25, 60], [18, 27], [28, 29], [53, 36], [33, 34], [39, 41], [46, 32], [35, 37], [38, 42], [44, 40], [45, 63], [47, 56], [61, 48], [49, 54], [51, 52], [55, 57], [58, 62], [59, 64], [67, 69], [75, 68], [65, 66], [77, 70], [71, 74], [73, 76], [72, 78], [79, 82], [81, 85], [80, 83], [86, 84], [87, 88]]
65: [[43, 5], [2, 3], [1, 22], [6, 12], [4, 7], [13, 10], [8, 9], [30, 11], [14, 15], [21, 17], [16, 26], [19, 50], [20, 31], [23, 24], [25, 60], [18, 27], [28, 29], [53, 36], [33, 34], [39, 41], [46, 32], [35, 37], [38, 42], [44, 40], [45, 63], [47, 56], [61, 48], [49, 54], [51, 52], [55, 57], [58, 62], [59, 64], [67, 69], [75, 68], [65, 66], [77, 70], [71, 74], [73, 76], [72, 78], [79, 82], [81, 85], [80, 83], [86, 84], [87, 88]]
66: [[43, 5], [2, 3], [1, 22], [6, 12], [4, 7], [13, 10], [8, 9], [30, 11], [14, 15], [21, 17], [16, 26], [19, 50], [20, 31], [23, 24], [25, 60], [18, 27], [28, 29], [53, 36], [33, 34], [39, 41], [46, 32], [35, 37], [38, 42], [44, 40], [45, 63], [47, 56], [61, 48], [49, 54], [51, 52], [55, 57], [58, 62], [59, 64], [67, 69], [75, 68], [65, 66], [77, 70], [71, 74], [73, 76], [72, 78], [79, 82], [81, 85], [80, 83], [86, 84], [87, 88]]
67: [[43, 5], [2, 3], [1, 22], [6, 12], [4, 7], [13, 10], [8, 9], [30, 11], [14, 15], [21, 17], [16, 26], [19, 50], [20, 31], [23, 24], [25, 60], [18, 27], [28, 29], [53, 36], [33, 34], [39, 41], [46, 32], [35, 37], [38, 42], [44, 40], [45, 63], [47, 56], [61, 48], [49, 54], [51, 52], [55, 57], [58, 62], [59, 64], [67, 69], [75, 68], [65, 66], [77, 70], [71, 74], [73, 76], [72, 78], [79, 82], [81, 85], [80, 83], [86, 84], [87, 88]]
68: [[43, 5], [2, 3], [1, 22], [6, 12], [4, 7], [13, 10], [8, 9], [30, 11], [14, 15], [21, 17], [16, 26], [19, 50], [20, 31], [23, 24], [25, 60], [18, 27], [28, 29], [53, 36], [33, 34], [39, 41], [46, 32], [35, 37], [38, 42], [44, 40], [45, 63], [47, 56], [61, 48], [49, 54], [51, 52], [55, 57], [58, 62], [59, 64], [67, 69], [75, 68], [65, 66], [77, 70], [71, 74], [73, 76], [72, 78], [79, 82], [81, 85], [80, 83], [86, 84], [87, 88]]
69: [[43, 5], [2, 3], [1, 22], [6, 12], [4, 7], [13, 10], [8, 9], [30, 11], [14, 15], [21, 17], [16, 26], [19, 50], [20, 31], [23, 24], [25, 60], [18, 27], [28, 29], [53, 36], [33, 34], [39, 41], [46, 32], [35, 37], [38, 42], [44, 40], [45, 63], [47, 56], [61, 48], [49, 54], [51, 52], [55, 57], [58, 62], [59, 64], [67, 69], [75, 68], [65, 66], [77, 70], [71, 74], [73, 76], [72, 78], [79, 82], [81, 85], [80, 83], [86, 84], [87, 88]]
70: [[43, 5], [2, 3], [1, 22], [6, 12], [4, 7], [13, 10], [8, 9], [30, 11], [14, 15], [21, 17], [16, 26], [19, 50], [20, 31], [23, 24], [25, 60], [18, 27], [28, 29], [53, 36], [33, 34], [39, 41], [46, 32], [35, 37], [38, 42], [44, 40], [45, 63], [47, 56], [61, 48], [49, 54], [51, 52], [55, 57], [58, 62], [59, 64], [67, 69], [75, 68], [65, 66], [77, 70], [71, 74], [73, 76], [72, 78], [79, 82], [81, 85], [80, 83], [86, 84], [87, 88]]
71: [[43, 5], [2, 3], [1, 22], [6, 12], [4, 7], [13, 10], [8, 9], [30, 11], [14, 15], [21, 17], [16, 26], [19, 50], [20, 31], [23, 24], [25, 60], [18, 27], [28, 29], [53, 36], [33, 34], [39, 41], [46, 32], [35, 37], [38, 42], [44, 40], [45, 63], [47, 56], [61, 48], [49, 54], [51, 52], [55, 57], [58, 62], [59, 64], [67, 69], [75, 68], [65, 66], [77, 70], [71, 74], [73, 76], [72, 78], [79, 82], [81, 85], [80, 83], [86, 84], [87, 88]]
72: [[43, 5], [2, 3], [1, 22], [6, 12], [4, 7], [13, 10], [8, 9], [30, 11], [14, 15], [21, 17], [16, 26], [19, 50], [20, 31], [23, 24], [25, 60], [18, 27], [28, 29], [53, 36], [33, 34], [39, 41], [46, 32], [35, 37], [38, 42], [44, 40], [45, 63], [47, 56], [61, 48], [49, 54], [51, 52], [55, 57], [58, 62], [59, 64], [67, 69], [75, 68], [65, 66], [77, 70], [71, 74], [73, 76], [72, 78], [79, 82], [81, 85], [80, 83], [86, 84], [87, 88]]
73: [[43, 5], [2, 3], [1, 22], [6, 12], [4, 7], [13, 10], [8, 9], [30, 11], [14, 15], [21, 17], [16, 26], [19, 50], [20, 31], [23, 24], [25, 60], [18, 27], [28, 29], [53, 36], [33, 34], [39, 41], [46, 32], [35, 37], [38, 42], [44, 40], [45, 63], [47, 56], [61, 48], [49, 54], [51, 52], [55, 57], [58, 62], [59, 64], [67, 69], [75, 68], [65, 66], [77, 70], [71, 74], [73, 76], [72, 78], [79, 82], [81, 85], [80, 83], [86, 84], [87, 88]]
74: [[43, 5], [2, 3], [1, 22], [6, 12], [4, 7], [13, 10], [8, 9], [30, 11], [14, 15], [21, 17], [16, 26], [19, 50], [20, 31], [23, 24], [25, 60], [18, 27], [28, 29], [53, 36], [33, 34], [39, 41], [46, 32], [35, 37], [38, 42], [44, 40], [45, 63], [47, 56], [61, 48], [49, 54], [51, 52], [55, 57], [58, 62], [59, 64], [67, 69], [75, 68], [65, 66], [77, 70], [71, 74], [73, 76], [72, 78], [79, 82], [81, 85], [80, 83], [86, 84], [87, 88]]
75: [[43, 5], [2, 3], [1, 22], [6, 12], [4, 7], [13, 10], [8, 9], [30, 11], [14, 15], [21, 17], [16, 26], [19, 50], [20, 31], [23, 24], [25, 60], [18, 27], [28, 29], [53, 36], [33, 34], [39, 41], [46, 32], [35, 37], [38, 42], [44, 40], [45, 63], [47, 56], [61, 48], [49, 54], [51, 52], [55, 57], [58, 62], [59, 64], [67, 69], [75, 68], [65, 66], [77, 70], [71, 74], [73, 76], [72, 78], [79, 82], [81, 85], [80, 83], [86, 84], [87, 88]]
76: [[43, 5], [2, 3], [1, 22], [6, 12], [4, 7], [13, 10], [8, 9], [30, 11], [14, 15], [21, 17], [16, 26], [19, 50], [20, 31], [23, 24], [25, 60], [18, 27], [28, 29], [53, 36], [33, 34], [39, 41], [46, 32], [35, 37], [38, 42], [44, 40], [45, 63], [47, 56], [61, 48], [49, 54], [51, 52], [55, 57], [58, 62], [59, 64], [67, 69], [75, 68], [65, 66], [77, 70], [71, 74], [73, 76], [72, 78], [79, 82], [81, 85], [80, 83], [86, 84], [87, 88]]
77: [[43, 5], [2, 3], [1, 22], [6, 12], [4, 7], [13, 10], [8, 9], [30, 11], [14, 15], [21, 17], [16, 26], [19, 50], [20, 31], [23, 24], [25, 60], [18, 27], [28, 29], [53, 36], [33, 34], [39, 41], [46, 32], [35, 37], [38, 42], [44, 40], [45, 63], [47, 56], [61, 48], [49, 54], [51, 52], [55, 57], [58, 62], [59, 64], [67, 69], [75, 68], [65, 66], [77, 70], [71, 74], [73, 76], [72, 78], [79, 82], [81, 85], [80, 83], [86, 84], [87, 88]]
78: [[43, 5], [2, 3], [1, 22], [6, 12], [4, 7], [13, 10], [8, 9], [30, 11], [14, 15], [21, 17], [16, 26], [19, 50], [20, 31], [23, 24], [25, 60], [18, 27], [28, 29], [53, 36], [33, 34], [39, 41], [46, 32], [35, 37], [38, 42], [44, 40], [45, 63], [47, 56], [61, 48], [49, 54], [51, 52], [55, 57], [58, 62], [59, 64], [67, 69], [75, 68], [65, 66], [77, 70], [71, 74], [73, 76], [72, 78], [79, 82], [81, 85], [80, 83], [86, 84], [87, 88]]
79: [[43, 5], [2, 3], [1, 22], [6, 12], [4, 7], [13, 10], [8, 9], [30, 11], [14, 15], [21, 17], [16, 26], [19, 50], [20, 31], [23, 24], [25, 60], [18, 27], [28, 29], [53, 36], [33, 34], [39, 41], [46, 32], [35, 37], [38, 42], [44, 40], [45, 63], [47, 56], [61, 48], [49, 54], [51, 52], [55, 57], [58, 62], [59, 64], [67, 69], [75, 68], [65, 66], [77, 70], [71, 74], [73, 76], [72, 78], [79, 82], [81, 85], [80, 83], [86, 84], [87, 88]]
80: [[43, 5], [2, 3], [1, 22], [6, 12], [4, 7], [13, 10], [8, 9], [30, 11], [14, 15], [21, 17], [16, 26], [19, 50], [20, 31], [23, 24], [25, 60], [18, 27], [28, 29], [53, 36], [33, 34], [39, 41], [46, 32], [35, 37], [38, 42], [44, 40], [45, 63], [47, 56], [61, 48], [49, 54], [51, 52], [55, 57], [58, 62], [59, 64], [67, 69], [75, 68], [65, 66], [77, 70], [71, 74], [73, 76], [72, 78], [79, 82], [81, 85], [80, 83], [86, 84], [87, 88]]
81: [[43, 5], [2, 3], [1, 22], [6, 12], [4, 7], [13, 10], [8, 9], [30, 11], [14, 15], [21, 17], [16, 26], [19, 50], [20, 31], [23, 24], [25, 60], [18, 27], [28, 29], [53, 36], [33, 34], [39, 41], [46, 32], [35, 37], [38, 42], [44, 40], [45, 63], [47, 56], [61, 48], [49, 54], [51, 52], [55, 57], [58, 62], [59, 64], [67, 69], [75, 68], [65, 66], [77, 70], [71, 74], [73, 76], [72, 78], [79, 82], [81, 85], [80, 83], [86, 84], [87, 88]]
82: [[43, 5], [2, 3], [1, 22], [6, 12], [4, 7], [13, 10], [8, 9], [30, 11], [14, 15], [21, 17], [16, 26], [19, 50], [20, 31], [23, 24], [25, 60], [18, 27], [28, 29], [53, 36], [33, 34], [39, 41], [46, 32], [35, 37], [38, 42], [44, 40], [45, 63], [47, 56], [61, 48], [49, 54], [51, 52], [55, 57], [58, 62], [59, 64], [67, 69], [75, 68], [65, 66], [77, 70], [71, 74], [73, 76], [72, 78], [79, 82], [81, 85], [80, 83], [86, 84], [87, 88]]
83: [[43, 5], [2, 3], [1, 22], [6, 12], [4, 7], [13, 10], [8, 9], [30, 11], [14, 15], [21, 17], [16, 26], [19, 50], [20, 31], [23, 24], [25, 60], [18, 27], [28, 29], [53, 36], [33, 34], [39, 41], [46, 32], [35, 37], [38, 42], [44, 40], [45, 63], [47, 56], [61, 48], [49, 54], [51, 52], [55, 57], [58, 62], [59, 64], [67, 69], [75, 68], [65, 66], [77, 70], [71, 74], [73, 76], [72, 78], [79, 82], [81, 85], [80, 83], [86, 84], [87, 88]]
84: [[43, 5], [2, 3], [1, 22], [6, 12], [4, 7], [13, 10], [8, 9], [30, 11], [14, 15], [21, 17], [16, 26], [19, 50], [20, 31], [23, 24], [25, 60], [18, 27], [28, 29], [53, 36], [33, 34], [39, 41], [46, 32], [35, 37], [38, 42], [44, 40], [45, 63], [47, 56], [61, 48], [49, 54], [51, 52], [55, 57], [58, 62], [59, 64], [67, 69], [75, 68], [65, 66], [77, 70], [71, 74], [73, 76], [72, 78], [79, 82], [81, 85], [80, 83], [86, 84], [87, 88]]
85: [[43, 5], [2, 3], [1, 22], [6, 12], [4, 7], [13, 10], [8, 9], [30, 11], [14, 15], [21, 17], [16, 26], [19, 50], [20, 31], [23, 24], [25, 60], [18, 27], [28, 29], [53, 36], [33, 34], [39, 41], [46, 32], [35, 37], [38, 42], [44, 40], [45, 63], [47, 56], [61, 48], [49, 54], [51, 52], [55, 57], [58, 62], [59, 64], [67, 69], [75, 68], [65, 66], [77, 70], [71, 74], [73, 76], [72, 78], [79, 82], [81, 85], [80, 83], [86, 84], [87, 88]]
86: [[43, 5], [2, 3], [1, 22], [6, 12], [4, 7], [13, 10], [8, 9], [30, 11], [14, 15], [21, 17], [16, 26], [19, 50], [20, 31], [23, 24], [25, 60], [18, 27], [28, 29], [53, 36], [33, 34], [39, 41], [46, 32], [35, 37], [38, 42], [44, 40], [45, 63], [47, 56], [61, 48], [49, 54], [51, 52], [55, 57], [58, 62], [59, 64], [67, 69], [75, 68], [65, 66], [77, 70], [71, 74], [73, 76], [72, 78], [79, 82], [81, 85], [80, 83], [86, 84], [87, 88]]
87: [[43, 5], [2, 3], [1, 22], [6, 12], [4, 7], [13, 10], [8, 9], [30, 11], [14, 15], [21, 17], [16, 26], [19, 50], [20, 31], [23, 24], [25, 60], [18, 27], [28, 29], [53, 36], [33, 34], [39, 41], [46, 32], [35, 37], [38, 42], [44, 40], [45, 63], [47, 56], [61, 48], [49, 54], [51, 52], [55, 57], [58, 62], [59, 64], [67, 69], [75, 68], [65, 66], [77, 70], [71, 74], [73, 76], [72, 78], [79, 82], [81, 85], [80, 83], [86, 84], [87, 88]]
88: [[43, 5], [2, 3], [1, 22], [6, 12], [4, 7], [13, 10], [8, 9], [30, 11], [14, 15], [21, 17], [16, 26], [19, 50], [20, 31], [23, 24], [25, 60], [18, 27], [28, 29], [53, 36], [33, 34], [39, 41], [46, 32], [35, 37], [38, 42], [44, 40], [45, 63], [47, 56], [61, 48], [49, 54], [51, 52], [55, 57], [58, 62], [59, 64], [67, 69], [75, 68], [65, 66], [77, 70], [71, 74], [73, 76], [72, 78], [79, 82], [81, 85], [80, 83], [86, 84], [87, 88]]
89: [[43, 5], [2, 3], [1, 22], [6, 12], [4, 7], [13, 10], [8, 9], [30, 11], [14, 15], [21, 17], [16, 26], [19, 50], [20, 31], [23, 24], [25, 60], [18, 27], [28, 29], [53, 36], [33, 34], [39, 41], [46, 32], [35, 37], [38, 42], [44, 40], [45, 63], [47, 56], [61, 48], [49, 54], [51, 52], [55, 57], [58, 62], [59, 64], [67, 69], [75, 68], [65, 66], [77, 70], [71, 74], [73, 76], [72, 78], [79, 82], [81, 85], [80, 83], [86, 84], [87, 88]]
90: [[43, 5], [2, 3], [1, 22], [6, 12], [4, 7], [13, 10], [8, 9], [30, 11], [14, 15], [21, 17], [16, 26], [19, 50], [20, 31], [23, 24], [25, 60], [18, 27], [28, 29], [53, 36], [33, 34], [39, 41], [46, 32], [35, 37], [38, 42], [44, 40], [45, 63], [47, 56], [61, 48], [49, 54], [51, 52], [55, 57], [58, 62], [59, 64], [67, 69], [75, 68], [65, 66], [77, 70], [71, 74], [73, 76], [72, 78], [79, 82], [81, 85], [80, 83], [86, 84], [87, 88]]
91: [[43, 5], [2, 3], [1, 22], [6, 12], [4, 7], [13, 10], [8, 9], [30, 11], [14, 15], [21, 17], [16, 26], [19, 50], [20, 31], [23, 24], [25, 60], [18, 27], [28, 29], [53, 36], [33, 34], [39, 41], [46, 32], [35, 37], [38, 42], [44, 40], [45, 63], [47, 56], [61, 48], [49, 54], [51, 52], [55, 57], [58, 62], [59, 64], [67, 69], [75, 68], [65, 66], [77, 70], [71, 74], [73, 76], [72, 78], [79, 82], [81, 85], [80, 83], [86, 84], [87, 88]]
92: [[43, 5], [2, 3], [1, 22], [6, 12], [4, 7], [13, 10], [8, 9], [30, 11], [14, 15], [21, 17], [16, 26], [19, 50], [20, 31], [23, 24], [25, 60], [18, 27], [28, 29], [53, 36], [33, 34], [39, 41], [46, 32], [35, 37], [38, 42], [44, 40], [45, 63], [47, 56], [61, 48], [49, 54], [51, 52], [55, 57], [58, 62], [59, 64], [67, 69], [75, 68], [65, 66], [77, 70], [71, 74], [73, 76], [72, 78], [79, 82], [81, 85], [80, 83], [86, 84], [87, 88]]
93: [[43, 5], [2, 3], [1, 22], [6, 12], [4, 7], [13, 10], [8, 9], [30, 11], [14, 15], [21, 17], [16, 26], [19, 50], [20, 31], [23, 24], [25, 60], [18, 27], [28, 29], [53, 36], [33, 34], [39, 41], [46, 32], [35, 37], [38, 42], [44, 40], [45, 63], [47, 56], [61, 48], [49, 54], [51, 52], [55, 57], [58, 62], [59, 64], [67, 69], [75, 68], [65, 66], [77, 70], [71, 74], [73, 76], [72, 78], [79, 82], [81, 85], [80, 83], [86, 84], [87, 88]]
94: [[43, 5], [2, 3], [1, 22], [6, 12], [4, 7], [13, 10], [8, 9], [30, 11], [14, 15], [21, 17], [16, 26], [19, 50], [20, 31], [23, 24], [25, 60], [18, 27], [28, 29], [53, 36], [33, 34], [39, 41], [46, 32], [35, 37], [38, 42], [44, 40], [45, 63], [47, 56], [61, 48], [49, 54], [51, 52], [55, 57], [58, 62], [59, 64], [67, 69], [75, 68], [65, 66], [77, 70], [71, 74], [73, 76], [72, 78], [79, 82], [81, 85], [80, 83], [86, 84], [87, 88]]
95: [[43, 5], [2, 3], [1, 22], [6, 12], [4, 7], [13, 10], [8, 9], [30, 11], [14, 15], [21, 17], [16, 26], [19, 50], [20, 31], [23, 24], [25, 60], [18, 27], [28, 29], [53, 36], [33, 34], [39, 41], [46, 32], [35, 37], [38, 42], [44, 40], [45, 63], [47, 56], [61, 48], [49, 54], [51, 52], [55, 57], [58, 62], [59, 64], [67, 69], [75, 68], [65, 66], [77, 70], [71, 74], [73, 76], [72, 78], [79, 82], [81, 85], [80, 83], [86, 84], [87, 88]]
96: [[43, 5], [2, 3], [1, 22], [6, 12], [4, 7], [13, 10], [8, 9], [30, 11], [14, 15], [21, 17], [16, 26], [19, 50], [20, 31], [23, 24], [25, 60], [18, 27], [28, 29], [53, 36], [33, 34], [39, 41], [46, 32], [35, 37], [38, 42], [44, 40], [45, 63], [47, 56], [61, 48], [49, 54], [51, 52], [55, 57], [58, 62], [59, 64], [67, 69], [75, 68], [65, 66], [77, 70], [71, 74], [73, 76], [72, 78], [79, 82], [81, 85], [80, 83], [86, 84], [87, 88]]
97: [[43, 5], [2, 3], [1, 22], [6, 12], [4, 7], [13, 10], [8, 9], [30, 11], [14, 15], [21, 17], [16, 26], [19, 50], [20, 31], [23, 24], [25, 60], [18, 27], [28, 29], [53, 36], [33, 34], [39, 41], [46, 32], [35, 37], [38, 42], [44, 40], [45, 63], [47, 56], [61, 48], [49, 54], [51, 52], [55, 57], [58, 62], [59, 64], [67, 69], [75, 68], [65, 66], [77, 70], [71, 74], [73, 76], [72, 78], [79, 82], [81, 85], [80, 83], [86, 84], [87, 88]]
98: [[43, 5], [2, 3], [1, 22], [6, 12], [4, 7], [13, 10], [8, 9], [30, 11], [14, 15], [21, 17], [16, 26], [19, 50], [20, 31], [23, 24], [25, 60], [18, 27], [28, 29], [53, 36], [33, 34], [39, 41], [46, 32], [35, 37], [38, 42], [44, 40], [45, 63], [47, 56], [61, 48], [49, 54], [51, 52], [55, 57], [58, 62], [59, 64], [67, 69], [75, 68], [65, 66], [77, 70], [71, 74], [73, 76], [72, 78], [79, 82], [81, 85], [80, 83], [86, 84, 87, 88]]
99: [[43, 5], [2, 3], [1, 22], [6, 12], [4, 7], [13, 10], [8, 9], [30, 11], [14, 15], [21, 17], [16, 26], [19, 50], [20, 31], [23, 24], [25, 60], [18, 27], [28, 29], [53, 36], [33, 34], [39, 41], [46, 32], [35, 37], [38, 42], [44, 40], [45, 63], [47, 56], [61, 48], [49, 54], [51, 52], [55, 57], [58, 62], [59, 64], [67, 69], [75, 68], [65, 66], [77, 70], [71, 74], [73, 76], [72, 78], [79, 82], [81, 85], [80, 83, 86, 84, 87, 88]]
100: [[43, 5], [2, 3], [1, 22], [6, 12], [4, 7], [13, 10], [8, 9], [30, 11], [14, 15], [21, 17], [16, 26], [19, 50], [20, 31], [23, 24], [25, 60], [18, 27], [28, 29], [53, 36], [33, 34], [39, 41], [46, 32], [35, 37], [38, 42], [44, 40], [45, 63], [47, 56], [61, 48], [49, 54], [51, 52], [55, 57], [58, 62], [59, 64], [67, 69], [75, 68], [65, 66], [77, 70], [71, 74], [73, 76], [72, 78], [79, 82], [81, 85], [80, 83, 86, 84, 87, 88]]
101: [[43, 5], [2, 3], [1, 22], [6, 12], [4, 7], [13, 10], [8, 9], [30, 11], [14, 15], [21, 17], [16, 26], [19, 50], [20, 31], [23, 24], [25, 60], [18, 27], [28, 29], [53, 36], [33, 34], [39, 41], [46, 32], [35, 37], [38, 42], [44, 40], [45, 63], [47, 56], [61, 48], [49, 54], [51, 52], [55, 57], [58, 62], [59, 64], [67, 69], [75, 68], [65, 66], [77, 70], [71, 74], [73, 76], [72, 78], [79, 82], [81, 85], [80, 83, 86, 84, 87, 88]]
102: [[43, 5], [2, 3], [1, 22], [6, 12], [4, 7], [13, 10], [8, 9], [30, 11], [14, 15], [21, 17], [16, 26], [19, 50], [20, 31], [23, 24], [25, 60], [18, 27], [28, 29], [53, 36], [33, 34], [39, 41], [46, 32], [35, 37], [38, 42], [44, 40], [45, 63], [47, 56], [61, 48], [49, 54], [51, 52], [55, 57], [58, 62], [59, 64], [67, 69], [75, 68], [65, 66], [77, 70], [71, 74], [73, 76], [72, 78], [79, 82], [81, 85], [80, 83, 86, 84, 87, 88]]
103: [[43, 5], [2, 3], [1, 22], [6, 12], [4, 7], [13, 10], [8, 9], [30, 11], [14, 15], [21, 17], [16, 26], [19, 50], [20, 31], [23, 24], [25, 60], [18, 27], [28, 29], [53, 36], [33, 34], [39, 41], [46, 32], [35, 37], [38, 42], [44, 40], [45, 63], [47, 56], [61, 48], [49, 54], [51, 52], [55, 57], [58, 62], [59, 64], [67, 69], [75, 68], [65, 66], [77, 70], [71, 74], [73, 76], [72, 78], [79, 82], [81, 85, 80, 83, 86, 84, 87, 88]]
104: [[43, 5], [2, 3], [1, 22], [6, 12], [4, 7], [13, 10], [8, 9], [30, 11], [14, 15], [21, 17], [16, 26], [19, 50], [20, 31], [23, 24], [25, 60], [18, 27], [28, 29], [53, 36], [33, 34], [39, 41], [46, 32], [35, 37], [38, 42], [44, 40], [45, 63], [47, 56], [61, 48], [49, 54], [51, 52], [55, 57], [58, 62], [59, 64], [67, 69], [75, 68], [65, 66], [77, 70], [71, 74], [73, 76], [72, 78], [79, 82], [81, 85, 80, 83, 86, 84, 87, 88]]
105: [[43, 5], [2, 3], [1, 22], [6, 12], [4, 7], [13, 10], [8, 9], [30, 11], [14, 15], [21, 17], [16, 26], [19, 50], [20, 31], [23, 24], [25, 60], [18, 27], [28, 29], [53, 36], [33, 34], [39, 41], [46, 32], [35, 37], [38, 42], [44, 40], [45, 63], [47, 56], [61, 48], [49, 54], [51, 52], [55, 57], [58, 62], [59, 64], [67, 69], [75, 68], [65, 66], [77, 70], [71, 74], [73, 76], [72, 78], [79, 82], [81, 85, 80, 83, 86, 84, 87, 88]]
106: [[43, 5], [2, 3], [1, 22], [6, 12], [4, 7], [13, 10], [8, 9], [30, 11], [14, 15], [21, 17], [16, 26], [19, 50], [20, 31], [23, 24], [25, 60], [18, 27], [28, 29], [53, 36], [33, 34], [39, 41], [46, 32], [35, 37], [38, 42], [44, 40], [45, 63], [47, 56], [61, 48], [49, 54], [51, 52], [55, 57], [58, 62], [59, 64], [67, 69], [75, 68], [65, 66], [77, 70], [71, 74], [73, 76], [72, 78], [79, 82], [81, 85, 80, 83, 86, 84, 87, 88]]
107: [[43, 5], [2, 3], [1, 22], [6, 12], [4, 7], [13, 10], [8, 9], [30, 11], [14, 15], [21, 17], [16, 26], [19, 50], [20, 31], [23, 24], [25, 60], [18, 27], [28, 29], [53, 36], [33, 34], [39, 41], [46, 32], [35, 37], [38, 42], [44, 40], [45, 63], [47, 56], [61, 48], [49, 54], [51, 52], [55, 57], [58, 62], [59, 64], [67, 69], [75, 68], [65, 66], [77, 70], [71, 74], [73, 76], [72, 78], [79, 82], [81, 85, 80, 83, 86, 84, 87, 88]]
108: [[43, 5], [2, 3], [1, 22], [6, 12], [4, 7], [13, 10], [8, 9], [30, 11], [14, 15], [21, 17], [16, 26], [19, 50], [20, 31], [23, 24], [25, 60], [18, 27], [28, 29], [53, 36], [33, 34], [39, 41], [46, 32], [35, 37], [38, 42], [44, 40], [45, 63], [47, 56], [61, 48], [49, 54], [51, 52], [55, 57], [58, 62], [59, 64], [67, 69], [75, 68], [65, 66], [77, 70], [71, 74], [73, 76], [72, 78], [79, 82, 81], [85, 80], [83, 86], [84, 87, 88]]
109: [[43, 5], [2, 3], [1, 22], [6, 12], [4, 7], [13, 10], [8, 9], [30, 11], [14, 15], [21, 17], [16, 26], [19, 50], [20, 31], [23, 24], [25, 60], [18, 27], [28, 29], [53, 36], [33, 34], [39, 41], [46, 32], [35, 37], [38, 42], [44, 40], [45, 63], [47, 56], [61, 48], [49, 54], [51, 52], [55, 57], [58, 62], [59, 64], [67, 69], [75, 68], [65, 66], [77, 70], [71, 74], [73, 76], [72, 78, 79, 82], [81, 85, 80, 83, 86, 84, 87, 88]]
110: [[43, 5], [2, 3], [1, 22], [6, 12], [4, 7], [13, 10], [8, 9], [30, 11], [14, 15], [21, 17], [16, 26], [19, 50], [20, 31], [23, 24], [25, 60], [18, 27], [28, 29], [53, 36], [33, 34], [39, 41], [46, 32], [35, 37], [38, 42], [44, 40], [45, 63], [47, 56], [61, 48], [49, 54], [51, 52, 55], [57, 58], [62, 59], [64, 67], [69, 75], [68, 65], [66, 77], [70, 71, 74], [73, 76], [72, 78], [79, 82], [81, 85], [80, 83], [86, 84], [87, 88]]
111: [[43, 5], [2, 3], [1, 22], [6, 12], [4, 7], [13, 10], [8, 9], [30, 11], [14, 15], [21, 17], [16, 26], [19, 50], [20, 31], [23, 24], [25, 60, 18, 27, 28, 29, 53, 36], [33, 34], [39, 41], [46, 32], [35, 37], [38, 42], [44, 40], [45, 63], [47, 56], [61, 48], [49, 54], [51, 52], [55, 57], [58, 62], [59, 64], [67, 69], [75, 68], [65, 66], [77, 70], [71, 74], [73, 76], [72, 78], [79, 82], [81, 85], [80, 83], [86, 84], [87, 88]]
112: [[43, 5], [2, 3], [1, 22], [6, 12], [4, 7], [13, 10], [8, 9], [30, 11], [14, 15], [21, 17], [16, 26], [19, 50], [20, 31], [23, 24], [25, 60], [18, 27], [28, 29], [53, 36], [33, 34], [39, 41], [46, 32], [35, 37], [38, 42], [44, 40], [45, 63], [47, 56], [61, 48], [49, 54], [51, 52], [55, 57], [58, 62], [59, 64], [67, 69], [75, 68], [65, 66], [77, 70], [71, 74], [73, 76], [72, 78], [79, 82, 81, 85, 80, 83], [86, 84, 87, 88]]
113: [[43, 5], [2, 3], [1, 22], [6, 12], [4, 7], [13, 10], [8, 9], [30, 11], [14, 15], [21, 17], [16, 26], [19, 50], [20, 31], [23, 24], [25, 60], [18, 27], [28, 29], [53, 36], [33, 34], [39, 41], [46, 32], [35, 37], [38, 42], [44, 40], [45, 63], [47, 56], [61, 48], [49, 54], [51, 52], [55, 57], [58, 62], [59, 64], [67, 69], [75, 68], [65, 66], [77, 70], [71, 74], [73, 76], [72, 78], [79, 82, 81, 85, 80, 83, 86, 84], [87, 88]]
114: [[43, 5], [2, 3], [1, 22], [6, 12], [4, 7], [13, 10], [8, 9], [30, 11], [14, 15], [21, 17], [16, 26], [19, 50], [20, 31], [23, 24], [25, 60], [18, 27], [28, 29], [53, 36], [33, 34], [39, 41], [46, 32], [35, 37], [38, 42], [44, 40], [45, 63], [47, 56], [61, 48], [49, 54], [51, 52], [55, 57], [58, 62], [59, 64], [67, 69, 75, 68, 65, 66, 77, 70, 71, 74, 73, 76, 72, 78], [79, 82, 81, 85, 80, 83, 86, 84, 87, 88]]
115: [[43, 5], [2, 3], [1, 22], [6, 12], [4, 7], [13, 10], [8, 9], [30, 11], [14, 15], [21, 17], [16, 26], [19, 50], [20, 31], [23, 24], [25, 60], [18, 27], [28, 29], [53, 36], [33, 34], [39, 41], [46, 32], [35, 37], [38, 42], [44, 40], [45, 63], [47, 56], [61, 48], [49, 54], [51, 52], [55, 57], [58, 62], [59, 64], [67, 69], [75, 68], [65, 66], [77, 70], [71, 74], [73, 76], [72, 78], [79, 82, 81, 85, 80, 83, 86, 84, 87, 88]]
116: [[43, 5], [2, 3], [1, 22], [6, 12], [4, 7], [13, 10], [8, 9], [30, 11], [14, 15], [21, 17], [16, 26], [19, 50], [20, 31], [23, 24], [25, 60], [18, 27], [28, 29], [53, 36], [33, 34], [39, 41], [46, 32], [35, 37], [38, 42], [44, 40], [45, 63], [47, 56], [61, 48], [49, 54], [51, 52], [55, 57], [58, 62], [59, 64], [67, 69], [75, 68], [65, 66], [77, 70], [71, 74], [73, 76], [72, 78], [79, 82, 81, 85, 80, 83, 86, 84, 87, 88]]
117: [[43, 5], [2, 3], [1, 22], [6, 12], [4, 7], [13, 10], [8, 9], [30, 11], [14, 15], [21, 17], [16, 26], [19, 50], [20, 31], [23, 24], [25, 60], [18, 27], [28, 29], [53, 36], [33, 34], [39, 41], [46, 32], [35, 37], [38, 42], [44, 40], [45, 63], [47, 56], [61, 48], [49, 54], [51, 52], [55, 57], [58, 62], [59, 64], [67, 69], [75, 68], [65, 66], [77, 70], [71, 74], [73, 76], [72, 78], [79, 82, 81, 85, 80, 83, 86, 84, 87, 88]]
118: [[43, 5], [2, 3], [1, 22], [6, 12], [4, 7], [13, 10], [8, 9], [30, 11], [14, 15], [21, 17], [16, 26], [19, 50], [20, 31], [23, 24], [25, 60], [18, 27], [28, 29], [53, 36], [33, 34], [39, 41], [46, 32], [35, 37], [38, 42], [44, 40], [45, 63], [47, 56], [61, 48], [49, 54], [51, 52], [55, 57], [58, 62], [59, 64], [67, 69], [75, 68], [65, 66], [77, 70], [71, 74], [73, 76], [72, 78, 79, 82, 81, 85, 80, 83, 86, 84, 87, 88]]
119: [[43, 5], [2, 3], [1, 22], [6, 12], [4, 7], [13, 10], [8, 9], [30, 11], [14, 15], [21, 17], [16, 26], [19, 50], [20, 31], [23, 24], [25, 60], [18, 27], [28, 29], [53, 36], [33, 34], [39, 41], [46, 32], [35, 37], [38, 42], [44, 40], [45, 63], [47, 56], [61, 48], [49, 54], [51, 52], [55, 57], [58, 62], [59, 64], [67, 69], [75, 68], [65, 66], [77, 70], [71, 74, 73, 76, 72, 78, 79, 82, 81, 85, 80, 83], [86, 84, 87, 88]]
120: [[43, 5], [2, 3], [1, 22], [6, 12], [4, 7], [13, 10], [8, 9], [30, 11], [14, 15], [21, 17], [16, 26], [19, 50], [20, 31], [23, 24], [25, 60], [18, 27], [28, 29], [53, 36], [33, 34], [39, 41], [46, 32], [35, 37], [38, 42], [44, 40], [45, 63], [47, 56], [61, 48], [49, 54], [51, 52], [55, 57], [58, 62], [59, 64], [67, 69], [75, 68], [65, 66], [77, 70], [71, 74, 73, 76, 72, 78, 79, 82, 81, 85, 80, 83, 86, 84, 87, 88]]
121: [[43, 5], [2, 3], [1, 22], [6, 12], [4, 7], [13, 10], [8, 9], [30, 11], [14, 15], [21, 17], [16, 26], [19, 50], [20, 31], [23, 24], [25, 60], [18, 27], [28, 29], [53, 36], [33, 34], [39, 41], [46, 32], [35, 37], [38, 42], [44, 40], [45, 63], [47, 56], [61, 48], [49, 54], [51, 52], [55, 57], [58, 62], [59, 64], [67, 69], [75, 68], [65, 66], [77, 70], [71, 74, 73, 76, 72, 78, 79, 82, 81, 85, 80, 83, 86, 84, 87, 88]]
122: [[43, 5], [2, 3], [1, 22], [6, 12], [4, 7], [13, 10], [8, 9], [30, 11], [14, 15], [21, 17], [16, 26], [19, 50], [20, 31], [23, 24], [25, 60], [18, 27], [28, 29], [53, 36], [33, 34], [39, 41], [46, 32], [35, 37], [38, 42], [44, 40], [45, 63], [47, 56], [61, 48], [49, 54], [51, 52], [55, 57], [58, 62], [59, 64], [67, 69], [75, 68], [65, 66], [77, 70, 71, 74, 73, 76, 72, 78, 79, 82, 81, 85, 80, 83, 86, 84, 87, 88]]
123: [[43, 5], [2, 3], [1, 22], [6, 12], [4, 7], [13, 10], [8, 9], [30, 11], [14, 15], [21, 17], [16, 26], [19, 50], [20, 31], [23, 24], [25, 60], [18, 27], [28, 29], [53, 36], [33, 34], [39, 41], [46, 32], [35, 37], [38, 42], [44, 40], [45, 63], [47, 56], [61, 48], [49, 54], [51, 52], [55, 57], [58, 62], [59, 64], [67, 69], [75, 68], [65, 66], [77, 70, 71, 74, 73, 76, 72, 78, 79, 82, 81, 85, 80, 83, 86, 84, 87, 88]]
124: [[43, 5], [2, 3], [1, 22], [6, 12], [4, 7], [13, 10], [8, 9], [30, 11], [14, 15], [21, 17], [16, 26], [19, 50], [20, 31], [23, 24], [25, 60], [18, 27], [28, 29], [53, 36], [33, 34], [39, 41], [46, 32], [35, 37], [38, 42], [44, 40], [45, 63], [47, 56], [61, 48], [49, 54], [51, 52], [55, 57], [58, 62], [59, 64], [67, 69], [75, 68], [65, 66], [77, 70], [71, 74], [73, 76, 72, 78, 79, 82, 81, 85, 80, 83, 86, 84, 87, 88]]
125: [[43, 5], [2, 3], [1, 22], [6, 12], [4, 7], [13, 10], [8, 9], [30, 11], [14, 15], [21, 17], [16, 26], [19, 50], [20, 31], [23, 24], [25, 60], [18, 27], [28, 29], [53, 36], [33, 34], [39, 41], [46, 32], [35, 37], [38, 42], [44, 40], [45, 63], [47, 56], [61, 48], [49, 54], [51, 52], [55, 57], [58, 62], [59, 64], [67, 69], [75, 68], [65, 66], [77, 70], [71, 74], [73, 76, 72, 78, 79, 82, 81, 85, 80, 83, 86, 84, 87, 88]]
126: [[43, 5], [2, 3], [1, 22], [6, 12], [4, 7], [13, 10], [8, 9], [30, 11], [14, 15], [21, 17], [16, 26], [19, 50], [20, 31], [23, 24], [25, 60], [18, 27], [28, 29], [53, 36], [33, 34], [39, 41], [46, 32], [35, 37], [38, 42], [44, 40], [45, 63], [47, 56], [61, 48], [49, 54], [51, 52], [55, 57], [58, 62], [59, 64], [67, 69], [75, 68], [65, 66], [77, 70, 71, 74, 73, 76, 72, 78, 79, 82, 81, 85, 80, 83, 86, 84, 87, 88]]
127: [[43, 5], [2, 3], [1, 22], [6, 12], [4, 7], [13, 10], [8, 9], [30, 11], [14, 15], [21, 17], [16, 26], [19, 50], [20, 31], [23, 24], [25, 60], [18, 27], [28, 29], [53, 36], [33, 34], [39, 41], [46, 32], [35, 37], [38, 42], [44, 40], [45, 63], [47, 56], [61, 48], [49, 54], [51, 52], [55, 57], [58, 62], [59, 64], [67, 69], [75, 68], [65, 66], [77, 70, 71, 74, 73, 76, 72, 78, 79, 82, 81, 85, 80, 83, 86, 84, 87, 88]]
128: [[43, 5], [2, 3], [1, 22], [6, 12], [4, 7], [13, 10], [8, 9], [30, 11], [14, 15], [21, 17], [16, 26], [19, 50], [20, 31], [23, 24], [25, 60], [18, 27], [28, 29], [53, 36], [33, 34], [39, 41], [46, 32], [35, 37], [38, 42], [44, 40], [45, 63], [47, 56], [61, 48], [49, 54], [51, 52], [55, 57], [58, 62], [59, 64], [67, 69], [75, 68], [65, 66], [77, 70], [71, 74], [73, 76, 72, 78, 79, 82, 81, 85, 80, 83, 86, 84, 87, 88]]
129: [[43, 5], [2, 3], [1, 22], [6, 12], [4, 7], [13, 10], [8, 9], [30, 11], [14, 15], [21, 17], [16, 26], [19, 50], [20, 31], [23, 24], [25, 60], [18, 27], [28, 29], [53, 36], [33, 34], [39, 41], [46, 32], [35, 37], [38, 42], [44, 40], [45, 63], [47, 56], [61, 48], [49, 54], [51, 52], [55, 57], [58, 62], [59, 64], [67, 69], [75, 68], [65, 66], [77, 70, 71, 74, 73, 76, 72, 78, 79, 82, 81, 85, 80, 83, 86, 84, 87, 88]]
130: [[43, 5], [2, 3], [1, 22], [6, 12], [4, 7], [13, 10], [8, 9], [30, 11], [14, 15], [21, 17], [16, 26], [19, 50], [20, 31], [23, 24], [25, 60], [18, 27], [28, 29], [53, 36], [33, 34], [39, 41], [46, 32], [35, 37], [38, 42], [44, 40], [45, 63], [47, 56], [61, 48], [49, 54], [51, 52], [55, 57], [58, 62], [59, 64], [67, 69], [75, 68], [65, 66, 77, 70, 71, 74, 73, 76, 72, 78, 79, 82, 81, 85, 80, 83, 86, 84, 87, 88]]
131: [[43, 5], [2, 3], [1, 22], [6, 12], [4, 7], [13, 10], [8, 9], [30, 11], [14, 15], [21, 17], [16, 26], [19, 50], [20, 31], [23, 24], [25, 60], [18, 27], [28, 29], [53, 36], [33, 34], [39, 41], [46, 32], [35, 37], [38, 42], [44, 40], [45, 63], [47, 56], [61, 48], [49, 54], [51, 52], [55, 57], [58, 62], [59, 64], [67, 69], [75, 68], [65, 66, 77, 70, 71, 74, 73, 76, 72, 78, 79, 82, 81, 85, 80, 83, 86, 84, 87, 88]]
132: [[43, 5], [2, 3], [1, 22], [6, 12], [4, 7], [13, 10], [8, 9], [30, 11], [14, 15], [21, 17], [16, 26], [19, 50], [20, 31], [23, 24], [25, 60], [18, 27], [28, 29], [53, 36], [33, 34], [39, 41], [46, 32], [35, 37], [38, 42], [44, 40], [45, 63], [47, 56], [61, 48], [49, 54], [51, 52], [55, 57], [58, 62], [59, 64], [67, 69, 75, 68, 65, 66, 77, 70, 71, 74, 73, 76, 72, 78, 79, 82, 81, 85, 80, 83, 86, 84, 87, 88]]
133: [[43, 5], [2, 3], [1, 22], [6, 12], [4, 7], [13, 10], [8, 9], [30, 11], [14, 15], [21, 17], [16, 26], [19, 50], [20, 31], [23, 24], [25, 60], [18, 27], [28, 29], [53, 36], [33, 34], [39, 41], [46, 32], [35, 37], [38, 42], [44, 40], [45, 63], [47, 56], [61, 48], [49, 54], [51, 52], [55, 57], [58, 62], [59, 64], [67, 69, 75, 68, 65, 66, 77, 70, 71, 74, 73, 76, 72, 78, 79, 82, 81, 85, 80, 83, 86, 84, 87, 88]]
134: [[43, 5], [2, 3], [1, 22], [6, 12], [4, 7], [13, 10], [8, 9], [30, 11], [14, 15], [21, 17], [16, 26], [19, 50], [20, 31], [23, 24], [25, 60], [18, 27], [28, 29], [53, 36], [33, 34], [39, 41], [46, 32], [35, 37], [38, 42], [44, 40], [45, 63], [47, 56], [61, 48], [49, 54], [51, 52], [55, 57], [58, 62], [59, 64], [67, 69, 75, 68, 65, 66, 77, 70, 71, 74, 73, 76, 72, 78, 79, 82, 81, 85, 80, 83, 86, 84, 87, 88]]
135: [[43, 5], [2, 3], [1, 22], [6, 12], [4, 7], [13, 10], [8, 9], [30, 11], [14, 15], [21, 17], [16, 26], [19, 50], [20, 31], [23, 24], [25, 60], [18, 27], [28, 29], [53, 36], [33, 34], [39, 41], [46, 32], [35, 37], [38, 42], [44, 40], [45, 63], [47, 56], [61, 48], [49, 54], [51, 52], [55, 57], [58, 62], [59, 64], [67, 69], [75, 68, 65, 66, 77, 70, 71, 74, 73, 76, 72, 78, 79, 82, 81, 85, 80, 83, 86, 84, 87, 88]]
136: [[43, 5], [2, 3], [1, 22], [6, 12], [4, 7], [13, 10], [8, 9], [30, 11], [14, 15], [21, 17], [16, 26], [19, 50], [20, 31], [23, 24], [25, 60], [18, 27], [28, 29], [53, 36], [33, 34], [39, 41], [46, 32], [35, 37], [38, 42], [44, 40], [45, 63], [47, 56], [61, 48], [49, 54], [51, 52], [55, 57], [58, 62], [59, 64, 67, 69, 75, 68, 65, 66, 77, 70, 71, 74, 73, 76, 72, 78, 79, 82, 81, 85, 80, 83, 86, 84, 87, 88]]
137: [[43, 5], [2, 3], [1, 22], [6, 12], [4, 7], [13, 10], [8, 9], [30, 11], [14, 15], [21, 17], [16, 26], [19, 50], [20, 31], [23, 24], [25, 60], [18, 27], [28, 29], [53, 36], [33, 34], [39, 41], [46, 32], [35, 37], [38, 42], [44, 40], [45, 63], [47, 56], [61, 48], [49, 54], [51, 52], [55, 57], [58, 62], [59, 64, 67, 69, 75, 68, 65, 66, 77, 70, 71, 74, 73, 76, 72, 78, 79, 82, 81, 85, 80, 83, 86, 84, 87, 88]]
138: [[43, 5], [2, 3], [1, 22], [6, 12], [4, 7], [13, 10], [8, 9], [30, 11], [14, 15], [21, 17], [16, 26], [19, 50], [20, 31], [23, 24], [25, 60], [18, 27], [28, 29], [53, 36], [33, 34], [39, 41], [46, 32], [35, 37], [38, 42], [44, 40], [45, 63], [47, 56], [61, 48], [49, 54], [51, 52], [55, 57], [58, 62], [59, 64, 67, 69, 75, 68, 65, 66, 77, 70, 71, 74, 73, 76, 72, 78, 79, 82, 81, 85, 80, 83, 86, 84, 87, 88]]
139: [[43, 5], [2, 3], [1, 22], [6, 12], [4, 7], [13, 10], [8, 9], [30, 11], [14, 15], [21, 17], [16, 26], [19, 50], [20, 31], [23, 24], [25, 60], [18, 27], [28, 29], [53, 36], [33, 34], [39, 41], [46, 32], [35, 37], [38, 42], [44, 40], [45, 63], [47, 56], [61, 48], [49, 54], [51, 52], [55, 57], [58, 62], [59, 64, 67, 69, 75, 68, 65, 66, 77, 70, 71, 74, 73, 76, 72, 78, 79, 82, 81, 85, 80, 83, 86, 84, 87, 88]]
140: [[43, 5], [2, 3], [1, 22], [6, 12], [4, 7], [13, 10], [8, 9], [30, 11], [14, 15], [21, 17], [16, 26], [19, 50], [20, 31], [23, 24], [25, 60], [18, 27], [28, 29], [53, 36], [33, 34], [39, 41], [46, 32], [35, 37], [38, 42], [44, 40], [45, 63], [47, 56], [61, 48], [49, 54], [51, 52], [55, 57], [58, 62], [59, 64, 67, 69, 75, 68, 65, 66, 77, 70, 71, 74, 73, 76, 72, 78, 79, 82, 81, 85, 80, 83, 86, 84, 87, 88]]
141: [[43, 5], [2, 3], [1, 22], [6, 12], [4, 7], [13, 10], [8, 9], [30, 11], [14, 15], [21, 17], [16, 26], [19, 50], [20, 31], [23, 24], [25, 60], [18, 27], [28, 29], [53, 36], [33, 34], [39, 41], [46, 32], [35, 37], [38, 42], [44, 40], [45, 63], [47, 56], [61, 48], [49, 54], [51, 52], [55, 57, 58, 62, 59, 64, 67, 69, 75, 68, 65, 66, 77, 70, 71, 74, 73, 76, 72, 78, 79, 82, 81, 85, 80, 83, 86, 84, 87, 88]]
142: [[43, 5], [2, 3], [1, 22], [6, 12], [4, 7], [13, 10], [8, 9], [30, 11], [14, 15], [21, 17], [16, 26], [19, 50], [20, 31], [23, 24], [25, 60], [18, 27], [28, 29], [53, 36], [33, 34], [39, 41], [46, 32], [35, 37], [38, 42], [44, 40], [45, 63], [47, 56], [61, 48], [49, 54], [51, 52, 55, 57, 58, 62, 59, 64, 67, 69, 75, 68, 65, 66, 77, 70, 71, 74, 73, 76, 72, 78, 79, 82, 81, 85, 80, 83, 86, 84, 87, 88]]
143: [[43, 5], [2, 3], [1, 22], [6, 12], [4, 7], [13, 10], [8, 9], [30, 11], [14, 15], [21, 17], [16, 26], [19, 50], [20, 31], [23, 24], [25, 60], [18, 27], [28, 29], [53, 36], [33, 34], [39, 41], [46, 32], [35, 37], [38, 42], [44, 40], [45, 63], [47, 56], [61, 48], [49, 54], [51, 52], [55, 57, 58, 62, 59, 64, 67, 69, 75, 68, 65, 66, 77, 70, 71, 74, 73, 76, 72, 78, 79, 82, 81, 85, 80, 83, 86, 84, 87, 88]]
144: [[43, 5], [2, 3], [1, 22], [6, 12], [4, 7], [13, 10], [8, 9], [30, 11], [14, 15], [21, 17], [16, 26], [19, 50], [20, 31], [23, 24], [25, 60], [18, 27], [28, 29], [53, 36], [33, 34], [39, 41], [46, 32], [35, 37], [38, 42], [44, 40], [45, 63], [47, 56], [61, 48], [49, 54], [51, 52], [55, 57, 58, 62, 59, 64, 67, 69, 75, 68, 65, 66, 77, 70, 71, 74, 73, 76, 72, 78, 79, 82, 81, 85, 80, 83, 86, 84, 87, 88]]
145: [[43, 5], [2, 3], [1, 22], [6, 12], [4, 7], [13, 10], [8, 9], [30, 11], [14, 15], [21, 17], [16, 26], [19, 50], [20, 31], [23, 24], [25, 60], [18, 27], [28, 29], [53, 36], [33, 34], [39, 41], [46, 32], [35, 37], [38, 42], [44, 40], [45, 63], [47, 56], [61, 48], [49, 54], [51, 52, 55, 57, 58, 62, 59, 64], [67, 69, 75, 68, 65, 66, 77, 70, 71, 74, 73, 76, 72, 78, 79, 82, 81, 85, 80, 83, 86, 84, 87, 88]]
146: [[43, 5], [2, 3], [1, 22], [6, 12], [4, 7], [13, 10], [8, 9], [30, 11], [14, 15], [21, 17], [16, 26], [19, 50], [20, 31], [23, 24], [25, 60], [18, 27], [28, 29], [53, 36], [33, 34], [39, 41], [46, 32], [35, 37], [38, 42], [44, 40], [45, 63], [47, 56], [61, 48], [49, 54], [51, 52], [55, 57], [58, 62, 59, 64, 67, 69, 75, 68, 65, 66, 77, 70, 71, 74, 73, 76, 72, 78, 79, 82, 81, 85, 80, 83, 86, 84, 87, 88]]
147: [[43, 5], [2, 3], [1, 22], [6, 12], [4, 7], [13, 10], [8, 9], [30, 11], [14, 15], [21, 17], [16, 26], [19, 50], [20, 31], [23, 24], [25, 60], [18, 27], [28, 29], [53, 36], [33, 34], [39, 41], [46, 32], [35, 37], [38, 42], [44, 40], [45, 63], [47, 56], [61, 48], [49, 54, 51, 52, 55, 57], [58, 62, 59, 64, 67, 69, 75, 68, 65, 66, 77, 70, 71, 74, 73, 76, 72, 78, 79, 82, 81, 85, 80, 83, 86, 84, 87, 88]]
148: [[43, 5], [2, 3], [1, 22], [6, 12], [4, 7], [13, 10], [8, 9], [30, 11], [14, 15], [21, 17], [16, 26], [19, 50], [20, 31], [23, 24], [25, 60], [18, 27], [28, 29], [53, 36], [33, 34], [39, 41], [46, 32], [35, 37], [38, 42], [44, 40], [45, 63], [47, 56], [61, 48], [49, 54, 51, 52, 55, 57, 58, 62, 59, 64, 67, 69, 75, 68, 65, 66, 77, 70, 71, 74, 73, 76, 72, 78, 79, 82, 81, 85, 80, 83, 86, 84, 87, 88]]
149: [[43, 5], [2, 3], [1, 22], [6, 12], [4, 7], [13, 10], [8, 9], [30, 11], [14, 15], [21, 17], [16, 26], [19, 50], [20, 31], [23, 24], [25, 60], [18, 27], [28, 29], [53, 36], [33, 34], [39, 41], [46, 32], [35, 37], [38, 42], [44, 40], [45, 63], [47, 56], [61, 48], [49, 54, 51, 52, 55, 57, 58, 62, 59, 64, 67, 69, 75, 68, 65, 66, 77, 70, 71, 74, 73, 76, 72, 78, 79, 82, 81, 85, 80, 83], [86, 84, 87, 88]]
150: [[43, 5], [2, 3], [1, 22], [6, 12], [4, 7], [13, 10], [8, 9], [30, 11], [14, 15], [21, 17], [16, 26], [19, 50], [20, 31], [23, 24], [25, 60], [18, 27], [28, 29], [53, 36], [33, 34], [39, 41], [46, 32], [35, 37], [38, 42], [44, 40], [45, 63], [47, 56, 61, 48, 49, 54], [51, 52], [55, 57], [58, 62], [59, 64], [67, 69], [75, 68], [65, 66, 77, 70, 71, 74, 73, 76, 72, 78, 79, 82, 81, 85, 80, 83, 86, 84, 87, 88]]
151: [[43, 5], [2, 3], [1, 22], [6, 12], [4, 7], [13, 10], [8, 9], [30, 11], [14, 15], [21, 17], [16, 26], [19, 50], [20, 31], [23, 24], [25, 60], [18, 27], [28, 29], [53, 36], [33, 34], [39, 41], [46, 32], [35, 37], [38, 42], [44, 40], [45, 63], [47, 56], [61, 48, 49, 54, 51, 52, 55, 57, 58, 62], [59, 64, 67, 69, 75, 68, 65, 66, 77, 70, 71, 74, 73, 76, 72, 78, 79, 82, 81, 85, 80, 83, 86, 84, 87, 88]]
152: [[43, 5], [2, 3], [1, 22], [6, 12], [4, 7], [13, 10], [8, 9], [30, 11], [14, 15], [21, 17], [16, 26], [19, 50], [20, 31], [23, 24], [25, 60], [18, 27], [28, 29], [53, 36], [33, 34], [39, 41], [46, 32], [35, 37], [38, 42], [44, 40], [45, 63], [47, 56], [61, 48, 49, 54, 51, 52, 55, 57, 58, 62, 59, 64, 67, 69, 75, 68, 65, 66, 77, 70, 71, 74, 73, 76, 72, 78, 79, 82, 81, 85, 80, 83, 86, 84, 87, 88]]
153: [[43, 5], [2, 3], [1, 22], [6, 12], [4, 7], [13, 10], [8, 9], [30, 11], [14, 15], [21, 17], [16, 26], [19, 50], [20, 31], [23, 24], [25, 60], [18, 27], [28, 29], [53, 36], [33, 34], [39, 41], [46, 32], [35, 37], [38, 42], [44, 40], [45, 63, 47, 56], [61, 48, 49, 54, 51, 52, 55, 57, 58, 62, 59, 64, 67, 69, 75, 68, 65, 66, 77, 70, 71, 74, 73, 76, 72, 78, 79, 82, 81, 85, 80, 83, 86, 84, 87, 88]]
154: [[43, 5], [2, 3], [1, 22], [6, 12], [4, 7], [13, 10], [8, 9], [30, 11], [14, 15], [21, 17], [16, 26], [19, 50], [20, 31], [23, 24], [25, 60], [18, 27], [28, 29], [53, 36], [33, 34], [39, 41], [46, 32], [35, 37], [38, 42], [44, 40], [45, 63], [47, 56, 61, 48, 49, 54, 51, 52, 55, 57, 58, 62, 59, 64, 67, 69, 75, 68, 65, 66, 77, 70, 71, 74, 73, 76, 72, 78, 79, 82, 81, 85, 80, 83, 86, 84, 87, 88]]
155: [[43, 5], [2, 3], [1, 22], [6, 12], [4, 7], [13, 10], [8, 9], [30, 11], [14, 15], [21, 17], [16, 26], [19, 50], [20, 31], [23, 24], [25, 60], [18, 27], [28, 29], [53, 36], [33, 34], [39, 41], [46, 32], [35, 37], [38, 42], [44, 40], [45, 63, 47, 56, 61, 48, 49, 54, 51, 52, 55, 57, 58, 62, 59, 64, 67, 69, 75, 68, 65, 66, 77, 70, 71, 74, 73, 76, 72, 78, 79, 82, 81, 85, 80, 83, 86, 84, 87, 88]]
156: [[43, 5], [2, 3], [1, 22], [6, 12], [4, 7], [13, 10], [8, 9], [30, 11], [14, 15], [21, 17], [16, 26], [19, 50], [20, 31], [23, 24], [25, 60], [18, 27], [28, 29, 53], [36, 33], [34, 39], [41, 46], [32, 35], [37, 38], [42, 44], [40, 45], [63, 47], [56, 61], [48, 49], [54, 51], [52, 55], [57, 58], [62, 59], [64, 67], [69, 75], [68, 65], [66, 77], [70, 71], [74, 73], [76, 72], [78, 79, 82], [81, 85], [80, 83], [86, 84], [87, 88]]
157: [[43, 5], [2, 3], [1, 22], [6, 12], [4, 7], [13, 10], [8, 9], [30, 11], [14, 15], [21, 17], [16, 26], [19, 50], [20, 31], [23, 24], [25, 60], [18, 27], [28, 29], [53, 36], [33, 34], [39, 41], [46, 32], [35, 37], [38, 42], [44, 40], [45, 63, 47, 56, 61, 48, 49, 54, 51, 52, 55, 57, 58, 62, 59, 64, 67, 69, 75, 68, 65, 66, 77, 70, 71, 74, 73, 76, 72, 78, 79, 82, 81, 85, 80, 83, 86, 84, 87, 88]]
158: [[43, 5], [2, 3], [1, 22], [6, 12], [4, 7], [13, 10], [8, 9], [30, 11], [14, 15], [21, 17], [16, 26], [19, 50], [20, 31], [23, 24], [25, 60], [18, 27], [28, 29], [53, 36], [33, 34], [39, 41], [46, 32], [35, 37], [38, 42], [44, 40], [45, 63, 47, 56, 61, 48, 49, 54, 51, 52, 55, 57, 58, 62, 59, 64, 67, 69, 75, 68, 65, 66, 77, 70, 71, 74, 73, 76, 72, 78, 79, 82, 81, 85, 80, 83, 86, 84, 87, 88]]
159: [[43, 5], [2, 3], [1, 22], [6, 12], [4, 7], [13, 10], [8, 9], [30, 11], [14, 15], [21, 17], [16, 26], [19, 50], [20, 31], [23, 24], [25, 60], [18, 27], [28, 29], [53, 36], [33, 34], [39, 41], [46, 32], [35, 37], [38, 42], [44, 40, 45, 63, 47, 56, 61, 48, 49, 54, 51, 52, 55, 57, 58, 62, 59, 64, 67, 69, 75, 68], [65, 66, 77, 70, 71, 74, 73, 76, 72, 78, 79, 82, 81, 85, 80, 83, 86, 84, 87, 88]]
160: [[43, 5], [2, 3], [1, 22], [6, 12], [4, 7], [13, 10], [8, 9], [30, 11], [14, 15], [21, 17], [16, 26], [19, 50], [20, 31], [23, 24], [25, 60], [18, 27], [28, 29], [53, 36], [33, 34], [39, 41], [46, 32], [35, 37], [38, 42], [44, 40, 45, 63, 47, 56, 61, 48, 49, 54, 51, 52, 55, 57, 58, 62, 59, 64], [67, 69, 75, 68, 65, 66, 77, 70, 71, 74, 73, 76, 72, 78, 79, 82, 81, 85, 80, 83, 86, 84, 87, 88]]
161: [[43, 5], [2, 3], [1, 22], [6, 12], [4, 7], [13, 10], [8, 9], [30, 11], [14, 15], [21, 17], [16, 26], [19, 50], [20, 31], [23, 24], [25, 60], [18, 27, 28, 29, 53, 36], [33, 34], [39, 41], [46, 32], [35, 37], [38, 42], [44, 40], [45, 63, 47, 56, 61, 48, 49, 54, 51, 52, 55, 57, 58, 62, 59, 64, 67, 69, 75, 68, 65, 66, 77, 70, 71, 74, 73, 76, 72, 78, 79, 82, 81, 85, 80, 83, 86, 84, 87, 88]]
162: [[43, 5], [2, 3], [1, 22], [6, 12], [4, 7], [13, 10], [8, 9], [30, 11], [14, 15], [21, 17], [16, 26], [19, 50], [20, 31], [23, 24], [25, 60], [18, 27], [28, 29], [53, 36], [33, 34], [39, 41], [46, 32], [35, 37], [38, 42, 44, 40, 45, 63], [47, 56, 61, 48, 49, 54, 51, 52, 55, 57, 58, 62, 59, 64, 67, 69, 75, 68, 65, 66, 77, 70, 71, 74, 73, 76, 72, 78, 79, 82, 81, 85, 80, 83, 86, 84, 87, 88]]
163: [[43, 5], [2, 3], [1, 22], [6, 12], [4, 7], [13, 10], [8, 9], [30, 11], [14, 15], [21, 17], [16, 26], [19, 50], [20, 31], [23, 24], [25, 60], [18, 27], [28, 29], [53, 36], [33, 34], [39, 41], [46, 32], [35, 37], [38, 42, 44, 40, 45, 63, 47, 56, 61, 48, 49, 54, 51, 52, 55, 57, 58, 62, 59, 64, 67, 69, 75, 68, 65, 66, 77, 70, 71, 74, 73, 76, 72, 78, 79, 82, 81, 85, 80, 83, 86, 84, 87, 88]]
164: [[43, 5], [2, 3], [1, 22], [6, 12], [4, 7], [13, 10], [8, 9], [30, 11], [14, 15], [21, 17], [16, 26], [19, 50], [20, 31], [23, 24], [25, 60], [18, 27, 28, 29, 53, 36, 33, 34, 39, 41, 46, 32], [35, 37, 38, 42, 44, 40, 45, 63, 47, 56, 61, 48, 49, 54, 51, 52, 55, 57, 58, 62, 59, 64, 67, 69, 75, 68, 65, 66, 77, 70, 71, 74, 73, 76, 72, 78, 79, 82, 81, 85, 80, 83, 86, 84, 87, 88]]
165: [[43, 5], [2, 3], [1, 22], [6, 12], [4, 7], [13, 10], [8, 9], [30, 11], [14, 15], [21, 17], [16, 26], [19, 50], [20, 31], [23, 24], [25, 60, 18, 27, 28, 29, 53, 36], [33, 34, 39, 41, 46, 32, 35, 37, 38, 42, 44, 40, 45, 63, 47, 56, 61, 48], [49, 54, 51, 52, 55, 57, 58, 62, 59, 64, 67, 69, 75, 68, 65, 66, 77, 70, 71, 74, 73, 76, 72, 78, 79, 82, 81, 85, 80, 83, 86, 84, 87, 88]]
166: [[43, 5], [2, 3], [1, 22], [6, 12], [4, 7], [13, 10], [8, 9], [30, 11], [14, 15], [21, 17], [16, 26], [19, 50], [20, 31], [23, 24], [25, 60], [18, 27], [28, 29, 53, 36, 33, 34, 39, 41, 46, 32, 35, 37, 38, 42, 44, 40, 45, 63, 47, 56, 61, 48, 49, 54, 51, 52, 55, 57, 58, 62, 59, 64, 67, 69, 75, 68, 65, 66, 77, 70, 71, 74, 73, 76, 72, 78, 79, 82, 81, 85, 80, 83, 86, 84, 87, 88]]
167: [[43, 5], [2, 3], [1, 22], [6, 12], [4, 7], [13, 10], [8, 9], [30, 11], [14, 15], [21, 17], [16, 26], [19, 50], [20, 31], [23, 24], [25, 60], [18, 27, 28, 29, 53, 36, 33, 34, 39, 41, 46, 32, 35, 37, 38, 42, 44, 40, 45, 63, 47, 56, 61, 48, 49, 54, 51, 52, 55, 57, 58, 62, 59, 64, 67, 69, 75, 68, 65, 66, 77, 70, 71, 74, 73, 76, 72, 78, 79, 82, 81, 85, 80, 83, 86, 84, 87, 88]]
168: [[43, 5], [2, 3], [1, 22], [6, 12], [4, 7], [13, 10], [8, 9], [30, 11], [14, 15], [21, 17], [16, 26], [19, 50], [20, 31, 23, 24, 25, 60, 18, 27, 28, 29, 53, 36, 33, 34, 39, 41, 46, 32, 35, 37, 38, 42, 44, 40, 45, 63, 47, 56, 61, 48, 49, 54, 51, 52, 55, 57, 58, 62, 59, 64, 67, 69, 75, 68, 65, 66, 77, 70, 71, 74, 73, 76, 72, 78, 79, 82, 81, 85, 80, 83, 86, 84, 87, 88]]
169: [[43, 5], [2, 3], [1, 22], [6, 12], [4, 7], [13, 10], [8, 9], [30, 11], [14, 15], [21, 17], [16, 26], [19, 50], [20, 31], [23, 24, 25, 60, 18, 27, 28, 29, 53, 36, 33, 34, 39, 41, 46, 32, 35, 37, 38, 42, 44, 40, 45, 63, 47, 56, 61, 48, 49, 54, 51, 52, 55, 57, 58, 62, 59, 64, 67, 69, 75, 68, 65, 66, 77, 70, 71, 74, 73, 76, 72, 78, 79, 82, 81, 85, 80, 83, 86, 84, 87, 88]]
170: [[43, 5], [2, 3], [1, 22], [6, 12], [4, 7], [13, 10], [8, 9], [30, 11], [14, 15], [21, 17], [16, 26], [19, 50], [20, 31], [23, 24, 25, 60, 18, 27, 28, 29, 53, 36, 33, 34, 39, 41, 46, 32, 35, 37, 38, 42, 44, 40, 45, 63, 47, 56, 61, 48, 49, 54, 51, 52, 55, 57, 58, 62, 59, 64, 67, 69, 75, 68, 65, 66, 77, 70, 71, 74, 73, 76, 72, 78, 79, 82, 81, 85, 80, 83, 86, 84, 87, 88]]
171: [[43, 5], [2, 3], [1, 22], [6, 12], [4, 7], [13, 10], [8, 9], [30, 11], [14, 15], [21, 17], [16, 26], [19, 50, 20, 31], [23, 24, 25, 60, 18, 27, 28, 29, 53, 36, 33, 34, 39, 41, 46, 32, 35, 37, 38, 42, 44, 40, 45, 63, 47, 56, 61, 48, 49, 54, 51, 52, 55, 57, 58, 62, 59, 64, 67, 69, 75, 68, 65, 66, 77, 70, 71, 74, 73, 76, 72, 78, 79, 82, 81, 85, 80, 83, 86, 84, 87, 88]]
172: [[43, 5], [2, 3], [1, 22], [6, 12], [4, 7], [13, 10], [8, 9], [30, 11], [14, 15], [21, 17], [16, 26], [19, 50, 20, 31, 23, 24, 25, 60, 18, 27, 28, 29], [53, 36, 33, 34, 39, 41, 46, 32, 35, 37, 38, 42, 44, 40, 45, 63, 47, 56, 61, 48, 49, 54, 51, 52, 55, 57, 58, 62, 59, 64, 67, 69, 75, 68, 65, 66, 77, 70, 71, 74, 73, 76, 72, 78, 79, 82, 81, 85, 80, 83, 86, 84, 87, 88]]
173: [[43, 5], [2, 3], [1, 22, 6, 12], [4, 7, 13, 10, 8, 9, 30, 11, 14, 15, 21, 17, 16, 26, 19, 50, 20, 31, 23, 24, 25, 60, 18, 27, 28, 29, 53, 36, 33, 34, 39, 41, 46, 32, 35, 37, 38, 42, 44, 40, 45, 63, 47, 56, 61, 48, 49, 54, 51, 52, 55, 57, 58, 62, 59, 64, 67, 69, 75, 68, 65, 66, 77, 70, 71, 74, 73, 76, 72, 78, 79, 82, 81, 85, 80, 83, 86, 84, 87, 88]]
174: [[43, 5], [2, 3], [1, 22], [6, 12, 4, 7, 13, 10, 8, 9, 30, 11, 14, 15, 21, 17, 16, 26, 19, 50, 20, 31, 23, 24, 25, 60, 18, 27, 28, 29, 53, 36, 33, 34, 39, 41, 46, 32, 35, 37, 38, 42, 44, 40, 45, 63, 47, 56, 61, 48, 49, 54, 51, 52, 55, 57, 58, 62, 59, 64, 67, 69, 75, 68, 65, 66, 77, 70, 71, 74, 73, 76, 72, 78, 79, 82, 81, 85, 80, 83, 86, 84, 87, 88]]
175: [[43, 5], [2, 3], [1, 22], [6, 12], [4, 7], [13, 10, 8, 9, 30, 11, 14, 15, 21, 17, 16, 26, 19, 50, 20, 31, 23, 24, 25, 60, 18, 27, 28, 29, 53, 36, 33, 34, 39, 41, 46, 32, 35, 37, 38, 42, 44, 40, 45, 63, 47, 56, 61, 48, 49, 54, 51, 52, 55, 57, 58, 62, 59, 64, 67, 69, 75, 68, 65, 66, 77, 70, 71, 74, 73, 76, 72, 78, 79, 82, 81, 85, 80, 83, 86, 84, 87, 88]]
