0: [[70, 23, 1, 43, 12, 22, 13, 36, 2, 4, 3, 14, 15, 5, 6, 25, 29, 7, 24, 28, 31, 16], [11, 9, 10, 51, 50, 8, 19, 17, 18, 59, 20, 21, 27, 26, 30, 44, 39, 35, 32, 34, 40, 33], [37, 46, 38, 41, 42, 47, 53, 61, 56, 45, 49, 54, 60, 48, 55, 52, 57, 62, 58, 63, 64, 75], [66, 69, 67, 65, 76, 68, 71, 74, 73, 72, 77, 78, 79, 80, 83, 85, 81, 87, 82, 84, 86, 88]]
1: [[70, 23, 1, 43, 12, 22, 13, 36, 2, 4, 3, 14, 15, 5, 6, 25, 29, 7, 24, 28, 31, 16], [11, 9, 10, 51, 50, 8, 19, 17, 18, 59, 20, 21, 27, 26, 30, 44, 39, 35, 32, 34, 40, 33], [37, 46, 38, 41, 42, 47, 53, 61, 56, 45, 49, 54, 60, 48, 55, 52, 57, 62, 58, 63, 64, 75], [66, 69, 67, 65, 76, 68, 71, 74, 73, 72, 77, 78, 79, 80, 83, 85, 81, 87, 82, 84, 86, 88]]
2: [[70, 23, 1, 43, 12, 22, 13, 36, 2, 4, 3, 14, 15, 5, 6, 25, 29, 7, 24, 28, 31, 16], [11, 9, 10, 51, 50, 8, 19, 17, 18, 59, 20, 21, 27, 26, 30, 44, 39, 35, 32, 34, 40, 33], [37, 46, 38, 41, 42, 47, 53, 61, 56, 45, 49, 54, 60, 48, 55, 52, 57, 62, 58, 63, 64, 75], [66, 69, 67, 65, 76, 68, 71, 74, 73, 72, 77, 78, 79, 80, 83, 85, 81, 87, 82, 84, 86, 88]]
3: [[70, 23, 1, 43, 12, 22, 13, 36, 2, 4, 3, 14, 15, 5, 6, 25, 29, 7, 24, 28, 31, 16], [11, 9, 10, 51, 50, 8, 19, 17, 18, 59, 20, 21, 27, 26, 30, 44, 39, 35, 32, 34, 40, 33], [37, 46, 38, 41, 42, 47, 53, 61, 56, 45, 49, 54, 60, 48, 55, 52, 57, 62, 58, 63, 64, 75], [66, 69, 67, 65, 76, 68, 71, 74, 73, 72, 77, 78, 79, 80, 83, 85, 81, 87, 82, 84, 86, 88]]
4: [[70, 23, 1, 43, 12, 22, 13, 36, 2, 4, 3, 14, 15, 5, 6, 25, 29, 7, 24, 28, 31, 16], [11, 9, 10, 51, 50, 8, 19, 17, 18, 59, 20, 21, 27, 26, 30, 44, 39, 35, 32, 34, 40, 33], [37, 46, 38, 41, 42, 47, 53, 61, 56, 45, 49, 54, 60, 48, 55, 52, 57, 62, 58, 63, 64, 75], [66, 69, 67, 65, 76, 68, 71, 74, 73, 72, 77, 78, 79, 80, 83, 85, 81, 87, 82, 84, 86, 88]]
5: [[70, 23, 1, 43, 12, 22, 13, 36, 2, 4, 3, 14, 15, 5, 6, 25, 29, 7, 24, 28, 31, 16], [11, 9, 10, 51, 50, 8, 19, 17, 18, 59, 20, 21, 27, 26, 30, 44, 39, 35, 32, 34, 40, 33], [37, 46, 38, 41, 42, 47, 53, 61, 56, 45, 49, 54, 60, 48, 55, 52, 57, 62, 58, 63, 64, 75], [66, 69, 67, 65, 76, 68, 71, 74, 73, 72, 77, 78, 79, 80, 83, 85, 81, 87, 82, 84, 86, 88]]
6: [[70, 23, 1, 43, 12, 22, 13, 36, 2, 4, 3, 14, 15, 5, 6, 25, 29, 7, 24, 28, 31, 16], [11, 9, 10, 51, 50, 8, 19, 17, 18, 59, 20, 21, 27, 26, 30, 44, 39, 35, 32, 34, 40, 33], [37, 46, 38, 41, 42, 47, 53, 61, 56, 45, 49, 54, 60, 48, 55, 52, 57, 62, 58, 63, 64, 75], [66, 69, 67, 65, 76, 68, 71, 74, 73, 72, 77, 78, 79, 80, 83, 85, 81, 87, 82, 84, 86, 88]]
7: [[70, 23, 1, 43, 12, 22, 13, 36, 2, 4, 3, 14, 15, 5, 6, 25, 29, 7, 24, 28, 31, 16], [11, 9, 10, 51, 50, 8, 19, 17, 18, 59, 20, 21, 27, 26, 30, 44, 39, 35, 32, 34, 40, 33], [37, 46, 38, 41, 42, 47, 53, 61, 56, 45, 49, 54, 60, 48, 55, 52, 57, 62, 58, 63, 64, 75], [66, 69, 67, 65, 76, 68, 71, 74, 73, 72, 77, 78, 79, 80, 83, 85, 81, 87, 82, 84, 86, 88]]
8: [[70, 23, 1, 43, 12, 22, 13, 36, 2, 4, 3, 14, 15, 5, 6, 25, 29, 7, 24, 28, 31, 16], [11, 9, 10, 51, 50, 8, 19, 17, 18, 59, 20, 21, 27, 26, 30, 44, 39, 35, 32, 34, 40, 33], [37, 46, 38, 41, 42, 47, 53, 61, 56, 45, 49, 54, 60, 48, 55, 52, 57, 62, 58, 63, 64, 75], [66, 69, 67, 65, 76, 68, 71, 74, 73, 72, 77, 78, 79, 80, 83, 85, 81, 87, 82, 84, 86, 88]]
9: [[70, 23, 1, 43, 12, 22, 13, 36, 2, 4, 3, 14, 15, 5, 6, 25, 29, 7, 24, 28, 31, 16], [11, 9, 10, 51, 50, 8, 19, 17, 18, 59, 20, 21, 27, 26, 30, 44, 39, 35, 32, 34, 40, 33], [37, 46, 38, 41, 42, 47, 53, 61, 56, 45, 49, 54, 60, 48, 55, 52, 57, 62, 58, 63, 64, 75], [66, 69, 67, 65, 76, 68, 71, 74, 73, 72, 77, 78, 79, 80, 83, 85, 81, 87, 82, 84, 86, 88]]
10: [[70, 23, 1, 43, 12, 22, 13, 36, 2, 4, 3, 14, 15, 5, 6, 25, 29, 7, 24, 28, 31, 16], [11, 9, 10, 51, 50, 8, 19, 17, 18, 59, 20, 21, 27, 26, 30, 44, 39, 35, 32, 34, 40, 33], [37, 46, 38, 41, 42, 47, 53, 61, 56, 45, 49, 54, 60, 48, 55, 52, 57, 62, 58, 63, 64, 75], [66, 69, 67, 65, 76, 68, 71, 74, 73, 72, 77, 78, 79, 80, 83, 85, 81, 87, 82, 84, 86, 88]]
11: [[70, 23, 1, 43, 12, 22, 13, 36, 2, 4, 3, 14, 15, 5, 6, 25, 29, 7, 24, 28, 31, 16], [11, 9, 10, 51, 50, 8, 19, 17, 18, 59, 20, 21, 27, 26, 30, 44, 39, 35, 32, 34, 40, 33], [37, 46, 38, 41, 42, 47, 53, 61, 56, 45, 49, 54, 60, 48, 55, 52, 57, 62, 58, 63, 64, 75], [66, 69, 67, 65, 76, 68, 71, 74, 73, 72, 77, 78, 79, 80, 83, 85, 81, 87, 82, 84, 86, 88]]
12: [[70, 23, 1, 43, 12, 22, 13, 36, 2, 4, 3, 14, 15, 5, 6, 25, 29, 7, 24, 28, 31, 16], [11, 9, 10, 51, 50, 8, 19, 17, 18, 59, 20, 21, 27, 26, 30, 44, 39, 35, 32, 34, 40, 33], [37, 46, 38, 41, 42, 47, 53, 61, 56, 45, 49, 54, 60, 48, 55, 52, 57, 62, 58, 63, 64, 75], [66, 69, 67, 65, 76, 68, 71, 74, 73, 72, 77, 78, 79, 80, 83, 85, 81, 87, 82, 84, 86, 88]]
13: [[70, 23, 1, 43, 12, 22, 13, 36, 2, 4, 3, 14, 15, 5, 6, 25, 29, 7, 24, 28, 31, 16], [11, 9, 10, 51, 50, 8, 19, 17, 18, 59, 20, 21, 27, 26, 30, 44, 39, 35, 32, 34, 40, 33], [37, 46, 38, 41, 42, 47, 53, 61, 56, 45, 49, 54, 60, 48, 55, 52, 57, 62, 58, 63, 64, 75], [66, 69, 67, 65, 76, 68, 71, 74, 73, 72, 77, 78, 79, 80, 83, 85, 81, 87, 82, 84, 86, 88]]
14: [[70, 23, 1, 43, 12, 22, 13, 36, 2, 4, 3, 14, 15, 5, 6, 25, 29, 7, 24, 28, 31, 16], [11, 9, 10, 51, 50, 8, 19, 17, 18, 59, 20, 21, 27, 26, 30, 44, 39, 35, 32, 34, 40, 33], [37, 46, 38, 41, 42, 47, 53, 61, 56, 45, 49, 54, 60, 48, 55, 52, 57, 62, 58, 63, 64, 75], [66, 69, 67, 65, 76, 68, 71, 74, 73, 72, 77, 78, 79, 80, 83, 85, 81, 87, 82, 84, 86, 88]]
15: [[70, 23, 1, 43, 12, 22, 13, 36, 2, 4, 3, 14, 15, 5, 6, 25, 29, 7, 24, 28, 31, 16], [11, 9, 10, 51, 50, 8, 19, 17, 18, 59, 20, 21, 27, 26, 30, 44, 39, 35, 32, 34, 40, 33], [37, 46, 38, 41, 42, 47, 53, 61, 56, 45, 49, 54, 60, 48, 55, 52, 57, 62, 58, 63, 64, 75], [66, 69, 67, 65, 76, 68, 71, 74, 73, 72, 77, 78, 79, 80, 83, 85, 81, 87, 82, 84, 86, 88]]
16: [[70, 23, 1, 43, 12, 22, 13, 36, 2, 4, 3, 14, 15, 5, 6, 25, 29, 7, 24, 28, 31, 16], [11, 9, 10, 51, 50, 8, 19, 17, 18, 59, 20, 21, 27, 26, 30, 44, 39, 35, 32, 34, 40, 33], [37, 46, 38, 41, 42, 47, 53, 61, 56, 45, 49, 54, 60, 48, 55, 52, 57, 62, 58, 63, 64, 75], [66, 69, 67, 65, 76, 68, 71, 74, 73, 72, 77, 78, 79, 80, 83, 85, 81, 87, 82, 84, 86, 88]]
17: [[70, 23, 1, 43, 12, 22, 13, 36, 2, 4, 3, 14, 15, 5, 6, 25, 29, 7, 24, 28, 31, 16], [11, 9, 10, 51, 50, 8, 19, 17, 18, 59, 20, 21, 27, 26, 30, 44, 39, 35, 32, 34, 40, 33], [37, 46, 38, 41, 42, 47, 53, 61, 56, 45, 49, 54, 60, 48, 55, 52, 57, 62, 58, 63, 64, 75], [66, 69, 67, 65, 76, 68, 71, 74, 73, 72, 77, 78, 79, 80, 83, 85, 81, 87, 82, 84, 86, 88]]
18: [[70, 23, 1, 43, 12, 22, 13, 36, 2, 4, 3, 14, 15, 5, 6, 25, 29, 7, 24, 28, 31, 16], [11, 9, 10, 51, 50, 8, 19, 17, 18, 59, 20, 21, 27, 26, 30, 44, 39, 35, 32, 34, 40, 33], [37, 46, 38, 41, 42, 47, 53, 61, 56, 45, 49, 54, 60, 48, 55, 52, 57, 62, 58, 63, 64, 75], [66, 69, 67, 65, 76, 68, 71, 74, 73, 72, 77, 78, 79, 80, 83, 85, 81, 87, 82, 84, 86, 88]]
19: [[70, 23, 1, 43, 12, 22, 13, 36, 2, 4, 3, 14, 15, 5, 6, 25, 29, 7, 24, 28, 31, 16], [11, 9, 10, 51, 50, 8, 19, 17, 18, 59, 20, 21, 27, 26, 30, 44, 39, 35, 32, 34, 40, 33], [37, 46, 38, 41, 42, 47, 53, 61, 56, 45, 49, 54, 60, 48, 55, 52, 57, 62, 58, 63, 64, 75], [66, 69, 67, 65, 76, 68, 71, 74, 73, 72, 77, 78, 79, 80, 83, 85, 81, 87, 82, 84, 86, 88]]
20: [[70, 23, 1, 43, 12, 22, 13, 36, 2, 4, 3, 14, 15, 5, 6, 25, 29, 7, 24, 28, 31, 16], [11, 9, 10, 51, 50, 8, 19, 17, 18, 59, 20, 21, 27, 26, 30, 44, 39, 35, 32, 34, 40, 33], [37, 46, 38, 41, 42, 47, 53, 61, 56, 45, 49, 54, 60, 48, 55, 52, 57, 62, 58, 63, 64, 75], [66, 69, 67, 65, 76, 68, 71, 74, 73, 72, 77, 78, 79, 80, 83, 85, 81, 87, 82, 84, 86, 88]]
21: [[70, 23, 1, 43, 12, 22, 13, 36, 2, 4, 3, 14, 15, 5, 6, 25, 29, 7, 24, 28, 31, 16], [11, 9, 10, 51, 50, 8, 19, 17, 18, 59, 20, 21, 27, 26, 30, 44, 39, 35, 32, 34, 40, 33], [37, 46, 38, 41, 42, 47, 53, 61, 56, 45, 49, 54, 60, 48, 55, 52, 57, 62, 58, 63, 64, 75], [66, 69, 67, 65, 76, 68, 71, 74, 73, 72, 77, 78, 79, 80, 83, 85, 81, 87, 82, 84, 86, 88]]
22: [[70, 23, 1, 43, 12, 22, 13, 36, 2, 4, 3, 14, 15, 5, 6, 25, 29, 7, 24, 28, 31, 16], [11, 9, 10, 51, 50, 8, 19, 17, 18, 59, 20, 21, 27, 26, 30, 44, 39, 35, 32, 34, 40, 33], [37, 46, 38, 41, 42, 47, 53, 61, 56, 45, 49, 54, 60, 48, 55, 52, 57, 62, 58, 63, 64, 75], [66, 69, 67, 65, 76, 68, 71, 74, 73, 72, 77, 78, 79, 80, 83, 85, 81, 87, 82, 84, 86, 88]]
23: [[70, 23, 1, 43, 12, 22, 13, 36, 2, 4, 3, 14, 15, 5, 6, 25, 29, 7, 24, 28, 31, 16], [11, 9, 10, 51, 50, 8, 19, 17, 18, 59, 20, 21, 27, 26, 30, 44, 39, 35, 32, 34, 40, 33], [37, 46, 38, 41, 42, 47, 53, 61, 56, 45, 49, 54, 60, 48, 55, 52, 57, 62, 58, 63, 64, 75], [66, 69, 67, 65, 76, 68, 71, 74, 73, 72, 77, 78, 79, 80, 83, 85, 81, 87, 82, 84, 86, 88]]
24: [[70, 23, 1, 43, 12, 22, 13, 36, 2, 4, 3, 14, 15, 5, 6, 25, 29, 7, 24, 28, 31, 16], [11, 9, 10, 51, 50, 8, 19, 17, 18, 59, 20, 21, 27, 26, 30, 44, 39, 35, 32, 34, 40, 33], [37, 46, 38, 41, 42, 47, 53, 61, 56, 45, 49, 54, 60, 48, 55, 52, 57, 62, 58, 63, 64, 75], [66, 69, 67, 65, 76, 68, 71, 74, 73, 72, 77, 78, 79, 80, 83, 85, 81, 87, 82, 84, 86, 88]]
25: [[70, 23, 1, 43, 12, 22, 13, 36, 2, 4, 3, 14, 15, 5, 6, 25, 29, 7, 24, 28, 31, 16], [11, 9, 10, 51, 50, 8, 19, 17, 18, 59, 20, 21, 27, 26, 30, 44, 39, 35, 32, 34, 40, 33], [37, 46, 38, 41, 42, 47, 53, 61, 56, 45, 49, 54, 60, 48, 55, 52, 57, 62, 58, 63, 64, 75], [66, 69, 67, 65, 76, 68, 71, 74, 73, 72, 77, 78, 79, 80, 83, 85, 81, 87, 82, 84, 86, 88]]
26: [[70, 23, 1, 43, 12, 22, 13, 36, 2, 4, 3, 14, 15, 5, 6, 25, 29, 7, 24, 28, 31, 16], [11, 9, 10, 51, 50, 8, 19, 17, 18, 59, 20, 21, 27, 26, 30, 44, 39, 35, 32, 34, 40, 33], [37, 46, 38, 41, 42, 47, 53, 61, 56, 45, 49, 54, 60, 48, 55, 52, 57, 62, 58, 63, 64, 75], [66, 69, 67, 65, 76, 68, 71, 74, 73, 72, 77, 78, 79, 80, 83, 85, 81, 87, 82, 84, 86, 88]]
27: [[70, 23, 1, 43, 12, 22, 13, 36, 2, 4, 3, 14, 15, 5, 6, 25, 29, 7, 24, 28, 31, 16], [11, 9, 10, 51, 50, 8, 19, 17, 18, 59, 20, 21, 27, 26, 30, 44, 39, 35, 32, 34, 40, 33], [37, 46, 38, 41, 42, 47, 53, 61, 56, 45, 49, 54, 60, 48, 55, 52, 57, 62, 58, 63, 64, 75], [66, 69, 67, 65, 76, 68, 71, 74, 73, 72, 77, 78, 79, 80, 83, 85, 81, 87, 82, 84, 86, 88]]
28: [[70, 23, 1, 43, 12, 22, 13, 36, 2, 4, 3, 14, 15, 5, 6, 25, 29, 7, 24, 28, 31, 16], [11, 9, 10, 51, 50, 8, 19, 17, 18, 59, 20, 21, 27, 26, 30, 44, 39, 35, 32, 34, 40, 33], [37, 46, 38, 41, 42, 47, 53, 61, 56, 45, 49, 54, 60, 48, 55, 52, 57, 62, 58, 63, 64, 75], [66, 69, 67, 65, 76, 68, 71, 74, 73, 72, 77, 78, 79, 80, 83, 85, 81, 87, 82, 84, 86, 88]]
29: [[70, 23, 1, 43, 12, 22, 13, 36, 2, 4, 3, 14, 15, 5, 6, 25, 29, 7, 24, 28, 31, 16], [11, 9, 10, 51, 50, 8, 19, 17, 18, 59, 20, 21, 27, 26, 30, 44, 39, 35, 32, 34, 40, 33], [37, 46, 38, 41, 42, 47, 53, 61, 56, 45, 49, 54, 60, 48, 55, 52, 57, 62, 58, 63, 64, 75], [66, 69, 67, 65, 76, 68, 71, 74, 73, 72, 77, 78, 79, 80, 83, 85, 81, 87, 82, 84, 86, 88]]
30: [[70, 23, 1, 43, 12, 22, 13, 36, 2, 4, 3, 14, 15, 5, 6, 25, 29, 7, 24, 28, 31, 16], [11, 9, 10, 51, 50, 8, 19, 17, 18, 59, 20, 21, 27, 26, 30, 44, 39, 35, 32, 34, 40, 33], [37, 46, 38, 41, 42, 47, 53, 61, 56, 45, 49, 54, 60, 48, 55, 52, 57, 62, 58, 63, 64, 75], [66, 69, 67, 65, 76, 68, 71, 74, 73, 72, 77, 78, 79, 80, 83, 85, 81, 87, 82, 84, 86, 88]]
31: [[70, 23, 1, 43, 12, 22, 13, 36, 2, 4, 3, 14, 15, 5, 6, 25, 29, 7, 24, 28, 31, 16], [11, 9, 10, 51, 50, 8, 19, 17, 18, 59, 20, 21, 27, 26, 30, 44, 39, 35, 32, 34, 40, 33], [37, 46, 38, 41, 42, 47, 53, 61, 56, 45, 49, 54, 60, 48, 55, 52, 57, 62, 58, 63, 64, 75], [66, 69, 67, 65, 76, 68, 71, 74, 73, 72, 77, 78, 79, 80, 83, 85, 81, 87, 82, 84, 86, 88]]
32: [[70, 23, 1, 43, 12, 22, 13, 36, 2, 4, 3, 14, 15, 5, 6, 25, 29, 7, 24, 28, 31, 16], [11, 9, 10, 51, 50, 8, 19, 17, 18, 59, 20, 21, 27, 26, 30, 44, 39, 35, 32, 34, 40, 33], [37, 46, 38, 41, 42, 47, 53, 61, 56, 45, 49, 54, 60, 48, 55, 52, 57, 62, 58, 63, 64, 75], [66, 69, 67, 65, 76, 68, 71, 74, 73, 72, 77, 78, 79, 80, 83, 85, 81, 87, 82, 84, 86, 88]]
33: [[70, 23, 1, 43, 12, 22, 13, 36, 2, 4, 3, 14, 15, 5, 6, 25, 29, 7, 24, 28, 31, 16], [11, 9, 10, 51, 50, 8, 19, 17, 18, 59, 20, 21, 27, 26, 30, 44, 39, 35, 32, 34, 40, 33], [37, 46, 38, 41, 42, 47, 53, 61, 56, 45, 49, 54, 60, 48, 55, 52, 57, 62, 58, 63, 64, 75], [66, 69, 67, 65, 76, 68, 71, 74, 73, 72, 77, 78, 79, 80, 83, 85, 81, 87, 82, 84, 86, 88]]
34: [[70, 23, 1, 43, 12, 22, 13, 36, 2, 4, 3, 14, 15, 5, 6, 25, 29, 7, 24, 28, 31, 16], [11, 9, 10, 51, 50, 8, 19, 17, 18, 59, 20, 21, 27, 26, 30, 44, 39, 35, 32, 34, 40, 33], [37, 46, 38, 41, 42, 47, 53, 61, 56, 45, 49, 54, 60, 48, 55, 52, 57, 62, 58, 63, 64, 75], [66, 69, 67, 65, 76, 68, 71, 74, 73, 72, 77, 78, 79, 80, 83, 85, 81, 87, 82, 84, 86, 88]]
35: [[70, 23, 1, 43, 12, 22, 13, 36, 2, 4, 3, 14, 15, 5, 6, 25, 29, 7, 24, 28, 31, 16], [11, 9, 10, 51, 50, 8, 19, 17, 18, 59, 20, 21, 27, 26, 30, 44, 39, 35, 32, 34, 40, 33], [37, 46, 38, 41, 42, 47, 53, 61, 56, 45, 49, 54, 60, 48, 55, 52, 57, 62, 58, 63, 64, 75], [66, 69, 67, 65, 76, 68, 71, 74, 73, 72, 77, 78, 79, 80, 83, 85, 81, 87, 82, 84, 86, 88]]
36: [[70, 23, 1, 43, 12, 22, 13, 36, 2, 4, 3, 14, 15, 5, 6, 25, 29, 7, 24, 28, 31, 16], [11, 9, 10, 51, 50, 8, 19, 17, 18, 59, 20, 21, 27, 26, 30, 44, 39, 35, 32, 34, 40, 33], [37, 46, 38, 41, 42, 47, 53, 61, 56, 45, 49, 54, 60, 48, 55, 52, 57, 62, 58, 63, 64, 75], [66, 69, 67, 65, 76, 68, 71, 74, 73, 72, 77, 78, 79, 80, 83, 85, 81, 87, 82, 84, 86, 88]]
37: [[70, 23, 1, 43, 12, 22, 13, 36, 2, 4, 3, 14, 15, 5, 6, 25, 29, 7, 24, 28, 31, 16], [11, 9, 10, 51, 50, 8, 19, 17, 18, 59, 20, 21, 27, 26, 30, 44, 39, 35, 32, 34, 40, 33], [37, 46, 38, 41, 42, 47, 53, 61, 56, 45, 49, 54, 60, 48, 55, 52, 57, 62, 58, 63, 64, 75], [66, 69, 67, 65, 76, 68, 71, 74, 73, 72, 77, 78, 79, 80, 83, 85, 81, 87, 82, 84, 86, 88]]
38: [[70, 23, 1, 43, 12, 22, 13, 36, 2, 4, 3, 14, 15, 5, 6, 25, 29, 7, 24, 28, 31, 16], [11, 9, 10, 51, 50, 8, 19, 17, 18, 59, 20, 21, 27, 26, 30, 44, 39, 35, 32, 34, 40, 33], [37, 46, 38, 41, 42, 47, 53, 61, 56, 45, 49, 54, 60, 48, 55, 52, 57, 62, 58, 63, 64, 75], [66, 69, 67, 65, 76, 68, 71, 74, 73, 72, 77, 78, 79, 80, 83, 85, 81, 87, 82, 84, 86, 88]]
39: [[70, 23, 1, 43, 12, 22, 13, 36, 2, 4, 3, 14, 15, 5, 6, 25, 29, 7, 24, 28, 31, 16], [11, 9, 10, 51, 50, 8, 19, 17, 18, 59, 20, 21, 27, 26, 30, 44, 39, 35, 32, 34, 40, 33], [37, 46, 38, 41, 42, 47, 53, 61, 56, 45, 49, 54, 60, 48, 55, 52, 57, 62, 58, 63, 64, 75], [66, 69, 67, 65, 76, 68, 71, 74, 73, 72, 77, 78, 79, 80, 83, 85, 81, 87, 82, 84, 86, 88]]
40: [[70, 23, 1, 43, 12, 22, 13, 36, 2, 4, 3, 14, 15, 5, 6, 25, 29, 7, 24, 28, 31, 16], [11, 9, 10, 51, 50, 8, 19, 17, 18, 59, 20, 21, 27, 26, 30, 44, 39, 35, 32, 34, 40, 33], [37, 46, 38, 41, 42, 47, 53, 61, 56, 45, 49, 54, 60, 48, 55, 52, 57, 62, 58, 63, 64, 75], [66, 69, 67, 65, 76, 68, 71, 74, 73, 72, 77, 78, 79, 80, 83, 85, 81, 87, 82, 84, 86, 88]]
41: [[70, 23, 1, 43, 12, 22, 13, 36, 2, 4, 3, 14, 15, 5, 6, 25, 29, 7, 24, 28, 31, 16], [11, 9, 10, 51, 50, 8, 19, 17, 18, 59, 20, 21, 27, 26, 30, 44, 39, 35, 32, 34, 40, 33], [37, 46, 38, 41, 42, 47, 53, 61, 56, 45, 49, 54, 60, 48, 55, 52, 57, 62, 58, 63, 64, 75], [66, 69, 67, 65, 76, 68, 71, 74, 73, 72, 77, 78, 79, 80, 83, 85, 81, 87, 82, 84, 86, 88]]
42: [[70, 23, 1, 43, 12, 22, 13, 36, 2, 4, 3, 14, 15, 5, 6, 25, 29, 7, 24, 28, 31, 16], [11, 9, 10, 51, 50, 8, 19, 17, 18, 59, 20, 21, 27, 26, 30, 44, 39, 35, 32, 34, 40, 33], [37, 46, 38, 41, 42, 47, 53, 61, 56, 45, 49, 54, 60, 48, 55, 52, 57, 62, 58, 63, 64, 75], [66, 69, 67, 65, 76, 68, 71, 74, 73, 72, 77, 78, 79, 80, 83, 85, 81, 87, 82, 84, 86, 88]]
43: [[70, 23, 1, 43, 12, 22, 13, 36, 2, 4, 3, 14, 15, 5, 6, 25, 29, 7, 24, 28, 31, 16], [11, 9, 10, 51, 50, 8, 19, 17, 18, 59, 20, 21, 27, 26, 30, 44, 39, 35, 32, 34, 40, 33], [37, 46, 38, 41, 42, 47, 53, 61, 56, 45, 49, 54, 60, 48, 55, 52, 57, 62, 58, 63, 64, 75], [66, 69, 67, 65, 76, 68, 71, 74, 73, 72, 77, 78, 79, 80, 83, 85, 81, 87, 82, 84, 86, 88]]
44: [[70, 23, 1, 43, 12, 22, 13, 36, 2, 4, 3, 14, 15, 5, 6, 25, 29, 7, 24, 28, 31, 16], [11, 9, 10, 51, 50, 8, 19, 17, 18, 59, 20, 21, 27, 26, 30, 44, 39, 35, 32, 34, 40, 33], [37, 46, 38, 41, 42, 47, 53, 61, 56, 45, 49, 54, 60, 48, 55, 52, 57, 62, 58, 63, 64, 75], [66, 69, 67, 65, 76, 68, 71, 74, 73, 72, 77, 78, 79, 80, 83, 85, 81, 87, 82, 84, 86, 88]]
45: [[70, 23, 1, 43, 12, 22, 13, 36, 2, 4, 3, 14, 15, 5, 6, 25, 29, 7, 24, 28, 31, 16], [11, 9, 10, 51, 50, 8, 19, 17, 18, 59, 20, 21, 27, 26, 30, 44, 39, 35, 32, 34, 40, 33], [37, 46, 38, 41, 42, 47, 53, 61, 56, 45, 49, 54, 60, 48, 55, 52, 57, 62, 58, 63, 64, 75], [66, 69, 67, 65, 76, 68, 71, 74, 73, 72, 77, 78, 79, 80, 83, 85, 81, 87, 82, 84, 86, 88]]
46: [[70, 23, 1, 43, 12, 22, 13, 36, 2, 4, 3, 14, 15, 5, 6, 25, 29, 7, 24, 28, 31, 16], [11, 9, 10, 51, 50, 8, 19, 17, 18, 59, 20, 21, 27, 26, 30, 44, 39, 35, 32, 34, 40, 33], [37, 46, 38, 41, 42, 47, 53, 61, 56, 45, 49, 54, 60, 48, 55, 52, 57, 62, 58, 63, 64, 75], [66, 69, 67, 65, 76, 68, 71, 74, 73, 72, 77, 78, 79, 80, 83, 85, 81, 87, 82, 84, 86, 88]]
47: [[70, 23, 1, 43, 12, 22, 13, 36, 2, 4, 3, 14, 15, 5, 6, 25, 29, 7, 24, 28, 31, 16], [11, 9, 10, 51, 50, 8, 19, 17, 18, 59, 20, 21, 27, 26, 30, 44, 39, 35, 32, 34, 40, 33], [37, 46, 38, 41, 42, 47, 53, 61, 56, 45, 49, 54, 60, 48, 55, 52, 57, 62, 58, 63, 64, 75], [66, 69, 67, 65, 76, 68, 71, 74, 73, 72, 77, 78, 79, 80, 83, 85, 81, 87, 82, 84, 86, 88]]
48: [[70, 23, 1, 43, 12, 22, 13, 36, 2, 4, 3, 14, 15, 5, 6, 25, 29, 7, 24, 28, 31, 16], [11, 9, 10, 51, 50, 8, 19, 17, 18, 59, 20, 21, 27, 26, 30, 44, 39, 35, 32, 34, 40, 33], [37, 46, 38, 41, 42, 47, 53, 61, 56, 45, 49, 54, 60, 48, 55, 52, 57, 62, 58, 63, 64, 75], [66, 69, 67, 65, 76, 68, 71, 74, 73, 72, 77, 78, 79, 80, 83, 85, 81, 87, 82, 84, 86, 88]]
49: [[70, 23, 1, 43, 12, 22, 13, 36, 2, 4, 3, 14, 15, 5, 6, 25, 29, 7, 24, 28, 31, 16], [11, 9, 10, 51, 50, 8, 19, 17, 18, 59, 20, 21, 27, 26, 30, 44, 39, 35, 32, 34, 40, 33], [37, 46, 38, 41, 42, 47, 53, 61, 56, 45, 49, 54, 60, 48, 55, 52, 57, 62, 58, 63, 64, 75], [66, 69, 67, 65, 76, 68, 71, 74, 73, 72, 77, 78, 79, 80, 83, 85, 81, 87, 82, 84, 86, 88]]
50: [[70, 23, 1, 43, 12, 22, 13, 36, 2, 4, 3, 14, 15, 5, 6, 25, 29, 7, 24, 28, 31, 16], [11, 9, 10, 51, 50, 8, 19, 17, 18, 59, 20, 21, 27, 26, 30, 44, 39, 35, 32, 34, 40, 33], [37, 46, 38, 41, 42, 47, 53, 61, 56, 45, 49, 54, 60, 48, 55, 52, 57, 62, 58, 63, 64, 75], [66, 69, 67, 65, 76, 68, 71, 74, 73, 72, 77, 78, 79, 80, 83, 85, 81, 87, 82, 84, 86, 88]]
51: [[70, 23, 1, 43, 12, 22, 13, 36, 2, 4, 3, 14, 15, 5, 6, 25, 29, 7, 24, 28, 31, 16], [11, 9, 10, 51, 50, 8, 19, 17, 18, 59, 20, 21, 27, 26, 30, 44, 39, 35, 32, 34, 40, 33], [37, 46, 38, 41, 42, 47, 53, 61, 56, 45, 49, 54, 60, 48, 55, 52, 57, 62, 58, 63, 64, 75], [66, 69, 67, 65, 76, 68, 71, 74, 73, 72, 77, 78, 79, 80, 83, 85, 81, 87, 82, 84, 86, 88]]
52: [[70, 23, 1, 43, 12, 22, 13, 36, 2, 4, 3, 14, 15, 5, 6, 25, 29, 7, 24, 28, 31, 16], [11, 9, 10, 51, 50, 8, 19, 17, 18, 59, 20, 21, 27, 26, 30, 44, 39, 35, 32, 34, 40, 33], [37, 46, 38, 41, 42, 47, 53, 61, 56, 45, 49, 54, 60, 48, 55, 52, 57, 62, 58, 63, 64, 75], [66, 69, 67, 65, 76, 68, 71, 74, 73, 72, 77, 78, 79, 80, 83, 85, 81, 87, 82, 84, 86, 88]]
53: [[70, 23, 1, 43, 12, 22, 13, 36, 2, 4, 3, 14, 15, 5, 6, 25, 29, 7, 24, 28, 31, 16], [11, 9, 10, 51, 50, 8, 19, 17, 18, 59, 20, 21, 27, 26, 30, 44, 39, 35, 32, 34, 40, 33], [37, 46, 38, 41, 42, 47, 53, 61, 56, 45, 49, 54, 60, 48, 55, 52, 57, 62, 58, 63, 64, 75], [66, 69, 67, 65, 76, 68, 71, 74, 73, 72, 77, 78, 79, 80, 83, 85, 81, 87, 82, 84, 86, 88]]
54: [[70, 23, 1, 43, 12, 22, 13, 36, 2, 4, 3, 14, 15, 5, 6, 25, 29, 7, 24, 28, 31, 16], [11, 9, 10, 51, 50, 8, 19, 17, 18, 59, 20, 21, 27, 26, 30, 44, 39, 35, 32, 34, 40, 33], [37, 46, 38, 41, 42, 47, 53, 61, 56, 45, 49, 54, 60, 48, 55, 52, 57, 62, 58, 63, 64, 75], [66, 69, 67, 65, 76, 68, 71, 74, 73, 72, 77, 78, 79, 80, 83, 85, 81, 87, 82, 84, 86, 88]]
55: [[70, 23, 1, 43, 12, 22, 13, 36, 2, 4, 3, 14, 15, 5, 6, 25, 29, 7, 24, 28, 31, 16], [11, 9, 10, 51, 50, 8, 19, 17, 18, 59, 20, 21, 27, 26, 30, 44, 39, 35, 32, 34, 40, 33], [37, 46, 38, 41, 42, 47, 53, 61, 56, 45, 49, 54, 60, 48, 55, 52, 57, 62, 58, 63, 64, 75], [66, 69, 67, 65, 76, 68, 71, 74, 73, 72, 77, 78, 79, 80, 83, 85, 81, 87, 82, 84, 86, 88]]
56: [[70, 23, 1, 43, 12, 22, 13, 36, 2, 4, 3, 14, 15, 5, 6, 25, 29, 7, 24, 28, 31, 16], [11, 9, 10, 51, 50, 8, 19, 17, 18, 59, 20, 21, 27, 26, 30, 44, 39, 35, 32, 34, 40, 33], [37, 46, 38, 41, 42, 47, 53, 61, 56, 45, 49, 54, 60, 48, 55, 52, 57, 62, 58, 63, 64, 75], [66, 69, 67, 65, 76, 68, 71, 74, 73, 72, 77, 78, 79, 80, 83, 85, 81, 87, 82, 84, 86, 88]]
57: [[70, 23, 1, 43, 12, 22, 13, 36, 2, 4, 3, 14, 15, 5, 6, 25, 29, 7, 24, 28, 31, 16], [11, 9, 10, 51, 50, 8, 19, 17, 18, 59, 20, 21, 27, 26, 30, 44, 39, 35, 32, 34, 40, 33], [37, 46, 38, 41, 42, 47, 53, 61, 56, 45, 49, 54, 60, 48, 55, 52, 57, 62, 58, 63, 64, 75], [66, 69, 67, 65, 76, 68, 71, 74, 73, 72, 77, 78, 79, 80, 83, 85, 81, 87, 82, 84, 86, 88]]
58: [[70, 23, 1, 43, 12, 22, 13, 36, 2, 4, 3, 14, 15, 5, 6, 25, 29, 7, 24, 28, 31, 16], [11, 9, 10, 51, 50, 8, 19, 17, 18, 59, 20, 21, 27, 26, 30, 44, 39, 35, 32, 34, 40, 33], [37, 46, 38, 41, 42, 47, 53, 61, 56, 45, 49, 54, 60, 48, 55, 52, 57, 62, 58, 63, 64, 75], [66, 69, 67, 65, 76, 68, 71, 74, 73, 72, 77, 78, 79, 80, 83, 85, 81, 87, 82, 84, 86, 88]]
59: [[70, 23, 1, 43, 12, 22, 13, 36, 2, 4, 3, 14, 15, 5, 6, 25, 29, 7, 24, 28, 31, 16], [11, 9, 10, 51, 50, 8, 19, 17, 18, 59, 20, 21, 27, 26, 30, 44, 39, 35, 32, 34, 40, 33], [37, 46, 38, 41, 42, 47, 53, 61, 56, 45, 49, 54, 60, 48, 55, 52, 57, 62, 58, 63, 64, 75], [66, 69, 67, 65, 76, 68, 71, 74, 73, 72, 77, 78, 79, 80, 83, 85, 81, 87, 82, 84, 86, 88]]
60: [[70, 23, 1, 43, 12, 22, 13, 36, 2, 4, 3, 14, 15, 5, 6, 25, 29, 7, 24, 28, 31, 16], [11, 9, 10, 51, 50, 8, 19, 17, 18, 59, 20, 21, 27, 26, 30, 44, 39, 35, 32, 34, 40, 33], [37, 46, 38, 41, 42, 47, 53, 61, 56, 45, 49, 54, 60, 48, 55, 52, 57, 62, 58, 63, 64, 75], [66, 69, 67, 65, 76, 68, 71, 74, 73, 72, 77, 78, 79, 80, 83, 85, 81, 87, 82, 84, 86, 88]]
61: [[70, 23, 1, 43, 12, 22, 13, 36, 2, 4, 3, 14, 15, 5, 6, 25, 29, 7, 24, 28, 31, 16], [11, 9, 10, 51, 50, 8, 19, 17, 18, 59, 20, 21, 27, 26, 30, 44, 39, 35, 32, 34, 40, 33], [37, 46, 38, 41, 42, 47, 53, 61, 56, 45, 49, 54, 60, 48, 55, 52, 57, 62, 58, 63, 64, 75], [66, 69, 67, 65, 76, 68, 71, 74, 73, 72, 77, 78, 79, 80, 83, 85, 81, 87, 82, 84, 86, 88]]
62: [[70, 23, 1, 43, 12, 22, 13, 36, 2, 4, 3, 14, 15, 5, 6, 25, 29, 7, 24, 28, 31, 16], [11, 9, 10, 51, 50, 8, 19, 17, 18, 59, 20, 21, 27, 26, 30, 44, 39, 35, 32, 34, 40, 33], [37, 46, 38, 41, 42, 47, 53, 61, 56, 45, 49, 54, 60, 48, 55, 52, 57, 62, 58, 63, 64, 75], [66, 69, 67, 65, 76, 68, 71, 74, 73, 72, 77, 78, 79, 80, 83, 85, 81, 87, 82, 84, 86, 88]]
63: [[70, 23, 1, 43, 12, 22, 13, 36, 2, 4, 3, 14, 15, 5, 6, 25, 29, 7, 24, 28, 31, 16], [11, 9, 10, 51, 50, 8, 19, 17, 18, 59, 20, 21, 27, 26, 30, 44, 39, 35, 32, 34, 40, 33], [37, 46, 38, 41, 42, 47, 53, 61, 56, 45, 49, 54, 60, 48, 55, 52, 57, 62, 58, 63, 64, 75], [66, 69, 67, 65, 76, 68, 71, 74, 73, 72, 77, 78, 79, 80, 83, 85, 81, 87, 82, 84, 86, 88]]
64: [[70, 23, 1, 43, 12, 22, 13, 36, 2, 4, 3, 14, 15, 5, 6, 25, 29, 7, 24, 28, 31, 16], [11, 9, 10, 51, 50, 8, 19, 17, 18, 59, 20, 21, 27, 26, 30, 44, 39, 35, 32, 34, 40, 33], [37, 46, 38, 41, 42, 47, 53, 61, 56, 45, 49, 54, 60, 48, 55, 52, 57, 62, 58, 63, 64, 75], [66, 69, 67, 65, 76, 68, 71, 74, 73, 72, 77, 78, 79, 80, 83, 85, 81, 87, 82, 84, 86, 88]]
65: [[70, 23, 1, 43, 12, 22, 13, 36, 2, 4, 3, 14, 15, 5, 6, 25, 29, 7, 24, 28, 31, 16], [11, 9, 10, 51, 50, 8, 19, 17, 18, 59, 20, 21, 27, 26, 30, 44, 39, 35, 32, 34, 40, 33], [37, 46, 38, 41, 42, 47, 53, 61, 56, 45, 49, 54, 60, 48, 55, 52, 57, 62, 58, 63, 64, 75], [66, 69, 67, 65, 76, 68, 71, 74, 73, 72, 77, 78, 79, 80, 83, 85, 81, 87, 82, 84, 86, 88]]
66: [[70, 23, 1, 43, 12, 22, 13, 36, 2, 4, 3, 14, 15, 5, 6, 25, 29, 7, 24, 28, 31, 16], [11, 9, 10, 51, 50, 8, 19, 17, 18, 59, 20, 21, 27, 26, 30, 44, 39, 35, 32, 34, 40, 33], [37, 46, 38, 41, 42, 47, 53, 61, 56, 45, 49, 54, 60, 48, 55, 52, 57, 62, 58, 63, 64, 75], [66, 69, 67, 65, 76, 68, 71, 74, 73, 72, 77, 78, 79, 80, 83, 85, 81, 87, 82, 84, 86, 88]]
67: [[70, 23, 1, 43, 12, 22, 13, 36, 2, 4, 3, 14, 15, 5, 6, 25, 29, 7, 24, 28, 31, 16], [11, 9, 10, 51, 50, 8, 19, 17, 18, 59, 20, 21, 27, 26, 30, 44, 39, 35, 32, 34, 40, 33], [37, 46, 38, 41, 42, 47, 53, 61, 56, 45, 49, 54, 60, 48, 55, 52, 57, 62, 58, 63, 64, 75], [66, 69, 67, 65, 76, 68, 71, 74, 73, 72, 77, 78, 79, 80, 83, 85, 81, 87, 82, 84, 86, 88]]
68: [[70, 23, 1, 43, 12, 22, 13, 36, 2, 4, 3, 14, 15, 5, 6, 25, 29, 7, 24, 28, 31, 16], [11, 9, 10, 51, 50, 8, 19, 17, 18, 59, 20, 21, 27, 26, 30, 44, 39, 35, 32, 34, 40, 33], [37, 46, 38, 41, 42, 47, 53, 61, 56, 45, 49, 54, 60, 48, 55, 52, 57, 62, 58, 63, 64, 75], [66, 69, 67, 65, 76, 68, 71, 74, 73, 72, 77, 78, 79, 80, 83, 85, 81, 87, 82, 84, 86, 88]]
69: [[70, 23, 1, 43, 12, 22, 13, 36, 2, 4, 3, 14, 15, 5, 6, 25, 29, 7, 24, 28, 31, 16], [11, 9, 10, 51, 50, 8, 19, 17, 18, 59, 20, 21, 27, 26, 30, 44, 39, 35, 32, 34, 40, 33], [37, 46, 38, 41, 42, 47, 53, 61, 56, 45, 49, 54, 60, 48, 55, 52, 57, 62, 58, 63, 64, 75], [66, 69, 67, 65, 76, 68, 71, 74, 73, 72, 77, 78, 79, 80, 83, 85, 81, 87, 82, 84, 86, 88]]
70: [[70, 23, 1, 43, 12, 22, 13, 36, 2, 4, 3, 14, 15, 5, 6, 25, 29, 7, 24, 28, 31, 16], [11, 9, 10, 51, 50, 8, 19, 17, 18, 59, 20, 21, 27, 26, 30, 44, 39, 35, 32, 34, 40, 33], [37, 46, 38, 41, 42, 47, 53, 61, 56, 45, 49, 54, 60, 48, 55, 52, 57, 62, 58, 63, 64, 75], [66, 69, 67, 65, 76, 68, 71, 74, 73, 72, 77, 78, 79, 80, 83, 85, 81, 87, 82, 84, 86, 88]]
71: [[70, 23, 1, 43, 12, 22, 13, 36, 2, 4, 3, 14, 15, 5, 6, 25, 29, 7, 24, 28, 31, 16], [11, 9, 10, 51, 50, 8, 19, 17, 18, 59, 20, 21, 27, 26, 30, 44, 39, 35, 32, 34, 40, 33], [37, 46, 38, 41, 42, 47, 53, 61, 56, 45, 49, 54, 60, 48, 55, 52, 57, 62, 58, 63, 64, 75], [66, 69, 67, 65, 76, 68, 71, 74, 73, 72, 77, 78, 79, 80, 83, 85, 81, 87, 82, 84, 86, 88]]
72: [[70, 23, 1, 43, 12, 22, 13, 36, 2, 4, 3, 14, 15, 5, 6, 25, 29, 7, 24, 28, 31, 16], [11, 9, 10, 51, 50, 8, 19, 17, 18, 59, 20, 21, 27, 26, 30, 44, 39, 35, 32, 34, 40, 33], [37, 46, 38, 41, 42, 47, 53, 61, 56, 45, 49, 54, 60, 48, 55, 52, 57, 62, 58, 63, 64, 75], [66, 69, 67, 65, 76, 68, 71, 74, 73, 72, 77, 78, 79, 80, 83, 85, 81, 87, 82, 84, 86, 88]]
73: [[70, 23, 1, 43, 12, 22, 13, 36, 2, 4, 3, 14, 15, 5, 6, 25, 29, 7, 24, 28, 31, 16], [11, 9, 10, 51, 50, 8, 19, 17, 18, 59, 20, 21, 27, 26, 30, 44, 39, 35, 32, 34, 40, 33], [37, 46, 38, 41, 42, 47, 53, 61, 56, 45, 49, 54, 60, 48, 55, 52, 57, 62, 58, 63, 64, 75], [66, 69, 67, 65, 76, 68, 71, 74, 73, 72, 77, 78, 79, 80, 83, 85, 81, 87, 82, 84, 86, 88]]
74: [[70, 23, 1, 43, 12, 22, 13, 36, 2, 4, 3, 14, 15, 5, 6, 25, 29, 7, 24, 28, 31, 16], [11, 9, 10, 51, 50, 8, 19, 17, 18, 59, 20, 21, 27, 26, 30, 44, 39, 35, 32, 34, 40, 33], [37, 46, 38, 41, 42, 47, 53, 61, 56, 45, 49, 54, 60, 48, 55, 52, 57, 62, 58, 63, 64, 75], [66, 69, 67, 65, 76, 68, 71, 74, 73, 72, 77, 78, 79, 80, 83, 85, 81, 87, 82, 84, 86, 88]]
75: [[70, 23, 1, 43, 12, 22, 13, 36, 2, 4, 3, 14, 15, 5, 6, 25, 29, 7, 24, 28, 31, 16], [11, 9, 10, 51, 50, 8, 19, 17, 18, 59, 20, 21, 27, 26, 30, 44, 39, 35, 32, 34, 40, 33], [37, 46, 38, 41, 42, 47, 53, 61, 56, 45, 49, 54, 60, 48, 55, 52, 57, 62, 58, 63, 64, 75], [66, 69, 67, 65, 76, 68, 71, 74, 73, 72, 77, 78, 79, 80, 83, 85, 81, 87, 82, 84, 86, 88]]
76: [[70, 23, 1, 43, 12, 22, 13, 36, 2, 4, 3, 14, 15, 5, 6, 25, 29, 7, 24, 28, 31, 16], [11, 9, 10, 51, 50, 8, 19, 17, 18, 59, 20, 21, 27, 26, 30, 44, 39, 35, 32, 34, 40, 33], [37, 46, 38, 41, 42, 47, 53, 61, 56, 45, 49, 54, 60, 48, 55, 52, 57, 62, 58, 63, 64, 75], [66, 69, 67, 65, 76, 68, 71, 74, 73, 72, 77, 78, 79, 80, 83, 85, 81, 87, 82, 84, 86, 88]]
77: [[70, 23, 1, 43, 12, 22, 13, 36, 2, 4, 3, 14, 15, 5, 6, 25, 29, 7, 24, 28, 31, 16], [11, 9, 10, 51, 50, 8, 19, 17, 18, 59, 20, 21, 27, 26, 30, 44, 39, 35, 32, 34, 40, 33], [37, 46, 38, 41, 42, 47, 53, 61, 56, 45, 49, 54, 60, 48, 55, 52, 57, 62, 58, 63, 64, 75], [66, 69, 67, 65, 76, 68, 71, 74, 73, 72, 77, 78, 79, 80, 83, 85, 81, 87, 82, 84, 86, 88]]
78: [[70, 23, 1, 43, 12, 22, 13, 36, 2, 4, 3, 14, 15, 5, 6, 25, 29, 7, 24, 28, 31, 16], [11, 9, 10, 51, 50, 8, 19, 17, 18, 59, 20, 21, 27, 26, 30, 44, 39, 35, 32, 34, 40, 33], [37, 46, 38, 41, 42, 47, 53, 61, 56, 45, 49, 54, 60, 48, 55, 52, 57, 62, 58, 63, 64, 75], [66, 69, 67, 65, 76, 68, 71, 74, 73, 72, 77, 78, 79, 80, 83, 85, 81, 87, 82, 84, 86, 88]]
79: [[70, 23, 1, 43, 12, 22, 13, 36, 2, 4, 3, 14, 15, 5, 6, 25, 29, 7, 24, 28, 31, 16], [11, 9, 10, 51, 50, 8, 19, 17, 18, 59, 20, 21, 27, 26, 30, 44, 39, 35, 32, 34, 40, 33], [37, 46, 38, 41, 42, 47, 53, 61, 56, 45, 49, 54, 60, 48, 55, 52, 57, 62, 58, 63, 64, 75], [66, 69, 67, 65, 76, 68, 71, 74, 73, 72, 77, 78, 79, 80, 83, 85, 81, 87, 82, 84, 86, 88]]
80: [[70, 23, 1, 43, 12, 22, 13, 36, 2, 4, 3, 14, 15, 5, 6, 25, 29, 7, 24, 28, 31, 16], [11, 9, 10, 51, 50, 8, 19, 17, 18, 59, 20, 21, 27, 26, 30, 44, 39, 35, 32, 34, 40, 33], [37, 46, 38, 41, 42, 47, 53, 61, 56, 45, 49, 54, 60, 48, 55, 52, 57, 62, 58, 63, 64, 75], [66, 69, 67, 65, 76, 68, 71, 74, 73, 72, 77, 78, 79, 80, 83, 85, 81, 87, 82, 84, 86, 88]]
81: [[70, 23, 1, 43, 12, 22, 13, 36, 2, 4, 3, 14, 15, 5, 6, 25, 29, 7, 24, 28, 31, 16], [11, 9, 10, 51, 50, 8, 19, 17, 18, 59, 20, 21, 27, 26, 30, 44, 39, 35, 32, 34, 40, 33], [37, 46, 38, 41, 42, 47, 53, 61, 56, 45, 49, 54, 60, 48, 55, 52, 57, 62, 58, 63, 64, 75], [66, 69, 67, 65, 76, 68, 71, 74, 73, 72, 77, 78, 79, 80, 83, 85, 81, 87, 82, 84, 86, 88]]
82: [[70, 23, 1, 43, 12, 22, 13, 36, 2, 4, 3, 14, 15, 5, 6, 25, 29, 7, 24, 28, 31, 16], [11, 9, 10, 51, 50, 8, 19, 17, 18, 59, 20, 21, 27, 26, 30, 44, 39, 35, 32, 34, 40, 33], [37, 46, 38, 41, 42, 47, 53, 61, 56, 45, 49, 54, 60, 48, 55, 52, 57, 62, 58, 63, 64, 75], [66, 69, 67, 65, 76, 68, 71, 74, 73, 72, 77, 78, 79, 80, 83, 85, 81, 87, 82, 84, 86, 88]]
83: [[70, 23, 1, 43, 12, 22, 13, 36, 2, 4, 3, 14, 15, 5, 6, 25, 29, 7, 24, 28, 31, 16], [11, 9, 10, 51, 50, 8, 19, 17, 18, 59, 20, 21, 27, 26, 30, 44, 39, 35, 32, 34, 40, 33], [37, 46, 38, 41, 42, 47, 53, 61, 56, 45, 49, 54, 60, 48, 55, 52, 57, 62, 58, 63, 64, 75], [66, 69, 67, 65, 76, 68, 71, 74, 73, 72, 77, 78, 79, 80, 83, 85, 81, 87, 82, 84, 86, 88]]
84: [[70, 23, 1, 43, 12, 22, 13, 36, 2, 4, 3, 14, 15, 5, 6, 25, 29, 7, 24, 28, 31, 16], [11, 9, 10, 51, 50, 8, 19, 17, 18, 59, 20, 21, 27, 26, 30, 44, 39, 35, 32, 34, 40, 33], [37, 46, 38, 41, 42, 47, 53, 61, 56, 45, 49, 54, 60, 48, 55, 52, 57, 62, 58, 63, 64, 75], [66, 69, 67, 65, 76, 68, 71, 74, 73, 72, 77, 78, 79, 80, 83, 85, 81, 87, 82, 84, 86, 88]]
85: [[70, 23, 1, 43, 12, 22, 13, 36, 2, 4, 3, 14, 15, 5, 6, 25, 29, 7, 24, 28, 31, 16], [11, 9, 10, 51, 50, 8, 19, 17, 18, 59, 20, 21, 27, 26, 30, 44, 39, 35, 32, 34, 40, 33], [37, 46, 38, 41, 42, 47, 53, 61, 56, 45, 49, 54, 60, 48, 55, 52, 57, 62, 58, 63, 64, 75], [66, 69, 67, 65, 76, 68, 71, 74, 73, 72, 77, 78, 79, 80, 83, 85, 81, 87, 82, 84, 86, 88]]
86: [[70, 23, 1, 43, 12, 22, 13, 36, 2, 4, 3, 14, 15, 5, 6, 25, 29, 7, 24, 28, 31, 16], [11, 9, 10, 51, 50, 8, 19, 17, 18, 59, 20, 21, 27, 26, 30, 44, 39, 35, 32, 34, 40, 33], [37, 46, 38, 41, 42, 47, 53, 61, 56, 45, 49, 54, 60, 48, 55, 52, 57, 62, 58, 63, 64, 75], [66, 69, 67, 65, 76, 68, 71, 74, 73, 72, 77, 78, 79, 80, 83, 85, 81, 87, 82, 84, 86, 88]]
87: [[70, 23, 1, 43, 12, 22, 13, 36, 2, 4, 3, 14, 15, 5, 6, 25, 29, 7, 24, 28, 31, 16], [11, 9, 10, 51, 50, 8, 19, 17, 18, 59, 20, 21, 27, 26, 30, 44, 39, 35, 32, 34, 40, 33], [37, 46, 38, 41, 42, 47, 53, 61, 56, 45, 49, 54, 60, 48, 55, 52, 57, 62, 58, 63, 64, 75], [66, 69, 67, 65, 76, 68, 71, 74, 73, 72, 77, 78, 79, 80, 83, 85, 81, 87, 82, 84, 86, 88]]
88: [[70, 23, 1, 43, 12, 22, 13, 36, 2, 4, 3, 14, 15, 5, 6, 25, 29, 7, 24, 28, 31, 16], [11, 9, 10, 51, 50, 8, 19, 17, 18, 59, 20, 21, 27, 26, 30, 44, 39, 35, 32, 34, 40, 33], [37, 46, 38, 41, 42, 47, 53, 61, 56, 45, 49, 54, 60, 48, 55, 52, 57, 62, 58, 63, 64, 75], [66, 69, 67, 65, 76, 68, 71, 74, 73, 72, 77, 78, 79, 80, 83, 85, 81, 87, 82, 84, 86, 88]]
89: [[70, 23, 1, 43, 12, 22, 13, 36, 2, 4, 3, 14, 15, 5, 6, 25, 29, 7, 24, 28, 31, 16], [11, 9, 10, 51, 50, 8, 19, 17, 18, 59, 20, 21, 27, 26, 30, 44, 39, 35, 32, 34, 40, 33], [37, 46, 38, 41, 42, 47, 53, 61, 56, 45, 49, 54, 60, 48, 55, 52, 57, 62, 58, 63, 64, 75], [66, 69, 67, 65, 76, 68, 71, 74, 73, 72, 77, 78, 79, 80, 83, 85, 81, 87, 82, 84, 86, 88]]
90: [[70, 23, 1, 43, 12, 22, 13, 36, 2, 4, 3, 14, 15, 5, 6, 25, 29, 7, 24, 28, 31, 16], [11, 9, 10, 51, 50, 8, 19, 17, 18, 59, 20, 21, 27, 26, 30, 44, 39, 35, 32, 34, 40, 33], [37, 46, 38, 41, 42, 47, 53, 61, 56, 45, 49, 54, 60, 48, 55, 52, 57, 62, 58, 63, 64, 75], [66, 69, 67, 65, 76, 68, 71, 74, 73, 72, 77, 78, 79, 80, 83, 85, 81, 87, 82, 84, 86, 88]]
91: [[70, 23, 1, 43, 12, 22, 13, 36, 2, 4, 3, 14, 15, 5, 6, 25, 29, 7, 24, 28, 31, 16], [11, 9, 10, 51, 50, 8, 19, 17, 18, 59, 20, 21, 27, 26, 30, 44, 39, 35, 32, 34, 40, 33], [37, 46, 38, 41, 42, 47, 53, 61, 56, 45, 49, 54, 60, 48, 55, 52, 57, 62, 58, 63, 64, 75], [66, 69, 67, 65, 76, 68, 71, 74, 73, 72, 77, 78, 79, 80, 83, 85, 81, 87, 82, 84, 86, 88]]
92: [[70, 23, 1, 43, 12, 22, 13, 36, 2, 4, 3, 14, 15, 5, 6, 25, 29, 7, 24, 28, 31, 16], [11, 9, 10, 51, 50, 8, 19, 17, 18, 59, 20, 21, 27, 26, 30, 44, 39, 35, 32, 34, 40, 33], [37, 46, 38, 41, 42, 47, 53, 61, 56, 45, 49, 54, 60, 48, 55, 52, 57, 62, 58, 63, 64, 75], [66, 69, 67, 65, 76, 68, 71, 74, 73, 72, 77, 78, 79, 80, 83, 85, 81, 87, 82, 84, 86, 88]]
93: [[70, 23, 1, 43, 12, 22, 13, 36, 2, 4, 3, 14, 15, 5, 6, 25, 29, 7, 24, 28, 31, 16], [11, 9, 10, 51, 50, 8, 19, 17, 18, 59, 20, 21, 27, 26, 30, 44, 39, 35, 32, 34, 40, 33], [37, 46, 38, 41, 42, 47, 53, 61, 56, 45, 49, 54, 60, 48, 55, 52, 57, 62, 58, 63, 64, 75], [66, 69, 67, 65, 76, 68, 71, 74, 73, 72, 77, 78, 79, 80, 83, 85, 81, 87, 82, 84, 86, 88]]
94: [[70, 23, 1, 43, 12, 22, 13, 36, 2, 4, 3, 14, 15, 5, 6, 25, 29, 7, 24, 28, 31, 16], [11, 9, 10, 51, 50, 8, 19, 17, 18, 59, 20, 21, 27, 26, 30, 44, 39, 35, 32, 34, 40, 33], [37, 46, 38, 41, 42, 47, 53, 61, 56, 45, 49, 54, 60, 48, 55, 52, 57, 62, 58, 63, 64, 75], [66, 69, 67, 65, 76, 68, 71, 74, 73, 72, 77, 78, 79, 80, 83, 85, 81, 87, 82, 84, 86, 88]]
95: [[70, 23, 1, 43, 12, 22, 13, 36, 2, 4, 3, 14, 15, 5, 6, 25, 29, 7, 24, 28, 31, 16], [11, 9, 10, 51, 50, 8, 19, 17, 18, 59, 20, 21, 27, 26, 30, 44, 39, 35, 32, 34, 40, 33], [37, 46, 38, 41, 42, 47, 53, 61, 56, 45, 49, 54, 60, 48, 55, 52, 57, 62, 58, 63, 64, 75], [66, 69, 67, 65, 76, 68, 71, 74, 73, 72, 77, 78, 79, 80, 83, 85, 81, 87, 82, 84, 86, 88]]
96: [[70, 23, 1, 43, 12, 22, 13, 36, 2, 4, 3, 14, 15, 5, 6, 25, 29, 7, 24, 28, 31, 16], [11, 9, 10, 51, 50, 8, 19, 17, 18, 59, 20, 21, 27, 26, 30, 44, 39, 35, 32, 34, 40, 33], [37, 46, 38, 41, 42, 47, 53, 61, 56, 45, 49, 54, 60, 48, 55, 52, 57, 62, 58, 63, 64, 75], [66, 69, 67, 65, 76, 68, 71, 74, 73, 72, 77, 78, 79, 80, 83, 85, 81, 87, 82, 84, 86, 88]]
97: [[70, 23, 1, 43, 12, 22, 13, 36, 2, 4, 3, 14, 15, 5, 6, 25, 29, 7, 24, 28, 31, 16], [11, 9, 10, 51, 50, 8, 19, 17, 18, 59, 20, 21, 27, 26, 30, 44, 39, 35, 32, 34, 40, 33], [37, 46, 38, 41, 42, 47, 53, 61, 56, 45, 49, 54, 60, 48, 55, 52, 57, 62, 58, 63, 64, 75], [66, 69, 67, 65, 76, 68, 71, 74, 73, 72, 77, 78, 79, 80, 83, 85, 81, 87, 82, 84, 86, 88]]
98: [[70, 23, 1, 43, 12, 22, 13, 36, 2, 4, 3, 14, 15, 5, 6, 25, 29, 7, 24, 28, 31, 16], [11, 9, 10, 51, 50, 8, 19, 17, 18, 59, 20, 21, 27, 26, 30, 44, 39, 35, 32, 34, 40, 33], [37, 46, 38, 41, 42, 47, 53, 61, 56, 45, 49, 54, 60, 48, 55, 52, 57, 62, 58, 63, 64, 75], [66, 69, 67, 65, 76, 68, 71, 74, 73, 72, 77, 78, 79, 80, 83, 85, 81, 87, 82, 84, 86, 88]]
99: [[70, 23, 1, 43, 12, 22, 13, 36, 2, 4, 3, 14, 15, 5, 6, 25, 29, 7, 24, 28, 31, 16], [11, 9, 10, 51, 50, 8, 19, 17, 18, 59, 20, 21, 27, 26, 30, 44, 39, 35, 32, 34, 40, 33], [37, 46, 38, 41, 42, 47, 53, 61, 56, 45, 49, 54, 60, 48, 55, 52, 57, 62, 58, 63, 64, 75], [66, 69, 67, 65, 76, 68, 71, 74, 73, 72, 77, 78, 79, 80, 83, 85, 81, 87, 82, 84, 86, 88]]
100: [[70, 23, 1, 43, 12, 22, 13, 36, 2, 4, 3, 14, 15, 5, 6, 25, 29, 7, 24, 28, 31, 16], [11, 9, 10, 51, 50, 8, 19, 17, 18, 59, 20, 21, 27, 26, 30, 44, 39, 35, 32, 34, 40, 33], [37, 46, 38, 41, 42, 47, 53, 61, 56, 45, 49, 54, 60, 48, 55, 52, 57, 62, 58, 63, 64, 75], [66, 69, 67, 65, 76, 68, 71, 74, 73, 72, 77, 78, 79, 80, 83, 85, 81, 87, 82, 84, 86, 88]]
101: [[70, 23, 1, 43, 12, 22, 13, 36, 2, 4, 3, 14, 15, 5, 6, 25, 29, 7, 24, 28, 31, 16], [11, 9, 10, 51, 50, 8, 19, 17, 18, 59, 20, 21, 27, 26, 30, 44, 39, 35, 32, 34, 40, 33], [37, 46, 38, 41, 42, 47, 53, 61, 56, 45, 49, 54, 60, 48, 55, 52, 57, 62, 58, 63, 64, 75], [66, 69, 67, 65, 76, 68, 71, 74, 73, 72, 77, 78, 79, 80, 83, 85, 81, 87, 82, 84, 86, 88]]
102: [[70, 23, 1, 43, 12, 22, 13, 36, 2, 4, 3, 14, 15, 5, 6, 25, 29, 7, 24, 28, 31, 16], [11, 9, 10, 51, 50, 8, 19, 17, 18, 59, 20, 21, 27, 26, 30, 44, 39, 35, 32, 34, 40, 33], [37, 46, 38, 41, 42, 47, 53, 61, 56, 45, 49, 54, 60, 48, 55, 52, 57, 62, 58, 63, 64, 75], [66, 69, 67, 65, 76, 68, 71, 74, 73, 72, 77, 78, 79, 80, 83, 85, 81, 87, 82, 84, 86, 88]]
103: [[70, 23, 1, 43, 12, 22, 13, 36, 2, 4, 3, 14, 15, 5, 6, 25, 29, 7, 24, 28, 31, 16], [11, 9, 10, 51, 50, 8, 19, 17, 18, 59, 20, 21, 27, 26, 30, 44, 39, 35, 32, 34, 40, 33], [37, 46, 38, 41, 42, 47, 53, 61, 56, 45, 49, 54, 60, 48, 55, 52, 57, 62, 58, 63, 64, 75], [66, 69, 67, 65, 76, 68, 71, 74, 73, 72, 77, 78, 79, 80, 83, 85, 81, 87, 82, 84, 86, 88]]
104: [[70, 23, 1, 43, 12, 22, 13, 36, 2, 4, 3, 14, 15, 5, 6, 25, 29, 7, 24, 28, 31, 16], [11, 9, 10, 51, 50, 8, 19, 17, 18, 59, 20, 21, 27, 26, 30, 44, 39, 35, 32, 34, 40, 33], [37, 46, 38, 41, 42, 47, 53, 61, 56, 45, 49, 54, 60, 48, 55, 52, 57, 62, 58, 63, 64, 75], [66, 69, 67, 65, 76, 68, 71, 74, 73, 72, 77, 78, 79, 80, 83, 85, 81, 87, 82, 84, 86, 88]]
105: [[70, 23, 1, 43, 12, 22, 13, 36, 2, 4, 3, 14, 15, 5, 6, 25, 29, 7, 24, 28, 31, 16], [11, 9, 10, 51, 50, 8, 19, 17, 18, 59, 20, 21, 27, 26, 30, 44, 39, 35, 32, 34, 40, 33], [37, 46, 38, 41, 42, 47, 53, 61, 56, 45, 49, 54, 60, 48, 55, 52, 57, 62, 58, 63, 64, 75], [66, 69, 67, 65, 76, 68, 71, 74, 73, 72, 77, 78, 79, 80, 83, 85, 81, 87, 82, 84, 86, 88]]
106: [[70, 23, 1, 43, 12, 22, 13, 36, 2, 4, 3, 14, 15, 5, 6, 25, 29, 7, 24, 28, 31, 16], [11, 9, 10, 51, 50, 8, 19, 17, 18, 59, 20, 21, 27, 26, 30, 44, 39, 35, 32, 34, 40, 33], [37, 46, 38, 41, 42, 47, 53, 61, 56, 45, 49, 54, 60, 48, 55, 52, 57, 62, 58, 63, 64, 75], [66, 69, 67, 65, 76, 68, 71, 74, 73, 72, 77, 78, 79, 80, 83, 85, 81, 87, 82, 84, 86, 88]]
107: [[70, 23, 1, 43, 12, 22, 13, 36, 2, 4, 3, 14, 15, 5, 6, 25, 29, 7, 24, 28, 31, 16], [11, 9, 10, 51, 50, 8, 19, 17, 18, 59, 20, 21, 27, 26, 30, 44, 39, 35, 32, 34, 40, 33], [37, 46, 38, 41, 42, 47, 53, 61, 56, 45, 49, 54, 60, 48, 55, 52, 57, 62, 58, 63, 64, 75], [66, 69, 67, 65, 76, 68, 71, 74, 73, 72, 77, 78, 79, 80, 83, 85, 81, 87, 82, 84, 86, 88]]
108: [[70, 23, 1, 43, 12, 22, 13, 36, 2, 4, 3, 14, 15, 5, 6, 25, 29, 7, 24, 28, 31, 16], [11, 9, 10, 51, 50, 8, 19, 17, 18, 59, 20, 21, 27, 26, 30, 44, 39, 35, 32, 34, 40, 33], [37, 46, 38, 41, 42, 47, 53, 61, 56, 45, 49, 54, 60, 48, 55, 52, 57, 62, 58, 63, 64, 75], [66, 69, 67, 65, 76, 68, 71, 74, 73, 72, 77, 78, 79, 80, 83, 85, 81, 87, 82, 84, 86, 88]]
109: [[70, 23, 1, 43, 12, 22, 13, 36, 2, 4, 3, 14, 15, 5, 6, 25, 29, 7, 24, 28, 31, 16], [11, 9, 10, 51, 50, 8, 19, 17, 18, 59, 20, 21, 27, 26, 30, 44, 39, 35, 32, 34, 40, 33], [37, 46, 38, 41, 42, 47, 53, 61, 56, 45, 49, 54, 60, 48, 55, 52, 57, 62, 58, 63, 64, 75], [66, 69, 67, 65, 76, 68, 71, 74, 73, 72, 77, 78, 79, 80, 83, 85, 81, 87, 82, 84, 86, 88]]
110: [[70, 23, 1, 43, 12, 22, 13, 36, 2, 4, 3, 14, 15, 5, 6, 25, 29, 7, 24, 28, 31, 16], [11, 9, 10, 51, 50, 8, 19, 17, 18, 59, 20, 21, 27, 26, 30, 44, 39, 35, 32, 34, 40, 33], [37, 46, 38, 41, 42, 47, 53, 61, 56, 45, 49, 54, 60, 48, 55, 52, 57, 62, 58, 63, 64, 75], [66, 69, 67, 65, 76, 68, 71, 74, 73, 72, 77, 78, 79, 80, 83, 85, 81, 87, 82, 84, 86, 88]]
111: [[70, 23, 1, 43, 12, 22, 13, 36, 2, 4, 3, 14, 15, 5, 6, 25, 29, 7, 24, 28, 31, 16], [11, 9, 10, 51, 50, 8, 19, 17, 18, 59, 20, 21, 27, 26, 30, 44, 39, 35, 32, 34, 40, 33], [37, 46, 38, 41, 42, 47, 53, 61, 56, 45, 49, 54, 60, 48, 55, 52, 57, 62, 58, 63, 64, 75], [66, 69, 67, 65, 76, 68, 71, 74, 73, 72, 77, 78, 79, 80, 83, 85, 81, 87, 82, 84, 86, 88]]
112: [[70, 23, 1, 43, 12, 22, 13, 36, 2, 4, 3, 14, 15, 5, 6, 25, 29, 7, 24, 28, 31, 16], [11, 9, 10, 51, 50, 8, 19, 17, 18, 59, 20, 21, 27, 26, 30, 44, 39, 35, 32, 34, 40, 33], [37, 46, 38, 41, 42, 47, 53, 61, 56, 45, 49, 54, 60, 48, 55, 52, 57, 62, 58, 63, 64, 75], [66, 69, 67, 65, 76, 68, 71, 74, 73, 72, 77, 78, 79, 80, 83, 85, 81, 87, 82, 84, 86, 88]]
113: [[70, 23, 1, 43, 12, 22, 13, 36, 2, 4, 3, 14, 15, 5, 6, 25, 29, 7, 24, 28, 31, 16], [11, 9, 10, 51, 50, 8, 19, 17, 18, 59, 20, 21, 27, 26, 30, 44, 39, 35, 32, 34, 40, 33], [37, 46, 38, 41, 42, 47, 53, 61, 56, 45, 49, 54, 60, 48, 55, 52, 57, 62, 58, 63, 64, 75], [66, 69, 67, 65, 76, 68, 71, 74, 73, 72, 77, 78, 79, 80, 83, 85, 81, 87, 82, 84, 86, 88]]
114: [[70, 23, 1, 43, 12, 22, 13, 36, 2, 4, 3, 14, 15, 5, 6, 25, 29, 7, 24, 28, 31, 16], [11, 9, 10, 51, 50, 8, 19, 17, 18, 59, 20, 21, 27, 26, 30, 44, 39, 35, 32, 34, 40, 33], [37, 46, 38, 41, 42, 47, 53, 61, 56, 45, 49, 54, 60, 48, 55, 52, 57, 62, 58, 63, 64, 75], [66, 69, 67, 65, 76, 68, 71, 74, 73, 72, 77, 78, 79, 80, 83, 85, 81, 87, 82, 84, 86, 88]]
115: [[70, 23, 1, 43, 12, 22, 13, 36, 2, 4, 3, 14, 15, 5, 6, 25, 29, 7, 24, 28, 31, 16], [11, 9, 10, 51, 50, 8, 19, 17, 18, 59, 20, 21, 27, 26, 30, 44, 39, 35, 32, 34, 40, 33], [37, 46, 38, 41, 42, 47, 53, 61, 56, 45, 49, 54, 60, 48, 55, 52, 57, 62, 58, 63, 64, 75], [66, 69, 67, 65, 76, 68, 71, 74, 73, 72, 77, 78, 79, 80, 83, 85, 81, 87, 82, 84, 86, 88]]
116: [[70, 23, 1, 43, 12, 22, 13, 36, 2, 4, 3, 14, 15, 5, 6, 25, 29, 7, 24, 28, 31, 16], [11, 9, 10, 51, 50, 8, 19, 17, 18, 59, 20, 21, 27, 26, 30, 44, 39, 35, 32, 34, 40, 33], [37, 46, 38, 41, 42, 47, 53, 61, 56, 45, 49, 54, 60, 48, 55, 52, 57, 62, 58, 63, 64, 75], [66, 69, 67, 65, 76, 68, 71, 74, 73, 72, 77, 78, 79, 80, 83, 85, 81, 87, 82, 84, 86, 88]]
117: [[70, 23, 1, 43, 12, 22, 13, 36, 2, 4, 3, 14, 15, 5, 6, 25, 29, 7, 24, 28, 31, 16], [11, 9, 10, 51, 50, 8, 19, 17, 18, 59, 20, 21, 27, 26, 30, 44, 39, 35, 32, 34, 40, 33], [37, 46, 38, 41, 42, 47, 53, 61, 56, 45, 49, 54, 60, 48, 55, 52, 57, 62, 58, 63, 64, 75], [66, 69, 67, 65, 76, 68, 71, 74, 73, 72, 77, 78, 79, 80, 83, 85, 81, 87, 82, 84, 86, 88]]
118: [[70, 23, 1, 43, 12, 22, 13, 36, 2, 4, 3, 14, 15, 5, 6, 25, 29, 7, 24, 28, 31, 16], [11, 9, 10, 51, 50, 8, 19, 17, 18, 59, 20, 21, 27, 26, 30, 44, 39, 35, 32, 34, 40, 33], [37, 46, 38, 41, 42, 47, 53, 61, 56, 45, 49, 54, 60, 48, 55, 52, 57, 62, 58, 63, 64, 75], [66, 69, 67, 65, 76, 68, 71, 74, 73, 72, 77, 78, 79, 80, 83, 85, 81, 87, 82, 84, 86, 88]]
119: [[70, 23, 1, 43, 12, 22, 13, 36, 2, 4, 3, 14, 15, 5, 6, 25, 29, 7, 24, 28, 31, 16], [11, 9, 10, 51, 50, 8, 19, 17, 18, 59, 20, 21, 27, 26, 30, 44, 39, 35, 32, 34, 40, 33], [37, 46, 38, 41, 42, 47, 53, 61, 56, 45, 49, 54, 60, 48, 55, 52, 57, 62, 58, 63, 64, 75], [66, 69, 67, 65, 76, 68, 71, 74, 73, 72, 77, 78, 79, 80, 83, 85, 81, 87, 82, 84, 86, 88]]
120: [[70, 23, 1, 43, 12, 22, 13, 36, 2, 4, 3, 14, 15, 5, 6, 25, 29, 7, 24, 28, 31, 16], [11, 9, 10, 51, 50, 8, 19, 17, 18, 59, 20, 21, 27, 26, 30, 44, 39, 35, 32, 34, 40, 33], [37, 46, 38, 41, 42, 47, 53, 61, 56, 45, 49, 54, 60, 48, 55, 52, 57, 62, 58, 63, 64, 75], [66, 69, 67, 65, 76, 68, 71, 74, 73, 72, 77, 78, 79, 80, 83, 85, 81, 87, 82, 84, 86, 88]]
121: [[70, 23, 1, 43, 12, 22, 13, 36, 2, 4, 3, 14, 15, 5, 6, 25, 29, 7, 24, 28, 31, 16], [11, 9, 10, 51, 50, 8, 19, 17, 18, 59, 20, 21, 27, 26, 30, 44, 39, 35, 32, 34, 40, 33], [37, 46, 38, 41, 42, 47, 53, 61, 56, 45, 49, 54, 60, 48, 55, 52, 57, 62, 58, 63, 64, 75], [66, 69, 67, 65, 76, 68, 71, 74, 73, 72, 77, 78, 79, 80, 83, 85, 81, 87, 82, 84, 86, 88]]
122: [[70, 23, 1, 43, 12, 22, 13, 36, 2, 4, 3, 14, 15, 5, 6, 25, 29, 7, 24, 28, 31, 16], [11, 9, 10, 51, 50, 8, 19, 17, 18, 59, 20, 21, 27, 26, 30, 44, 39, 35, 32, 34, 40, 33], [37, 46, 38, 41, 42, 47, 53, 61, 56, 45, 49, 54, 60, 48, 55, 52, 57, 62, 58, 63, 64, 75], [66, 69, 67, 65, 76, 68, 71, 74, 73, 72, 77, 78, 79, 80, 83, 85, 81, 87, 82, 84, 86, 88]]
123: [[70, 23, 1, 43, 12, 22, 13, 36, 2, 4, 3, 14, 15, 5, 6, 25, 29, 7, 24, 28, 31, 16], [11, 9, 10, 51, 50, 8, 19, 17, 18, 59, 20, 21, 27, 26, 30, 44, 39, 35, 32, 34, 40, 33], [37, 46, 38, 41, 42, 47, 53, 61, 56, 45, 49, 54, 60, 48, 55, 52, 57, 62, 58, 63, 64, 75], [66, 69, 67, 65, 76, 68, 71, 74, 73, 72, 77, 78, 79, 80, 83, 85, 81, 87, 82, 84, 86, 88]]
124: [[70, 23, 1, 43, 12, 22, 13, 36, 2, 4, 3, 14, 15, 5, 6, 25, 29, 7, 24, 28, 31, 16], [11, 9, 10, 51, 50, 8, 19, 17, 18, 59, 20, 21, 27, 26, 30, 44, 39, 35, 32, 34, 40, 33], [37, 46, 38, 41, 42, 47, 53, 61, 56, 45, 49, 54, 60, 48, 55, 52, 57, 62, 58, 63, 64, 75], [66, 69, 67, 65, 76, 68, 71, 74, 73, 72, 77, 78, 79, 80, 83, 85, 81, 87, 82, 84, 86, 88]]
125: [[70, 23, 1, 43, 12, 22, 13, 36, 2, 4, 3, 14, 15, 5, 6, 25, 29, 7, 24, 28, 31, 16], [11, 9, 10, 51, 50, 8, 19, 17, 18, 59, 20, 21, 27, 26, 30, 44, 39, 35, 32, 34, 40, 33], [37, 46, 38, 41, 42, 47, 53, 61, 56, 45, 49, 54, 60, 48, 55, 52, 57, 62, 58, 63, 64, 75], [66, 69, 67, 65, 76, 68, 71, 74, 73, 72, 77, 78, 79, 80, 83, 85, 81, 87, 82, 84, 86, 88]]
126: [[70, 23, 1, 43, 12, 22, 13, 36, 2, 4, 3, 14, 15, 5, 6, 25, 29, 7, 24, 28, 31, 16], [11, 9, 10, 51, 50, 8, 19, 17, 18, 59, 20, 21, 27, 26, 30, 44, 39, 35, 32, 34, 40, 33], [37, 46, 38, 41, 42, 47, 53, 61, 56, 45, 49, 54, 60, 48, 55, 52, 57, 62, 58, 63, 64, 75], [66, 69, 67, 65, 76, 68, 71, 74, 73, 72, 77, 78, 79, 80, 83, 85, 81, 87, 82, 84, 86, 88]]
127: [[70, 23, 1, 43, 12, 22, 13, 36, 2, 4, 3, 14, 15, 5, 6, 25, 29, 7, 24, 28, 31, 16], [11, 9, 10, 51, 50, 8, 19, 17, 18, 59, 20, 21, 27, 26, 30, 44, 39, 35, 32, 34, 40, 33], [37, 46, 38, 41, 42, 47, 53, 61, 56, 45, 49, 54, 60, 48, 55, 52, 57, 62, 58, 63, 64, 75], [66, 69, 67, 65, 76, 68, 71, 74, 73, 72, 77, 78, 79, 80, 83, 85, 81, 87, 82, 84, 86, 88]]
128: [[70, 23, 1, 43, 12, 22, 13, 36, 2, 4, 3, 14, 15, 5, 6, 25, 29, 7, 24, 28, 31, 16], [11, 9, 10, 51, 50, 8, 19, 17, 18, 59, 20, 21, 27, 26, 30, 44, 39, 35, 32, 34, 40, 33], [37, 46, 38, 41, 42, 47, 53, 61, 56, 45, 49, 54, 60, 48, 55, 52, 57, 62, 58, 63, 64, 75], [66, 69, 67, 65, 76, 68, 71, 74, 73, 72, 77, 78, 79, 80, 83, 85, 81, 87, 82, 84, 86, 88]]
129: [[70, 23, 1, 43, 12, 22, 13, 36, 2, 4, 3, 14, 15, 5, 6, 25, 29, 7, 24, 28, 31, 16], [11, 9, 10, 51, 50, 8, 19, 17, 18, 59, 20, 21, 27, 26, 30, 44, 39, 35, 32, 34, 40, 33], [37, 46, 38, 41, 42, 47, 53, 61, 56, 45, 49, 54, 60, 48, 55, 52, 57, 62, 58, 63, 64, 75], [66, 69, 67, 65, 76, 68, 71, 74, 73, 72, 77, 78, 79, 80, 83, 85, 81, 87, 82, 84, 86, 88]]
130: [[70, 23, 1, 43, 12, 22, 13, 36, 2, 4, 3, 14, 15, 5, 6, 25, 29, 7, 24, 28, 31, 16], [11, 9, 10, 51, 50, 8, 19, 17, 18, 59, 20, 21, 27, 26, 30, 44, 39, 35, 32, 34, 40, 33], [37, 46, 38, 41, 42, 47, 53, 61, 56, 45, 49, 54, 60, 48, 55, 52, 57, 62, 58, 63, 64, 75], [66, 69, 67, 65, 76, 68, 71, 74, 73, 72, 77, 78, 79, 80, 83, 85, 81, 87, 82, 84, 86, 88]]
131: [[70, 23, 1, 43, 12, 22, 13, 36, 2, 4, 3, 14, 15, 5, 6, 25, 29, 7, 24, 28, 31, 16], [11, 9, 10, 51, 50, 8, 19, 17, 18, 59, 20, 21, 27, 26, 30, 44, 39, 35, 32, 34, 40, 33], [37, 46, 38, 41, 42, 47, 53, 61, 56, 45, 49, 54, 60, 48, 55, 52, 57, 62, 58, 63, 64, 75], [66, 69, 67, 65, 76, 68, 71, 74, 73, 72, 77, 78, 79, 80, 83, 85, 81, 87, 82, 84, 86, 88]]
132: [[70, 23, 1, 43, 12, 22, 13, 36, 2, 4, 3, 14, 15, 5, 6, 25, 29, 7, 24, 28, 31, 16], [11, 9, 10, 51, 50, 8, 19, 17, 18, 59, 20, 21, 27, 26, 30, 44, 39, 35, 32, 34, 40, 33], [37, 46, 38, 41, 42, 47, 53, 61, 56, 45, 49, 54, 60, 48, 55, 52, 57, 62, 58, 63, 64, 75], [66, 69, 67, 65, 76, 68, 71, 74, 73, 72, 77, 78, 79, 80, 83, 85, 81, 87, 82, 84, 86, 88]]
133: [[70, 23, 1, 43, 12, 22, 13, 36, 2, 4, 3, 14, 15, 5, 6, 25, 29, 7, 24, 28, 31, 16], [11, 9, 10, 51, 50, 8, 19, 17, 18, 59, 20, 21, 27, 26, 30, 44, 39, 35, 32, 34, 40, 33], [37, 46, 38, 41, 42, 47, 53, 61, 56, 45, 49, 54, 60, 48, 55, 52, 57, 62, 58, 63, 64, 75], [66, 69, 67, 65, 76, 68, 71, 74, 73, 72, 77, 78, 79, 80, 83, 85, 81, 87, 82, 84, 86, 88]]
134: [[70, 23, 1, 43, 12, 22, 13, 36, 2, 4, 3, 14, 15, 5, 6, 25, 29, 7, 24, 28, 31, 16], [11, 9, 10, 51, 50, 8, 19, 17, 18, 59, 20, 21, 27, 26, 30, 44, 39, 35, 32, 34, 40, 33], [37, 46, 38, 41, 42, 47, 53, 61, 56, 45, 49, 54, 60, 48, 55, 52, 57, 62, 58, 63, 64, 75], [66, 69, 67, 65, 76, 68, 71, 74, 73, 72, 77, 78, 79, 80, 83, 85, 81, 87, 82, 84, 86, 88]]
135: [[70, 23, 1, 43, 12, 22, 13, 36, 2, 4, 3, 14, 15, 5, 6, 25, 29, 7, 24, 28, 31, 16], [11, 9, 10, 51, 50, 8, 19, 17, 18, 59, 20, 21, 27, 26, 30, 44, 39, 35, 32, 34, 40, 33], [37, 46, 38, 41, 42, 47, 53, 61, 56, 45, 49, 54, 60, 48, 55, 52, 57, 62, 58, 63, 64, 75], [66, 69, 67, 65, 76, 68, 71, 74, 73, 72, 77, 78, 79, 80, 83, 85, 81, 87, 82, 84, 86, 88]]
136: [[70, 23, 1, 43, 12, 22, 13, 36, 2, 4, 3, 14, 15, 5, 6, 25, 29, 7, 24, 28, 31, 16], [11, 9, 10, 51, 50, 8, 19, 17, 18, 59, 20, 21, 27, 26, 30, 44, 39, 35, 32, 34, 40, 33], [37, 46, 38, 41, 42, 47, 53, 61, 56, 45, 49, 54, 60, 48, 55, 52, 57, 62, 58, 63, 64, 75], [66, 69, 67, 65, 76, 68, 71, 74, 73, 72, 77, 78, 79, 80, 83, 85, 81, 87, 82, 84, 86, 88]]
137: [[70, 23, 1, 43, 12, 22, 13, 36, 2, 4, 3, 14, 15, 5, 6, 25, 29, 7, 24, 28, 31, 16], [11, 9, 10, 51, 50, 8, 19, 17, 18, 59, 20, 21, 27, 26, 30, 44, 39, 35, 32, 34, 40, 33], [37, 46, 38, 41, 42, 47, 53, 61, 56, 45, 49, 54, 60, 48, 55, 52, 57, 62, 58, 63, 64, 75], [66, 69, 67, 65, 76, 68, 71, 74, 73, 72, 77, 78, 79, 80, 83, 85, 81, 87, 82, 84, 86, 88]]
138: [[70, 23, 1, 43, 12, 22, 13, 36, 2, 4, 3, 14, 15, 5, 6, 25, 29, 7, 24, 28, 31, 16], [11, 9, 10, 51, 50, 8, 19, 17, 18, 59, 20, 21, 27, 26, 30, 44, 39, 35, 32, 34, 40, 33], [37, 46, 38, 41, 42, 47, 53, 61, 56, 45, 49, 54, 60, 48, 55, 52, 57, 62, 58, 63, 64, 75], [66, 69, 67, 65, 76, 68, 71, 74, 73, 72, 77, 78, 79, 80, 83, 85, 81, 87, 82, 84, 86, 88]]
139: [[70, 23, 1, 43, 12, 22, 13, 36, 2, 4, 3, 14, 15, 5, 6, 25, 29, 7, 24, 28, 31, 16], [11, 9, 10, 51, 50, 8, 19, 17, 18, 59, 20, 21, 27, 26, 30, 44, 39, 35, 32, 34, 40, 33], [37, 46, 38, 41, 42, 47, 53, 61, 56, 45, 49, 54, 60, 48, 55, 52, 57, 62, 58, 63, 64, 75], [66, 69, 67, 65, 76, 68, 71, 74, 73, 72, 77, 78, 79, 80, 83, 85, 81, 87, 82, 84, 86, 88]]
140: [[70, 23, 1, 43, 12, 22, 13, 36, 2, 4, 3, 14, 15, 5, 6, 25, 29, 7, 24, 28, 31, 16], [11, 9, 10, 51, 50, 8, 19, 17, 18, 59, 20, 21, 27, 26, 30, 44, 39, 35, 32, 34, 40, 33], [37, 46, 38, 41, 42, 47, 53, 61, 56, 45, 49, 54, 60, 48, 55, 52, 57, 62, 58, 63, 64, 75], [66, 69, 67, 65, 76, 68, 71, 74, 73, 72, 77, 78, 79, 80, 83, 85, 81, 87, 82, 84, 86, 88]]
141: [[70, 23, 1, 43, 12, 22, 13, 36, 2, 4, 3, 14, 15, 5, 6, 25, 29, 7, 24, 28, 31, 16], [11, 9, 10, 51, 50, 8, 19, 17, 18, 59, 20, 21, 27, 26, 30, 44, 39, 35, 32, 34, 40, 33], [37, 46, 38, 41, 42, 47, 53, 61, 56, 45, 49, 54, 60, 48, 55, 52, 57, 62, 58, 63, 64, 75], [66, 69, 67, 65, 76, 68, 71, 74, 73, 72, 77, 78, 79, 80, 83, 85, 81, 87, 82, 84, 86, 88]]
142: [[70, 23, 1, 43, 12, 22, 13, 36, 2, 4, 3, 14, 15, 5, 6, 25, 29, 7, 24, 28, 31, 16], [11, 9, 10, 51, 50, 8, 19, 17, 18, 59, 20, 21, 27, 26, 30, 44, 39, 35, 32, 34, 40, 33], [37, 46, 38, 41, 42, 47, 53, 61, 56, 45, 49, 54, 60, 48, 55, 52, 57, 62, 58, 63, 64, 75], [66, 69, 67, 65, 76, 68, 71, 74, 73, 72, 77, 78, 79, 80, 83, 85, 81, 87, 82, 84, 86, 88]]
143: [[70, 23, 1, 43, 12, 22, 13, 36, 2, 4, 3, 14, 15, 5, 6, 25, 29, 7, 24, 28, 31, 16], [11, 9, 10, 51, 50, 8, 19, 17, 18, 59, 20, 21, 27, 26, 30, 44, 39, 35, 32, 34, 40, 33], [37, 46, 38, 41, 42, 47, 53, 61, 56, 45, 49, 54, 60, 48, 55, 52, 57, 62, 58, 63, 64, 75], [66, 69, 67, 65, 76, 68, 71, 74, 73, 72, 77, 78, 79, 80, 83, 85, 81, 87, 82, 84, 86, 88]]
144: [[70, 23, 1, 43, 12, 22, 13, 36, 2, 4, 3, 14, 15, 5, 6, 25, 29, 7, 24, 28, 31, 16], [11, 9, 10, 51, 50, 8, 19, 17, 18, 59, 20, 21, 27, 26, 30, 44, 39, 35, 32, 34, 40, 33], [37, 46, 38, 41, 42, 47, 53, 61, 56, 45, 49, 54, 60, 48, 55, 52, 57, 62, 58, 63, 64, 75], [66, 69, 67, 65, 76, 68, 71, 74, 73, 72, 77, 78, 79, 80, 83, 85, 81, 87, 82, 84, 86, 88]]
145: [[70, 23, 1, 43, 12, 22, 13, 36, 2, 4, 3, 14, 15, 5, 6, 25, 29, 7, 24, 28, 31, 16], [11, 9, 10, 51, 50, 8, 19, 17, 18, 59, 20, 21, 27, 26, 30, 44, 39, 35, 32, 34, 40, 33], [37, 46, 38, 41, 42, 47, 53, 61, 56, 45, 49, 54, 60, 48, 55, 52, 57, 62, 58, 63, 64, 75], [66, 69, 67, 65, 76, 68, 71, 74, 73, 72, 77, 78, 79, 80, 83, 85, 81, 87, 82, 84, 86, 88]]
146: [[70, 23, 1, 43, 12, 22, 13, 36, 2, 4, 3, 14, 15, 5, 6, 25, 29, 7, 24, 28, 31, 16], [11, 9, 10, 51, 50, 8, 19, 17, 18, 59, 20, 21, 27, 26, 30, 44, 39, 35, 32, 34, 40, 33], [37, 46, 38, 41, 42, 47, 53, 61, 56, 45, 49, 54, 60, 48, 55, 52, 57, 62, 58, 63, 64, 75], [66, 69, 67, 65, 76, 68, 71, 74, 73, 72, 77, 78, 79, 80, 83, 85, 81, 87, 82, 84, 86, 88]]
147: [[70, 23, 1, 43, 12, 22, 13, 36, 2, 4, 3, 14, 15, 5, 6, 25, 29, 7, 24, 28, 31, 16], [11, 9, 10, 51, 50, 8, 19, 17, 18, 59, 20, 21, 27, 26, 30, 44, 39, 35, 32, 34, 40, 33], [37, 46, 38, 41, 42, 47, 53, 61, 56, 45, 49, 54, 60, 48, 55, 52, 57, 62, 58, 63, 64, 75], [66, 69, 67, 65, 76, 68, 71, 74, 73, 72, 77, 78, 79, 80, 83, 85, 81, 87, 82, 84, 86, 88]]
148: [[70, 23, 1, 43, 12, 22, 13, 36, 2, 4, 3, 14, 15, 5, 6, 25, 29, 7, 24, 28, 31, 16], [11, 9, 10, 51, 50, 8, 19, 17, 18, 59, 20, 21, 27, 26, 30, 44, 39, 35, 32, 34, 40, 33], [37, 46, 38, 41, 42, 47, 53, 61, 56, 45, 49, 54, 60, 48, 55, 52, 57, 62, 58, 63, 64, 75], [66, 69, 67, 65, 76, 68, 71, 74, 73, 72, 77, 78, 79, 80, 83, 85, 81, 87, 82, 84, 86, 88]]
149: [[70, 23, 1, 43, 12, 22, 13, 36, 2, 4, 3, 14, 15, 5, 6, 25, 29, 7, 24, 28, 31, 16], [11, 9, 10, 51, 50, 8, 19, 17, 18, 59, 20, 21, 27, 26, 30, 44, 39, 35, 32, 34, 40, 33], [37, 46, 38, 41, 42, 47, 53, 61, 56, 45, 49, 54, 60, 48, 55, 52, 57, 62, 58, 63, 64, 75], [66, 69, 67, 65, 76, 68, 71, 74, 73, 72, 77, 78, 79, 80, 83, 85, 81, 87, 82, 84, 86, 88]]
150: [[70, 23, 1, 43, 12, 22, 13, 36, 2, 4, 3, 14, 15, 5, 6, 25, 29, 7, 24, 28, 31, 16], [11, 9, 10, 51, 50, 8, 19, 17, 18, 59, 20, 21, 27, 26, 30, 44, 39, 35, 32, 34, 40, 33], [37, 46, 38, 41, 42, 47, 53, 61, 56, 45, 49, 54, 60, 48, 55, 52, 57, 62, 58, 63, 64, 75], [66, 69, 67, 65, 76, 68, 71, 74, 73, 72, 77, 78, 79, 80, 83, 85, 81, 87, 82, 84, 86, 88]]
151: [[70, 23, 1, 43, 12, 22, 13, 36, 2, 4, 3, 14, 15, 5, 6, 25, 29, 7, 24, 28, 31, 16], [11, 9, 10, 51, 50, 8, 19, 17, 18, 59, 20, 21, 27, 26, 30, 44, 39, 35, 32, 34, 40, 33], [37, 46, 38, 41, 42, 47, 53, 61, 56, 45, 49, 54, 60, 48, 55, 52, 57, 62, 58, 63, 64, 75], [66, 69, 67, 65, 76, 68, 71, 74, 73, 72, 77, 78, 79, 80, 83, 85, 81, 87, 82, 84, 86, 88]]
152: [[70, 23, 1, 43, 12, 22, 13, 36, 2, 4, 3, 14, 15, 5, 6, 25, 29, 7, 24, 28, 31, 16], [11, 9, 10, 51, 50, 8, 19, 17, 18, 59, 20, 21, 27, 26, 30, 44, 39, 35, 32, 34, 40, 33], [37, 46, 38, 41, 42, 47, 53, 61, 56, 45, 49, 54, 60, 48, 55, 52, 57, 62, 58, 63, 64, 75], [66, 69, 67, 65, 76, 68, 71, 74, 73, 72, 77, 78, 79, 80, 83, 85, 81, 87, 82, 84, 86, 88]]
153: [[70, 23, 1, 43, 12, 22, 13, 36, 2, 4, 3, 14, 15, 5, 6, 25, 29, 7, 24, 28, 31, 16], [11, 9, 10, 51, 50, 8, 19, 17, 18, 59, 20, 21, 27, 26, 30, 44, 39, 35, 32, 34, 40, 33], [37, 46, 38, 41, 42, 47, 53, 61, 56, 45, 49, 54, 60, 48, 55, 52, 57, 62, 58, 63, 64, 75], [66, 69, 67, 65, 76, 68, 71, 74, 73, 72, 77, 78, 79, 80, 83, 85, 81, 87, 82, 84, 86, 88]]
154: [[70, 23, 1, 43, 12, 22, 13, 36, 2, 4, 3, 14, 15, 5, 6, 25, 29, 7, 24, 28, 31, 16], [11, 9, 10, 51, 50, 8, 19, 17, 18, 59, 20, 21, 27, 26, 30, 44, 39, 35, 32, 34, 40, 33], [37, 46, 38, 41, 42, 47, 53, 61, 56, 45, 49, 54, 60, 48, 55, 52, 57, 62, 58, 63, 64, 75], [66, 69, 67, 65, 76, 68, 71, 74, 73, 72, 77, 78, 79, 80, 83, 85, 81, 87, 82, 84, 86, 88]]
155: [[70, 23, 1, 43, 12, 22, 13, 36, 2, 4, 3, 14, 15, 5, 6, 25, 29, 7, 24, 28, 31, 16], [11, 9, 10, 51, 50, 8, 19, 17, 18, 59, 20, 21, 27, 26, 30, 44, 39, 35, 32, 34, 40, 33], [37, 46, 38, 41, 42, 47, 53, 61, 56, 45, 49, 54, 60, 48, 55, 52, 57, 62, 58, 63, 64, 75], [66, 69, 67, 65, 76, 68, 71, 74, 73, 72, 77, 78, 79, 80, 83, 85, 81, 87, 82, 84, 86, 88]]
156: [[70, 23, 1, 43, 12, 22, 13, 36, 2, 4, 3, 14, 15, 5, 6, 25, 29, 7, 24, 28, 31, 16], [11, 9, 10, 51, 50, 8, 19, 17, 18, 59, 20, 21, 27, 26, 30, 44, 39, 35, 32, 34, 40, 33], [37, 46, 38, 41, 42, 47, 53, 61, 56, 45, 49, 54, 60, 48, 55, 52, 57, 62, 58, 63, 64, 75], [66, 69, 67, 65, 76, 68, 71, 74, 73, 72, 77, 78, 79, 80, 83, 85, 81, 87, 82, 84, 86, 88]]
157: [[70, 23, 1, 43, 12, 22, 13, 36, 2, 4, 3, 14, 15, 5, 6, 25, 29, 7, 24, 28, 31, 16], [11, 9, 10, 51, 50, 8, 19, 17, 18, 59, 20, 21, 27, 26, 30, 44, 39, 35, 32, 34, 40, 33], [37, 46, 38, 41, 42, 47, 53, 61, 56, 45, 49, 54, 60, 48, 55, 52, 57, 62, 58, 63, 64, 75], [66, 69, 67, 65, 76, 68, 71, 74, 73, 72, 77, 78, 79, 80, 83, 85, 81, 87, 82, 84, 86, 88]]
158: [[70, 23, 1, 43, 12, 22, 13, 36, 2, 4, 3, 14, 15, 5, 6, 25, 29, 7, 24, 28, 31, 16], [11, 9, 10, 51, 50, 8, 19, 17, 18, 59, 20, 21, 27, 26, 30, 44, 39, 35, 32, 34, 40, 33], [37, 46, 38, 41, 42, 47, 53, 61, 56, 45, 49, 54, 60, 48, 55, 52, 57, 62, 58, 63, 64, 75], [66, 69, 67, 65, 76, 68, 71, 74, 73, 72, 77, 78, 79, 80, 83, 85, 81, 87, 82, 84, 86, 88]]
159: [[70, 23, 1, 43, 12, 22, 13, 36, 2, 4, 3, 14, 15, 5, 6, 25, 29, 7, 24, 28, 31, 16], [11, 9, 10, 51, 50, 8, 19, 17, 18, 59, 20, 21, 27, 26, 30, 44, 39, 35, 32, 34, 40, 33], [37, 46, 38, 41, 42, 47, 53, 61, 56, 45, 49, 54, 60, 48, 55, 52, 57, 62, 58, 63, 64, 75], [66, 69, 67, 65, 76, 68, 71, 74, 73, 72, 77, 78, 79, 80, 83, 85, 81, 87, 82, 84, 86, 88]]
160: [[70, 23, 1, 43, 12, 22, 13, 36, 2, 4, 3, 14, 15, 5, 6, 25, 29, 7, 24, 28, 31, 16], [11, 9, 10, 51, 50, 8, 19, 17, 18, 59, 20, 21, 27, 26, 30, 44, 39, 35, 32, 34, 40, 33], [37, 46, 38, 41, 42, 47, 53, 61, 56, 45, 49, 54, 60, 48, 55, 52, 57, 62, 58, 63, 64, 75], [66, 69, 67, 65, 76, 68, 71, 74, 73, 72, 77, 78, 79, 80, 83, 85, 81, 87, 82, 84, 86, 88]]
161: [[70, 23, 1, 43, 12, 22, 13, 36, 2, 4, 3, 14, 15, 5, 6, 25, 29, 7, 24, 28, 31, 16], [11, 9, 10, 51, 50, 8, 19, 17, 18, 59, 20, 21, 27, 26, 30, 44, 39, 35, 32, 34, 40, 33], [37, 46, 38, 41, 42, 47, 53, 61, 56, 45, 49, 54, 60, 48, 55, 52, 57, 62, 58, 63, 64, 75], [66, 69, 67, 65, 76, 68, 71, 74, 73, 72, 77, 78, 79, 80, 83, 85, 81, 87, 82, 84, 86, 88]]
162: [[70, 23, 1, 43, 12, 22, 13, 36, 2, 4, 3, 14, 15, 5, 6, 25, 29, 7, 24, 28, 31, 16], [11, 9, 10, 51, 50, 8, 19, 17, 18, 59, 20, 21, 27, 26, 30, 44, 39, 35, 32, 34, 40, 33], [37, 46, 38, 41, 42, 47, 53, 61, 56, 45, 49, 54, 60, 48, 55, 52, 57, 62, 58, 63, 64, 75], [66, 69, 67, 65, 76, 68, 71, 74, 73, 72, 77, 78, 79, 80, 83, 85, 81, 87, 82, 84, 86, 88]]
163: [[70, 23, 1, 43, 12, 22, 13, 36, 2, 4, 3, 14, 15, 5, 6, 25, 29, 7, 24, 28, 31, 16], [11, 9, 10, 51, 50, 8, 19, 17, 18, 59, 20, 21, 27, 26, 30, 44, 39, 35, 32, 34, 40, 33], [37, 46, 38, 41, 42, 47, 53, 61, 56, 45, 49, 54, 60, 48, 55, 52, 57, 62, 58, 63, 64, 75], [66, 69, 67, 65, 76, 68, 71, 74, 73, 72, 77, 78, 79, 80, 83, 85, 81, 87, 82, 84, 86, 88]]
164: [[70, 23, 1, 43, 12, 22, 13, 36, 2, 4, 3, 14, 15, 5, 6, 25, 29, 7, 24, 28, 31, 16], [11, 9, 10, 51, 50, 8, 19, 17, 18, 59, 20, 21, 27, 26, 30, 44, 39, 35, 32, 34, 40, 33], [37, 46, 38, 41, 42, 47, 53, 61, 56, 45, 49, 54, 60, 48, 55, 52, 57, 62, 58, 63, 64, 75], [66, 69, 67, 65, 76, 68, 71, 74, 73, 72, 77, 78, 79, 80, 83, 85, 81, 87, 82, 84, 86, 88]]
165: [[70, 23, 1, 43, 12, 22, 13, 36, 2, 4, 3, 14, 15, 5, 6, 25, 29, 7, 24, 28, 31, 16], [11, 9, 10, 51, 50, 8, 19, 17, 18, 59, 20, 21, 27, 26, 30, 44, 39, 35, 32, 34, 40, 33], [37, 46, 38, 41, 42, 47, 53, 61, 56, 45, 49, 54, 60, 48, 55, 52, 57, 62, 58, 63, 64, 75], [66, 69, 67, 65, 76, 68, 71, 74, 73, 72, 77, 78, 79, 80, 83, 85, 81, 87, 82, 84, 86, 88]]
166: [[70, 23, 1, 43, 12, 22, 13, 36, 2, 4, 3, 14, 15, 5, 6, 25, 29, 7, 24, 28, 31, 16], [11, 9, 10, 51, 50, 8, 19, 17, 18, 59, 20, 21, 27, 26, 30, 44, 39, 35, 32, 34, 40, 33], [37, 46, 38, 41, 42, 47, 53, 61, 56, 45, 49, 54, 60, 48, 55, 52, 57, 62, 58, 63, 64, 75], [66, 69, 67, 65, 76, 68, 71, 74, 73, 72, 77, 78, 79, 80, 83, 85, 81, 87, 82, 84, 86, 88]]
167: [[70, 23, 1, 43, 12, 22, 13, 36, 2, 4, 3, 14, 15, 5, 6, 25, 29, 7, 24, 28, 31, 16], [11, 9, 10, 51, 50, 8, 19, 17, 18, 59, 20, 21, 27, 26, 30, 44, 39, 35, 32, 34, 40, 33], [37, 46, 38, 41, 42, 47, 53, 61, 56, 45, 49, 54, 60, 48, 55, 52, 57, 62, 58, 63, 64, 75], [66, 69, 67, 65, 76, 68, 71, 74, 73, 72, 77, 78, 79, 80, 83, 85, 81, 87, 82, 84, 86, 88]]
168: [[70, 23, 1, 43, 12, 22, 13, 36, 2, 4, 3, 14, 15, 5, 6, 25, 29, 7, 24, 28, 31, 16], [11, 9, 10, 51, 50, 8, 19, 17, 18, 59, 20, 21, 27, 26, 30, 44, 39, 35, 32, 34, 40, 33], [37, 46, 38, 41, 42, 47, 53, 61, 56, 45, 49, 54, 60, 48, 55, 52, 57, 62, 58, 63, 64, 75], [66, 69, 67, 65, 76, 68, 71, 74, 73, 72, 77, 78, 79, 80, 83, 85, 81, 87, 82, 84, 86, 88]]
169: [[70, 23, 1, 43, 12, 22, 13, 36, 2, 4, 3, 14, 15, 5, 6, 25, 29, 7, 24, 28, 31, 16], [11, 9, 10, 51, 50, 8, 19, 17, 18, 59, 20, 21, 27, 26, 30, 44, 39, 35, 32, 34, 40, 33], [37, 46, 38, 41, 42, 47, 53, 61, 56, 45, 49, 54, 60, 48, 55, 52, 57, 62, 58, 63, 64, 75], [66, 69, 67, 65, 76, 68, 71, 74, 73, 72, 77, 78, 79, 80, 83, 85, 81, 87, 82, 84, 86, 88]]
170: [[70, 23, 1, 43, 12, 22, 13, 36, 2, 4, 3, 14, 15, 5, 6, 25, 29, 7, 24, 28, 31, 16], [11, 9, 10, 51, 50, 8, 19, 17, 18, 59, 20, 21, 27, 26, 30, 44, 39, 35, 32, 34, 40, 33], [37, 46, 38, 41, 42, 47, 53, 61, 56, 45, 49, 54, 60, 48, 55, 52, 57, 62, 58, 63, 64, 75], [66, 69, 67, 65, 76, 68, 71, 74, 73, 72, 77, 78, 79, 80, 83, 85, 81, 87, 82, 84, 86, 88]]
171: [[70, 23, 1, 43, 12, 22, 13, 36, 2, 4, 3, 14, 15, 5, 6, 25, 29, 7, 24, 28, 31, 16], [11, 9, 10, 51, 50, 8, 19, 17, 18, 59, 20, 21, 27, 26, 30, 44, 39, 35, 32, 34, 40, 33], [37, 46, 38, 41, 42, 47, 53, 61, 56, 45, 49, 54, 60, 48, 55, 52, 57, 62, 58, 63, 64, 75], [66, 69, 67, 65, 76, 68, 71, 74, 73, 72, 77, 78, 79, 80, 83, 85, 81, 87, 82, 84, 86, 88]]
172: [[70, 23, 1, 43, 12, 22, 13, 36, 2, 4, 3, 14, 15, 5, 6, 25, 29, 7, 24, 28, 31, 16], [11, 9, 10, 51, 50, 8, 19, 17, 18, 59, 20, 21, 27, 26, 30, 44, 39, 35, 32, 34, 40, 33], [37, 46, 38, 41, 42, 47, 53, 61, 56, 45, 49, 54, 60, 48, 55, 52, 57, 62, 58, 63, 64, 75], [66, 69, 67, 65, 76, 68, 71, 74, 73, 72, 77, 78, 79, 80, 83, 85, 81, 87, 82, 84, 86, 88]]
173: [[70, 23, 1, 43, 12, 22, 13, 36, 2, 4, 3, 14, 15, 5, 6, 25, 29, 7, 24, 28, 31, 16], [11, 9, 10, 51, 50, 8, 19, 17, 18, 59, 20, 21, 27, 26, 30, 44, 39, 35, 32, 34, 40, 33], [37, 46, 38, 41, 42, 47, 53, 61, 56, 45, 49, 54, 60, 48, 55, 52, 57, 62, 58, 63, 64, 75], [66, 69, 67, 65, 76, 68, 71, 74, 73, 72, 77, 78, 79, 80, 83, 85, 81, 87, 82, 84, 86, 88]]
174: [[70, 23, 1, 43, 12, 22, 13, 36, 2, 4, 3, 14, 15, 5, 6, 25, 29, 7, 24, 28, 31, 16], [11, 9, 10, 51, 50, 8, 19, 17, 18, 59, 20, 21, 27, 26, 30, 44, 39, 35, 32, 34, 40, 33], [37, 46, 38, 41, 42, 47, 53, 61, 56, 45, 49, 54, 60, 48, 55, 52, 57, 62, 58, 63, 64, 75], [66, 69, 67, 65, 76, 68, 71, 74, 73, 72, 77, 78, 79, 80, 83, 85, 81, 87, 82, 84, 86, 88]]
175: [[70, 23, 1, 43, 12, 22, 13, 36, 2, 4, 3, 14, 15, 5, 6, 25, 29, 7, 24, 28, 31, 16], [11, 9, 10, 51, 50, 8, 19, 17, 18, 59, 20, 21, 27, 26, 30, 44, 39, 35, 32, 34, 40, 33], [37, 46, 38, 41, 42, 47, 53, 61, 56, 45, 49, 54, 60, 48, 55, 52, 57, 62, 58, 63, 64, 75], [66, 69, 67, 65, 76, 68, 71, 74, 73, 72, 77, 78, 79, 80, 83, 85, 81, 87, 82, 84, 86, 88]]
