0: [[58, 35, 33, 20, 11, 32, 27, 5, 14, 53, 12, 51, 24, 3, 7, 4, 45, 2, 25, 19], [18, 31, 8, 9, 22, 47, 10, 21, 39, 44, 28, 40, 6, 1, 34, 23, 13, 38, 17, 15], [26, 43, 16, 29, 54, 37, 30, 36, 41, 42, 52, 46, 49, 60, 56, 55, 48, 50, 57, 59]]
1: [[58, 35, 33, 20, 11, 32, 27, 5, 14, 53, 12, 51, 24, 3, 7, 4, 45, 2, 25, 19], [18, 31, 8, 9, 22, 47, 10, 21, 39, 44, 28, 40, 6, 1, 34, 23, 13, 38, 17, 15], [26, 43, 16, 29, 54, 37, 30, 36, 41, 42, 52, 46, 49, 60, 56, 55, 48, 50, 57, 59]]
2: [[58, 35, 33, 20, 11, 32, 27, 5, 14, 53, 12, 51, 24, 3, 7, 4, 45, 2, 25, 19], [18, 31, 8, 9, 22, 47, 10, 21, 39, 44, 28, 40, 6, 1, 34, 23, 13, 38, 17, 15], [26, 43, 16, 29, 54, 37, 30, 36, 41, 42, 52, 46, 49, 60, 56, 55, 48, 50, 57, 59]]
3: [[58, 35, 33, 20, 11, 32, 27, 5, 14, 53, 12, 51, 24, 3, 7, 4, 45, 2, 25, 19], [18, 31, 8, 9, 22, 47, 10, 21, 39, 44, 28, 40, 6, 1, 34, 23, 13, 38, 17, 15], [26, 43, 16, 29, 54, 37, 30, 36, 41, 42, 52, 46, 49, 60, 56, 55, 48, 50, 57, 59]]
4: [[58, 35, 33, 20, 11, 32, 27, 5, 14, 53, 12, 51, 24, 3, 7, 4, 45, 2, 25, 19], [18, 31, 8, 9, 22, 47, 10, 21, 39, 44, 28, 40, 6, 1, 34, 23, 13, 38, 17, 15], [26, 43, 16, 29, 54, 37, 30, 36, 41, 42, 52, 46, 49, 60, 56, 55, 48, 50, 57, 59]]
5: [[58, 35, 33, 20, 11, 32, 27, 5, 14, 53, 12, 51, 24, 3, 7, 4, 45, 2, 25, 19], [18, 31, 8, 9, 22, 47, 10, 21, 39, 44, 28, 40, 6, 1, 34, 23, 13, 38, 17, 15], [26, 43, 16, 29, 54, 37, 30, 36, 41, 42, 52, 46, 49, 60, 56, 55, 48, 50, 57, 59]]
6: [[58, 35, 33, 20, 11, 32, 27, 5, 14, 53, 12, 51, 24, 3, 7, 4, 45, 2, 25, 19], [18, 31, 8, 9, 22, 47, 10, 21, 39, 44, 28, 40, 6, 1, 34, 23, 13, 38, 17, 15], [26, 43, 16, 29, 54, 37, 30, 36, 41, 42, 52, 46, 49, 60, 56, 55, 48, 50, 57, 59]]
7: [[58, 35, 33, 20, 11, 32, 27, 5, 14, 53, 12, 51, 24, 3, 7, 4, 45, 2, 25, 19], [18, 31, 8, 9, 22, 47, 10, 21, 39, 44, 28, 40, 6, 1, 34, 23, 13, 38, 17, 15], [26, 43, 16, 29, 54, 37, 30, 36, 41, 42, 52, 46, 49, 60, 56, 55, 48, 50, 57, 59]]
8: [[58, 35, 33, 20, 11, 32, 27, 5, 14, 53, 12, 51, 24, 3, 7, 4, 45, 2, 25, 19], [18, 31, 8, 9, 22, 47, 10, 21, 39, 44, 28, 40, 6, 1, 34, 23, 13, 38, 17, 15], [26, 43, 16, 29, 54, 37, 30, 36, 41, 42, 52, 46, 49, 60, 56, 55, 48, 50, 57, 59]]
9: [[58, 35, 33, 20, 11, 32, 27, 5, 14, 53, 12, 51, 24, 3, 7, 4, 45, 2, 25, 19], [18, 31, 8, 9, 22, 47, 10, 21, 39, 44, 28, 40, 6, 1, 34, 23, 13, 38, 17, 15], [26, 43, 16, 29, 54, 37, 30, 36, 41, 42, 52, 46, 49, 60, 56, 55, 48, 50, 57, 59]]
10: [[58, 35, 33, 20, 11, 32, 27, 5, 14, 53, 12, 51, 24, 3, 7, 4, 45, 2, 25, 19], [18, 31, 8, 9, 22, 47, 10, 21, 39, 44, 28, 40, 6, 1, 34, 23, 13, 38, 17, 15], [26, 43, 16, 29, 54, 37, 30, 36, 41, 42, 52, 46, 49, 60, 56, 55, 48, 50, 57, 59]]
11: [[58, 35, 33, 20, 11, 32, 27, 5, 14, 53, 12, 51, 24, 3, 7, 4, 45, 2, 25, 19], [18, 31, 8, 9, 22, 47, 10, 21, 39, 44, 28, 40, 6, 1, 34, 23, 13, 38, 17, 15], [26, 43, 16, 29, 54, 37, 30, 36, 41, 42, 52, 46, 49, 60, 56, 55, 48, 50, 57, 59]]
12: [[58, 35, 33, 20, 11, 32, 27, 5, 14, 53, 12, 51, 24, 3, 7, 4, 45, 2, 25, 19], [18, 31, 8, 9, 22, 47, 10, 21, 39, 44, 28, 40, 6, 1, 34, 23, 13, 38, 17, 15], [26, 43, 16, 29, 54, 37, 30, 36, 41, 42, 52, 46, 49, 60, 56, 55, 48, 50, 57, 59]]
13: [[58, 35, 33, 20, 11, 32, 27, 5, 14, 53, 12, 51, 24, 3, 7, 4, 45, 2, 25, 19], [18, 31, 8, 9, 22, 47, 10, 21, 39, 44, 28, 40, 6, 1, 34, 23, 13, 38, 17, 15], [26, 43, 16, 29, 54, 37, 30, 36, 41, 42, 52, 46, 49, 60, 56, 55, 48, 50, 57, 59]]
14: [[58, 35, 33, 20, 11, 32, 27, 5, 14, 53, 12, 51, 24, 3, 7, 4, 45, 2, 25, 19], [18, 31, 8, 9, 22, 47, 10, 21, 39, 44, 28, 40, 6, 1, 34, 23, 13, 38, 17, 15], [26, 43, 16, 29, 54, 37, 30, 36, 41, 42, 52, 46, 49, 60, 56, 55, 48, 50, 57, 59]]
15: [[58, 35, 33, 20, 11, 32, 27, 5, 14, 53, 12, 51, 24, 3, 7, 4, 45, 2, 25, 19], [18, 31, 8, 9, 22, 47, 10, 21, 39, 44, 28, 40, 6, 1, 34, 23, 13, 38, 17, 15], [26, 43, 16, 29, 54, 37, 30, 36, 41, 42, 52, 46, 49, 60, 56, 55, 48, 50, 57, 59]]
16: [[58, 35, 33, 20, 11, 32, 27, 5, 14, 53, 12, 51, 24, 3, 7, 4, 45, 2, 25, 19], [18, 31, 8, 9, 22, 47, 10, 21, 39, 44, 28, 40, 6, 1, 34, 23, 13, 38, 17, 15], [26, 43, 16, 29, 54, 37, 30, 36, 41, 42, 52, 46, 49, 60, 56, 55, 48, 50, 57, 59]]
17: [[58, 35, 33, 20, 11, 32, 27, 5, 14, 53, 12, 51, 24, 3, 7, 4, 45, 2, 25, 19], [18, 31, 8, 9, 22, 47, 10, 21, 39, 44, 28, 40, 6, 1, 34, 23, 13, 38, 17, 15], [26, 43, 16, 29, 54, 37, 30, 36, 41, 42, 52, 46, 49, 60, 56, 55, 48, 50, 57, 59]]
18: [[58, 35, 33, 20, 11, 32, 27, 5, 14, 53, 12, 51, 24, 3, 7, 4, 45, 2, 25, 19], [18, 31, 8, 9, 22, 47, 10, 21, 39, 44, 28, 40, 6, 1, 34, 23, 13, 38, 17, 15], [26, 43, 16, 29, 54, 37, 30, 36, 41, 42, 52, 46, 49, 60, 56, 55, 48, 50, 57, 59]]
19: [[58, 35, 33, 20, 11, 32, 27, 5, 14, 53, 12, 51, 24, 3, 7, 4, 45, 2, 25, 19], [18, 31, 8, 9, 22, 47, 10, 21, 39, 44, 28, 40, 6, 1, 34, 23, 13, 38, 17, 15], [26, 43, 16, 29, 54, 37, 30, 36, 41, 42, 52, 46, 49, 60, 56, 55, 48, 50, 57, 59]]
20: [[58, 35, 33, 20, 11, 32, 27, 5, 14, 53, 12, 51, 24, 3, 7, 4, 45, 2, 25, 19], [18, 31, 8, 9, 22, 47, 10, 21, 39, 44, 28, 40, 6, 1, 34, 23, 13, 38, 17, 15], [26, 43, 16, 29, 54, 37, 30, 36, 41, 42, 52, 46, 49, 60, 56, 55, 48, 50, 57, 59]]
21: [[58, 35, 33, 20, 11, 32, 27, 5, 14, 53, 12, 51, 24, 3, 7, 4, 45, 2, 25, 19], [18, 31, 8, 9, 22, 47, 10, 21, 39, 44, 28, 40, 6, 1, 34, 23, 13, 38, 17, 15], [26, 43, 16, 29, 54, 37, 30, 36, 41, 42, 52, 46, 49, 60, 56, 55, 48, 50, 57, 59]]
22: [[58, 35, 33, 20, 11, 32, 27, 5, 14, 53, 12, 51, 24, 3, 7, 4, 45, 2, 25, 19], [18, 31, 8, 9, 22, 47, 10, 21, 39, 44, 28, 40, 6, 1, 34, 23, 13, 38, 17, 15], [26, 43, 16, 29, 54, 37, 30, 36, 41, 42, 52, 46, 49, 60, 56, 55, 48, 50, 57, 59]]
23: [[58, 35, 33, 20, 11, 32, 27, 5, 14, 53, 12, 51, 24, 3, 7, 4, 45, 2, 25, 19], [18, 31, 8, 9, 22, 47, 10, 21, 39, 44, 28, 40, 6, 1, 34, 23, 13, 38, 17, 15], [26, 43, 16, 29, 54, 37, 30, 36, 41, 42, 52, 46, 49, 60, 56, 55, 48, 50, 57, 59]]
24: [[58, 35, 33, 20, 11, 32, 27, 5, 14, 53, 12, 51, 24, 3, 7, 4, 45, 2, 25, 19], [18, 31, 8, 9, 22, 47, 10, 21, 39, 44, 28, 40, 6, 1, 34, 23, 13, 38, 17, 15], [26, 43, 16, 29, 54, 37, 30, 36, 41, 42, 52, 46, 49, 60, 56, 55, 48, 50, 57, 59]]
25: [[58, 35, 33, 20, 11, 32, 27, 5, 14, 53, 12, 51, 24, 3, 7, 4, 45, 2, 25, 19], [18, 31, 8, 9, 22, 47, 10, 21, 39, 44, 28, 40, 6, 1, 34, 23, 13, 38, 17, 15], [26, 43, 16, 29, 54, 37, 30, 36, 41, 42, 52, 46, 49, 60, 56, 55, 48, 50, 57, 59]]
26: [[58, 35, 33, 20, 11, 32, 27, 5, 14, 53, 12, 51, 24, 3, 7, 4, 45, 2, 25, 19], [18, 31, 8, 9, 22, 47, 10, 21, 39, 44, 28, 40, 6, 1, 34, 23, 13, 38, 17, 15], [26, 43, 16, 29, 54, 37, 30, 36, 41, 42, 52, 46, 49, 60, 56, 55, 48, 50, 57, 59]]
27: [[58, 35, 33, 20, 11, 32, 27, 5, 14, 53, 12, 51, 24, 3, 7, 4, 45, 2, 25, 19], [18, 31, 8, 9, 22, 47, 10, 21, 39, 44, 28, 40, 6, 1, 34, 23, 13, 38, 17, 15], [26, 43, 16, 29, 54, 37, 30, 36, 41, 42, 52, 46, 49, 60, 56, 55, 48, 50, 57, 59]]
28: [[58, 35, 33, 20, 11, 32, 27, 5, 14, 53, 12, 51, 24, 3, 7, 4, 45, 2, 25, 19], [18, 31, 8, 9, 22, 47, 10, 21, 39, 44, 28, 40, 6, 1, 34, 23, 13, 38, 17, 15], [26, 43, 16, 29, 54, 37, 30, 36, 41, 42, 52, 46, 49, 60, 56, 55, 48, 50, 57, 59]]
29: [[58, 35, 33, 20, 11, 32, 27, 5, 14, 53, 12, 51, 24, 3, 7, 4, 45, 2, 25, 19], [18, 31, 8, 9, 22, 47, 10, 21, 39, 44, 28, 40, 6, 1, 34, 23, 13, 38, 17, 15], [26, 43, 16, 29, 54, 37, 30, 36, 41, 42, 52, 46, 49, 60, 56, 55, 48, 50, 57, 59]]
30: [[58, 35, 33, 20, 11, 32, 27, 5, 14, 53, 12, 51, 24, 3, 7, 4, 45, 2, 25, 19], [18, 31, 8, 9, 22, 47, 10, 21, 39, 44, 28, 40, 6, 1, 34, 23, 13, 38, 17, 15], [26, 43, 16, 29, 54, 37, 30, 36, 41, 42, 52, 46, 49, 60, 56, 55, 48, 50, 57, 59]]
31: [[58, 35, 33, 20, 11, 32, 27, 5, 14, 53, 12, 51, 24, 3, 7, 4, 45, 2, 25, 19], [18, 31, 8, 9, 22, 47, 10, 21, 39, 44, 28, 40, 6, 1, 34, 23, 13, 38, 17, 15], [26, 43, 16, 29, 54, 37, 30, 36, 41, 42, 52, 46, 49, 60, 56, 55, 48, 50, 57, 59]]
32: [[58, 35, 33, 20, 11, 32, 27, 5, 14, 53, 12, 51, 24, 3, 7, 4, 45, 2, 25, 19], [18, 31, 8, 9, 22, 47, 10, 21, 39, 44, 28, 40, 6, 1, 34, 23, 13, 38, 17, 15], [26, 43, 16, 29, 54, 37, 30, 36, 41, 42, 52, 46, 49, 60, 56, 55, 48, 50, 57, 59]]
33: [[58, 35, 33, 20, 11, 32, 27, 5, 14, 53, 12, 51, 24, 3, 7, 4, 45, 2, 25, 19], [18, 31, 8, 9, 22, 47, 10, 21, 39, 44, 28, 40, 6, 1, 34, 23, 13, 38, 17, 15], [26, 43, 16, 29, 54, 37, 30, 36, 41, 42, 52, 46, 49, 60, 56, 55, 48, 50, 57, 59]]
34: [[58, 35, 33, 20, 11, 32, 27, 5, 14, 53, 12, 51, 24, 3, 7, 4, 45, 2, 25, 19], [18, 31, 8, 9, 22, 47, 10, 21, 39, 44, 28, 40, 6, 1, 34, 23, 13, 38, 17, 15], [26, 43, 16, 29, 54, 37, 30, 36, 41, 42, 52, 46, 49, 60, 56, 55, 48, 50, 57, 59]]
35: [[58, 35, 33, 20, 11, 32, 27, 5, 14, 53, 12, 51, 24, 3, 7, 4, 45, 2, 25, 19], [18, 31, 8, 9, 22, 47, 10, 21, 39, 44, 28, 40, 6, 1, 34, 23, 13, 38, 17, 15], [26, 43, 16, 29, 54, 37, 30, 36, 41, 42, 52, 46, 49, 60, 56, 55, 48, 50, 57, 59]]
36: [[58, 35, 33, 20, 11, 32, 27, 5, 14, 53, 12, 51, 24, 3, 7, 4, 45, 2, 25, 19], [18, 31, 8, 9, 22, 47, 10, 21, 39, 44, 28, 40, 6, 1, 34, 23, 13, 38, 17, 15], [26, 43, 16, 29, 54, 37, 30, 36, 41, 42, 52, 46, 49, 60, 56, 55, 48, 50, 57, 59]]
37: [[58, 35, 33, 20, 11, 32, 27, 5, 14, 53, 12, 51, 24, 3, 7, 4, 45, 2, 25, 19], [18, 31, 8, 9, 22, 47, 10, 21, 39, 44, 28, 40, 6, 1, 34, 23, 13, 38, 17, 15], [26, 43, 16, 29, 54, 37, 30, 36, 41, 42, 52, 46, 49, 60, 56, 55, 48, 50, 57, 59]]
38: [[58, 35, 33, 20, 11, 32, 27, 5, 14, 53, 12, 51, 24, 3, 7, 4, 45, 2, 25, 19], [18, 31, 8, 9, 22, 47, 10, 21, 39, 44, 28, 40, 6, 1, 34, 23, 13, 38, 17, 15], [26, 43, 16, 29, 54, 37, 30, 36, 41, 42, 52, 46, 49, 60, 56, 55, 48, 50, 57, 59]]
39: [[58, 35, 33, 20, 11, 32, 27, 5, 14, 53, 12, 51, 24, 3, 7, 4, 45, 2, 25, 19], [18, 31, 8, 9, 22, 47, 10, 21, 39, 44, 28, 40, 6, 1, 34, 23, 13, 38, 17, 15], [26, 43, 16, 29, 54, 37, 30, 36, 41, 42, 52, 46, 49, 60, 56, 55, 48, 50, 57, 59]]
40: [[58, 35, 33, 20, 11, 32, 27, 5, 14, 53, 12, 51, 24, 3, 7, 4, 45, 2, 25, 19], [18, 31, 8, 9, 22, 47, 10, 21, 39, 44, 28, 40, 6, 1, 34, 23, 13, 38, 17, 15], [26, 43, 16, 29, 54, 37, 30, 36, 41, 42, 52, 46, 49, 60, 56, 55, 48, 50, 57, 59]]
41: [[58, 35, 33, 20, 11, 32, 27, 5, 14, 53, 12, 51, 24, 3, 7, 4, 45, 2, 25, 19], [18, 31, 8, 9, 22, 47, 10, 21, 39, 44, 28, 40, 6, 1, 34, 23, 13, 38, 17, 15], [26, 43, 16, 29, 54, 37, 30, 36, 41, 42, 52, 46, 49, 60, 56, 55, 48, 50, 57, 59]]
42: [[58, 35, 33, 20, 11, 32, 27, 5, 14, 53, 12, 51, 24, 3, 7, 4, 45, 2, 25, 19], [18, 31, 8, 9, 22, 47, 10, 21, 39, 44, 28, 40, 6, 1, 34, 23, 13, 38, 17, 15], [26, 43, 16, 29, 54, 37, 30, 36, 41, 42, 52, 46, 49, 60, 56, 55, 48, 50, 57, 59]]
43: [[58, 35, 33, 20, 11, 32, 27, 5, 14, 53, 12, 51, 24, 3, 7, 4, 45, 2, 25, 19], [18, 31, 8, 9, 22, 47, 10, 21, 39, 44, 28, 40, 6, 1, 34, 23, 13, 38, 17, 15], [26, 43, 16, 29, 54, 37, 30, 36, 41, 42, 52, 46, 49, 60, 56, 55, 48, 50, 57, 59]]
44: [[58, 35, 33, 20, 11, 32, 27, 5, 14, 53, 12, 51, 24, 3, 7, 4, 45, 2, 25, 19], [18, 31, 8, 9, 22, 47, 10, 21, 39, 44, 28, 40, 6, 1, 34, 23, 13, 38, 17, 15], [26, 43, 16, 29, 54, 37, 30, 36, 41, 42, 52, 46, 49, 60, 56, 55, 48, 50, 57, 59]]
45: [[58, 35, 33, 20, 11, 32, 27, 5, 14, 53, 12, 51, 24, 3, 7, 4, 45, 2, 25, 19], [18, 31, 8, 9, 22, 47, 10, 21, 39, 44, 28, 40, 6, 1, 34, 23, 13, 38, 17, 15], [26, 43, 16, 29, 54, 37, 30, 36, 41, 42, 52, 46, 49, 60, 56, 55, 48, 50, 57, 59]]
46: [[58, 35, 33, 20, 11, 32, 27, 5, 14, 53, 12, 51, 24, 3, 7, 4, 45, 2, 25, 19], [18, 31, 8, 9, 22, 47, 10, 21, 39, 44, 28, 40, 6, 1, 34, 23, 13, 38, 17, 15], [26, 43, 16, 29, 54, 37, 30, 36, 41, 42, 52, 46, 49, 60, 56, 55, 48, 50, 57, 59]]
47: [[58, 35, 33, 20, 11, 32, 27, 5, 14, 53, 12, 51, 24, 3, 7, 4, 45, 2, 25, 19], [18, 31, 8, 9, 22, 47, 10, 21, 39, 44, 28, 40, 6, 1, 34, 23, 13, 38, 17, 15], [26, 43, 16, 29, 54, 37, 30, 36, 41, 42, 52, 46, 49, 60, 56, 55, 48, 50, 57, 59]]
48: [[58, 35, 33, 20, 11, 32, 27, 5, 14, 53, 12, 51, 24, 3, 7, 4, 45, 2, 25, 19], [18, 31, 8, 9, 22, 47, 10, 21, 39, 44, 28, 40, 6, 1, 34, 23, 13, 38, 17, 15], [26, 43, 16, 29, 54, 37, 30, 36, 41, 42, 52, 46, 49, 60, 56, 55, 48, 50, 57, 59]]
49: [[58, 35, 33, 20, 11, 32, 27, 5, 14, 53, 12, 51, 24, 3, 7, 4, 45, 2, 25, 19], [18, 31, 8, 9, 22, 47, 10, 21, 39, 44, 28, 40, 6, 1, 34, 23, 13, 38, 17, 15], [26, 43, 16, 29, 54, 37, 30, 36, 41, 42, 52, 46, 49, 60, 56, 55, 48, 50, 57, 59]]
50: [[58, 35, 33, 20, 11, 32, 27, 5, 14, 53, 12, 51, 24, 3, 7, 4, 45, 2, 25, 19], [18, 31, 8, 9, 22, 47, 10, 21, 39, 44, 28, 40, 6, 1, 34, 23, 13, 38, 17, 15], [26, 43, 16, 29, 54, 37, 30, 36, 41, 42, 52, 46, 49, 60, 56, 55, 48, 50, 57, 59]]
51: [[58, 35, 33, 20, 11, 32, 27, 5, 14, 53, 12, 51, 24, 3, 7, 4, 45, 2, 25, 19], [18, 31, 8, 9, 22, 47, 10, 21, 39, 44, 28, 40, 6, 1, 34, 23, 13, 38, 17, 15], [26, 43, 16, 29, 54, 37, 30, 36, 41, 42, 52, 46, 49, 60, 56, 55, 48, 50, 57, 59]]
52: [[58, 35, 33, 20, 11, 32, 27, 5, 14, 53, 12, 51, 24, 3, 7, 4, 45, 2, 25, 19], [18, 31, 8, 9, 22, 47, 10, 21, 39, 44, 28, 40, 6, 1, 34, 23, 13, 38, 17, 15], [26, 43, 16, 29, 54, 37, 30, 36, 41, 42, 52, 46, 49, 60, 56, 55, 48, 50, 57, 59]]
53: [[58, 35, 33, 20, 11, 32, 27, 5, 14, 53, 12, 51, 24, 3, 7, 4, 45, 2, 25, 19], [18, 31, 8, 9, 22, 47, 10, 21, 39, 44, 28, 40, 6, 1, 34, 23, 13, 38, 17, 15], [26, 43, 16, 29, 54, 37, 30, 36, 41, 42, 52, 46, 49, 60, 56, 55, 48, 50, 57, 59]]
54: [[58, 35, 33, 20, 11, 32, 27, 5, 14, 53, 12, 51, 24, 3, 7, 4, 45, 2, 25, 19], [18, 31, 8, 9, 22, 47, 10, 21, 39, 44, 28, 40, 6, 1, 34, 23, 13, 38, 17, 15], [26, 43, 16, 29, 54, 37, 30, 36, 41, 42, 52, 46, 49, 60, 56, 55, 48, 50, 57, 59]]
55: [[58, 35, 33, 20, 11, 32, 27, 5, 14, 53, 12, 51, 24, 3, 7, 4, 45, 2, 25, 19], [18, 31, 8, 9, 22, 47, 10, 21, 39, 44, 28, 40, 6, 1, 34, 23, 13, 38, 17, 15], [26, 43, 16, 29, 54, 37, 30, 36, 41, 42, 52, 46, 49, 60, 56, 55, 48, 50, 57, 59]]
56: [[58, 35, 33, 20, 11, 32, 27, 5, 14, 53, 12, 51, 24, 3, 7, 4, 45, 2, 25, 19], [18, 31, 8, 9, 22, 47, 10, 21, 39, 44, 28, 40, 6, 1, 34, 23, 13, 38, 17, 15], [26, 43, 16, 29, 54, 37, 30, 36, 41, 42, 52, 46, 49, 60, 56, 55, 48, 50, 57, 59]]
57: [[58, 35, 33, 20, 11, 32, 27, 5, 14, 53, 12, 51, 24, 3, 7, 4, 45, 2, 25, 19], [18, 31, 8, 9, 22, 47, 10, 21, 39, 44, 28, 40, 6, 1, 34, 23, 13, 38, 17, 15], [26, 43, 16, 29, 54, 37, 30, 36, 41, 42, 52, 46, 49, 60, 56, 55, 48, 50, 57, 59]]
58: [[58, 35, 33, 20, 11, 32, 27, 5, 14, 53, 12, 51, 24, 3, 7, 4, 45, 2, 25, 19], [18, 31, 8, 9, 22, 47, 10, 21, 39, 44, 28, 40, 6, 1, 34, 23, 13, 38, 17, 15], [26, 43, 16, 29, 54, 37, 30, 36, 41, 42, 52, 46, 49, 60, 56, 55, 48, 50, 57, 59]]
59: [[58, 35, 33, 20, 11, 32, 27, 5, 14, 53, 12, 51, 24, 3, 7, 4, 45, 2, 25, 19], [18, 31, 8, 9, 22, 47, 10, 21, 39, 44, 28, 40, 6, 1, 34, 23, 13, 38, 17, 15], [26, 43, 16, 29, 54, 37, 30, 36, 41, 42, 52, 46, 49, 60, 56, 55, 48, 50, 57, 59]]
60: [[58, 35, 33, 20, 11, 32, 27, 5, 14, 53, 12, 51, 24, 3, 7, 4, 45, 2, 25, 19], [18, 31, 8, 9, 22, 47, 10, 21, 39, 44, 28, 40, 6, 1, 34, 23, 13, 38, 17, 15], [26, 43, 16, 29, 54, 37, 30, 36, 41, 42, 52, 46, 49, 60, 56, 55, 48, 50, 57, 59]]
61: [[58, 35, 33, 20, 11, 32, 27, 5, 14, 53, 12, 51, 24, 3, 7, 4, 45, 2, 25, 19], [18, 31, 8, 9, 22, 47, 10, 21, 39, 44, 28, 40, 6, 1, 34, 23, 13, 38, 17, 15], [26, 43, 16, 29, 54, 37, 30, 36, 41, 42, 52, 46, 49, 60, 56, 55, 48, 50, 57, 59]]
62: [[58, 35, 33, 20, 11, 32, 27, 5, 14, 53, 12, 51, 24, 3, 7, 4, 45, 2, 25, 19], [18, 31, 8, 9, 22, 47, 10, 21, 39, 44, 28, 40, 6, 1, 34, 23, 13, 38, 17, 15], [26, 43, 16, 29, 54, 37, 30, 36, 41, 42, 52, 46, 49, 60, 56, 55, 48, 50, 57, 59]]
63: [[58, 35, 33, 20, 11, 32, 27, 5, 14, 53, 12, 51, 24, 3, 7, 4, 45, 2, 25, 19], [18, 31, 8, 9, 22, 47, 10, 21, 39, 44, 28, 40, 6, 1, 34, 23, 13, 38, 17, 15], [26, 43, 16, 29, 54, 37, 30, 36, 41, 42, 52, 46, 49, 60, 56, 55, 48, 50, 57, 59]]
64: [[58, 35, 33, 20, 11, 32, 27, 5, 14, 53, 12, 51, 24, 3, 7, 4, 45, 2, 25, 19], [18, 31, 8, 9, 22, 47, 10, 21, 39, 44, 28, 40, 6, 1, 34, 23, 13, 38, 17, 15], [26, 43, 16, 29, 54, 37, 30, 36, 41, 42, 52, 46, 49, 60, 56, 55, 48, 50, 57, 59]]
65: [[58, 35, 33, 20, 11, 32, 27, 5, 14, 53, 12, 51, 24, 3, 7, 4, 45, 2, 25, 19], [18, 31, 8, 9, 22, 47, 10, 21, 39, 44, 28, 40, 6, 1, 34, 23, 13, 38, 17, 15], [26, 43, 16, 29, 54, 37, 30, 36, 41, 42, 52, 46, 49, 60, 56, 55, 48, 50, 57, 59]]
66: [[58, 35, 33, 20, 11, 32, 27, 5, 14, 53, 12, 51, 24, 3, 7, 4, 45, 2, 25, 19], [18, 31, 8, 9, 22, 47, 10, 21, 39, 44, 28, 40, 6, 1, 34, 23, 13, 38, 17, 15], [26, 43, 16, 29, 54, 37, 30, 36, 41, 42, 52, 46, 49, 60, 56, 55, 48, 50, 57, 59]]
67: [[58, 35, 33, 20, 11, 32, 27, 5, 14, 53, 12, 51, 24, 3, 7, 4, 45, 2, 25, 19], [18, 31, 8, 9, 22, 47, 10, 21, 39, 44, 28, 40, 6, 1, 34, 23, 13, 38, 17, 15], [26, 43, 16, 29, 54, 37, 30, 36, 41, 42, 52, 46, 49, 60, 56, 55, 48, 50, 57, 59]]
68: [[58, 35, 33, 20, 11, 32, 27, 5, 14, 53, 12, 51, 24, 3, 7, 4, 45, 2, 25, 19], [18, 31, 8, 9, 22, 47, 10, 21, 39, 44, 28, 40, 6, 1, 34, 23, 13, 38, 17, 15], [26, 43, 16, 29, 54, 37, 30, 36, 41, 42, 52, 46, 49, 60, 56, 55, 48, 50, 57, 59]]
69: [[58, 35, 33, 20, 11, 32, 27, 5, 14, 53, 12, 51, 24, 3, 7, 4, 45, 2, 25, 19], [18, 31, 8, 9, 22, 47, 10, 21, 39, 44, 28, 40, 6, 1, 34, 23, 13, 38, 17, 15], [26, 43, 16, 29, 54, 37, 30, 36, 41, 42, 52, 46, 49, 60, 56, 55, 48, 50, 57, 59]]
70: [[58, 35, 33, 20, 11, 32, 27, 5, 14, 53, 12, 51, 24, 3, 7, 4, 45, 2, 25, 19], [18, 31, 8, 9, 22, 47, 10, 21, 39, 44, 28, 40, 6, 1, 34, 23, 13, 38, 17, 15], [26, 43, 16, 29, 54, 37, 30, 36, 41, 42, 52, 46, 49, 60, 56, 55, 48, 50, 57, 59]]
71: [[58, 35, 33, 20, 11, 32, 27, 5, 14, 53, 12, 51, 24, 3, 7, 4, 45, 2, 25, 19], [18, 31, 8, 9, 22, 47, 10, 21, 39, 44, 28, 40, 6, 1, 34, 23, 13, 38, 17, 15], [26, 43, 16, 29, 54, 37, 30, 36, 41, 42, 52, 46, 49, 60, 56, 55, 48, 50, 57, 59]]
72: [[58, 35, 33, 20, 11, 32, 27, 5, 14, 53, 12, 51, 24, 3, 7, 4, 45, 2, 25, 19], [18, 31, 8, 9, 22, 47, 10, 21, 39, 44, 28, 40, 6, 1, 34, 23, 13, 38, 17, 15], [26, 43, 16, 29, 54, 37, 30, 36, 41, 42, 52, 46, 49, 60, 56, 55, 48, 50, 57, 59]]
73: [[58, 35, 33, 20, 11, 32, 27, 5, 14, 53, 12, 51, 24, 3, 7, 4, 45, 2, 25, 19], [18, 31, 8, 9, 22, 47, 10, 21, 39, 44, 28, 40, 6, 1, 34, 23, 13, 38, 17, 15], [26, 43, 16, 29, 54, 37, 30, 36, 41, 42, 52, 46, 49, 60, 56, 55, 48, 50, 57, 59]]
74: [[58, 35, 33, 20, 11, 32, 27, 5, 14, 53, 12, 51, 24, 3, 7, 4, 45, 2, 25, 19], [18, 31, 8, 9, 22, 47, 10, 21, 39, 44, 28, 40, 6, 1, 34, 23, 13, 38, 17, 15], [26, 43, 16, 29, 54, 37, 30, 36, 41, 42, 52, 46, 49, 60, 56, 55, 48, 50, 57, 59]]
75: [[58, 35, 33, 20, 11, 32, 27, 5, 14, 53, 12, 51, 24, 3, 7, 4, 45, 2, 25, 19], [18, 31, 8, 9, 22, 47, 10, 21, 39, 44, 28, 40, 6, 1, 34, 23, 13, 38, 17, 15], [26, 43, 16, 29, 54, 37, 30, 36, 41, 42, 52, 46, 49, 60, 56, 55, 48, 50, 57, 59]]
76: [[58, 35, 33, 20, 11, 32, 27, 5, 14, 53, 12, 51, 24, 3, 7, 4, 45, 2, 25, 19], [18, 31, 8, 9, 22, 47, 10, 21, 39, 44, 28, 40, 6, 1, 34, 23, 13, 38, 17, 15], [26, 43, 16, 29, 54, 37, 30, 36, 41, 42, 52, 46, 49, 60, 56, 55, 48, 50, 57, 59]]
77: [[58, 35, 33, 20, 11, 32, 27, 5, 14, 53, 12, 51, 24, 3, 7, 4, 45, 2, 25, 19], [18, 31, 8, 9, 22, 47, 10, 21, 39, 44, 28, 40, 6, 1, 34, 23, 13, 38, 17, 15], [26, 43, 16, 29, 54, 37, 30, 36, 41, 42, 52, 46, 49, 60, 56, 55, 48, 50, 57, 59]]
78: [[58, 35, 33, 20, 11, 32, 27, 5, 14, 53, 12, 51, 24, 3, 7, 4, 45, 2, 25, 19], [18, 31, 8, 9, 22, 47, 10, 21, 39, 44, 28, 40, 6, 1, 34, 23, 13, 38, 17, 15], [26, 43, 16, 29, 54, 37, 30, 36, 41, 42, 52, 46, 49, 60, 56, 55, 48, 50, 57, 59]]
79: [[58, 35, 33, 20, 11, 32, 27, 5, 14, 53, 12, 51, 24, 3, 7, 4, 45, 2, 25, 19], [18, 31, 8, 9, 22, 47, 10, 21, 39, 44, 28, 40, 6, 1, 34, 23, 13, 38, 17, 15], [26, 43, 16, 29, 54, 37, 30, 36, 41, 42, 52, 46, 49, 60, 56, 55, 48, 50, 57, 59]]
80: [[58, 35, 33, 20, 11, 32, 27, 5, 14, 53, 12, 51, 24, 3, 7, 4, 45, 2, 25, 19], [18, 31, 8, 9, 22, 47, 10, 21, 39, 44, 28, 40, 6, 1, 34, 23, 13, 38, 17, 15], [26, 43, 16, 29, 54, 37, 30, 36, 41, 42, 52, 46, 49, 60, 56, 55, 48, 50, 57, 59]]
81: [[58, 35, 33, 20, 11, 32, 27, 5, 14, 53, 12, 51, 24, 3, 7, 4, 45, 2, 25, 19], [18, 31, 8, 9, 22, 47, 10, 21, 39, 44, 28, 40, 6, 1, 34, 23, 13, 38, 17, 15], [26, 43, 16, 29, 54, 37, 30, 36, 41, 42, 52, 46, 49, 60, 56, 55, 48, 50, 57, 59]]
82: [[58, 35, 33, 20, 11, 32, 27, 5, 14, 53, 12, 51, 24, 3, 7, 4, 45, 2, 25, 19], [18, 31, 8, 9, 22, 47, 10, 21, 39, 44, 28, 40, 6, 1, 34, 23, 13, 38, 17, 15], [26, 43, 16, 29, 54, 37, 30, 36, 41, 42, 52, 46, 49, 60, 56, 55, 48, 50, 57, 59]]
83: [[58, 35, 33, 20, 11, 32, 27, 5, 14, 53, 12, 51, 24, 3, 7, 4, 45, 2, 25, 19], [18, 31, 8, 9, 22, 47, 10, 21, 39, 44, 28, 40, 6, 1, 34, 23, 13, 38, 17, 15], [26, 43, 16, 29, 54, 37, 30, 36, 41, 42, 52, 46, 49, 60, 56, 55, 48, 50, 57, 59]]
84: [[58, 35, 33, 20, 11, 32, 27, 5, 14, 53, 12, 51, 24, 3, 7, 4, 45, 2, 25, 19], [18, 31, 8, 9, 22, 47, 10, 21, 39, 44, 28, 40, 6, 1, 34, 23, 13, 38, 17, 15], [26, 43, 16, 29, 54, 37, 30, 36, 41, 42, 52, 46, 49, 60, 56, 55, 48, 50, 57, 59]]
85: [[58, 35, 33, 20, 11, 32, 27, 5, 14, 53, 12, 51, 24, 3, 7, 4, 45, 2, 25, 19], [18, 31, 8, 9, 22, 47, 10, 21, 39, 44, 28, 40, 6, 1, 34, 23, 13, 38, 17, 15], [26, 43, 16, 29, 54, 37, 30, 36, 41, 42, 52, 46, 49, 60, 56, 55, 48, 50, 57, 59]]
86: [[58, 35, 33, 20, 11, 32, 27, 5, 14, 53, 12, 51, 24, 3, 7, 4, 45, 2, 25, 19], [18, 31, 8, 9, 22, 47, 10, 21, 39, 44, 28, 40, 6, 1, 34, 23, 13, 38, 17, 15], [26, 43, 16, 29, 54, 37, 30, 36, 41, 42, 52, 46, 49, 60, 56, 55, 48, 50, 57, 59]]
87: [[58, 35, 33, 20, 11, 32, 27, 5, 14, 53, 12, 51, 24, 3, 7, 4, 45, 2, 25, 19], [18, 31, 8, 9, 22, 47, 10, 21, 39, 44, 28, 40, 6, 1, 34, 23, 13, 38, 17, 15], [26, 43, 16, 29, 54, 37, 30, 36, 41, 42, 52, 46, 49, 60, 56, 55, 48, 50, 57, 59]]
88: [[58, 35, 33, 20, 11, 32, 27, 5, 14, 53, 12, 51, 24, 3, 7, 4, 45, 2, 25, 19], [18, 31, 8, 9, 22, 47, 10, 21, 39, 44, 28, 40, 6, 1, 34, 23, 13, 38, 17, 15], [26, 43, 16, 29, 54, 37, 30, 36, 41, 42, 52, 46, 49, 60, 56, 55, 48, 50, 57, 59]]
89: [[58, 35, 33, 20, 11, 32, 27, 5, 14, 53, 12, 51, 24, 3, 7, 4, 45, 2, 25, 19], [18, 31, 8, 9, 22, 47, 10, 21, 39, 44, 28, 40, 6, 1, 34, 23, 13, 38, 17, 15], [26, 43, 16, 29, 54, 37, 30, 36, 41, 42, 52, 46, 49, 60, 56, 55, 48, 50, 57, 59]]
90: [[58, 35, 33, 20, 11, 32, 27, 5, 14, 53, 12, 51, 24, 3, 7, 4, 45, 2, 25, 19], [18, 31, 8, 9, 22, 47, 10, 21, 39, 44, 28, 40, 6, 1, 34, 23, 13, 38, 17, 15], [26, 43, 16, 29, 54, 37, 30, 36, 41, 42, 52, 46, 49, 60, 56, 55, 48, 50, 57, 59]]
91: [[58, 35, 33, 20, 11, 32, 27, 5, 14, 53, 12, 51, 24, 3, 7, 4, 45, 2, 25, 19], [18, 31, 8, 9, 22, 47, 10, 21, 39, 44, 28, 40, 6, 1, 34, 23, 13, 38, 17, 15], [26, 43, 16, 29, 54, 37, 30, 36, 41, 42, 52, 46, 49, 60, 56, 55, 48, 50, 57, 59]]
92: [[58, 35, 33, 20, 11, 32, 27, 5, 14, 53, 12, 51, 24, 3, 7, 4, 45, 2, 25, 19], [18, 31, 8, 9, 22, 47, 10, 21, 39, 44, 28, 40, 6, 1, 34, 23, 13, 38, 17, 15], [26, 43, 16, 29, 54, 37, 30, 36, 41, 42, 52, 46, 49, 60, 56, 55, 48, 50, 57, 59]]
93: [[58, 35, 33, 20, 11, 32, 27, 5, 14, 53, 12, 51, 24, 3, 7, 4, 45, 2, 25, 19], [18, 31, 8, 9, 22, 47, 10, 21, 39, 44, 28, 40, 6, 1, 34, 23, 13, 38, 17, 15], [26, 43, 16, 29, 54, 37, 30, 36, 41, 42, 52, 46, 49, 60, 56, 55, 48, 50, 57, 59]]
94: [[58, 35, 33, 20, 11, 32, 27, 5, 14, 53, 12, 51, 24, 3, 7, 4, 45, 2, 25, 19], [18, 31, 8, 9, 22, 47, 10, 21, 39, 44, 28, 40, 6, 1, 34, 23, 13, 38, 17, 15], [26, 43, 16, 29, 54, 37, 30, 36, 41, 42, 52, 46, 49, 60, 56, 55, 48, 50, 57, 59]]
95: [[58, 35, 33, 20, 11, 32, 27, 5, 14, 53, 12, 51, 24, 3, 7, 4, 45, 2, 25, 19], [18, 31, 8, 9, 22, 47, 10, 21, 39, 44, 28, 40, 6, 1, 34, 23, 13, 38, 17, 15], [26, 43, 16, 29, 54, 37, 30, 36, 41, 42, 52, 46, 49, 60, 56, 55, 48, 50, 57, 59]]
96: [[58, 35, 33, 20, 11, 32, 27, 5, 14, 53, 12, 51, 24, 3, 7, 4, 45, 2, 25, 19], [18, 31, 8, 9, 22, 47, 10, 21, 39, 44, 28, 40, 6, 1, 34, 23, 13, 38, 17, 15], [26, 43, 16, 29, 54, 37, 30, 36, 41, 42, 52, 46, 49, 60, 56, 55, 48, 50, 57, 59]]
97: [[58, 35, 33, 20, 11, 32, 27, 5, 14, 53, 12, 51, 24, 3, 7, 4, 45, 2, 25, 19], [18, 31, 8, 9, 22, 47, 10, 21, 39, 44, 28, 40, 6, 1, 34, 23, 13, 38, 17, 15], [26, 43, 16, 29, 54, 37, 30, 36, 41, 42, 52, 46, 49, 60, 56, 55, 48, 50, 57, 59]]
98: [[58, 35, 33, 20, 11, 32, 27, 5, 14, 53, 12, 51, 24, 3, 7, 4, 45, 2, 25, 19], [18, 31, 8, 9, 22, 47, 10, 21, 39, 44, 28, 40, 6, 1, 34, 23, 13, 38, 17, 15], [26, 43, 16, 29, 54, 37, 30, 36, 41, 42, 52, 46, 49, 60, 56, 55, 48, 50, 57, 59]]
99: [[58, 35, 33, 20, 11, 32, 27, 5, 14, 53, 12, 51, 24, 3, 7, 4, 45, 2, 25, 19], [18, 31, 8, 9, 22, 47, 10, 21, 39, 44, 28, 40, 6, 1, 34, 23, 13, 38, 17, 15], [26, 43, 16, 29, 54, 37, 30, 36, 41, 42, 52, 46, 49, 60, 56, 55, 48, 50, 57, 59]]
100: [[58, 35, 33, 20, 11, 32, 27, 5, 14, 53, 12, 51, 24, 3, 7, 4, 45, 2, 25, 19], [18, 31, 8, 9, 22, 47, 10, 21, 39, 44, 28, 40, 6, 1, 34, 23, 13, 38, 17, 15], [26, 43, 16, 29, 54, 37, 30, 36, 41, 42, 52, 46, 49, 60, 56, 55, 48, 50, 57, 59]]
101: [[58, 35, 33, 20, 11, 32, 27, 5, 14, 53, 12, 51, 24, 3, 7, 4, 45, 2, 25, 19], [18, 31, 8, 9, 22, 47, 10, 21, 39, 44, 28, 40, 6, 1, 34, 23, 13, 38, 17, 15], [26, 43, 16, 29, 54, 37, 30, 36, 41, 42, 52, 46, 49, 60, 56, 55, 48, 50, 57, 59]]
102: [[58, 35, 33, 20, 11, 32, 27, 5, 14, 53, 12, 51, 24, 3, 7, 4, 45, 2, 25, 19], [18, 31, 8, 9, 22, 47, 10, 21, 39, 44, 28, 40, 6, 1, 34, 23, 13, 38, 17, 15], [26, 43, 16, 29, 54, 37, 30, 36, 41, 42, 52, 46, 49, 60, 56, 55, 48, 50, 57, 59]]
103: [[58, 35, 33, 20, 11, 32, 27, 5, 14, 53, 12, 51, 24, 3, 7, 4, 45, 2, 25, 19], [18, 31, 8, 9, 22, 47, 10, 21, 39, 44, 28, 40, 6, 1, 34, 23, 13, 38, 17, 15], [26, 43, 16, 29, 54, 37, 30, 36, 41, 42, 52, 46, 49, 60, 56, 55, 48, 50, 57, 59]]
104: [[58, 35, 33, 20, 11, 32, 27, 5, 14, 53, 12, 51, 24, 3, 7, 4, 45, 2, 25, 19], [18, 31, 8, 9, 22, 47, 10, 21, 39, 44, 28, 40, 6, 1, 34, 23, 13, 38, 17, 15], [26, 43, 16, 29, 54, 37, 30, 36, 41, 42, 52, 46, 49, 60, 56, 55, 48, 50, 57, 59]]
105: [[58, 35, 33, 20, 11, 32, 27, 5, 14, 53, 12, 51, 24, 3, 7, 4, 45, 2, 25, 19], [18, 31, 8, 9, 22, 47, 10, 21, 39, 44, 28, 40, 6, 1, 34, 23, 13, 38, 17, 15], [26, 43, 16, 29, 54, 37, 30, 36, 41, 42, 52, 46, 49, 60, 56, 55, 48, 50, 57, 59]]
106: [[58, 35, 33, 20, 11, 32, 27, 5, 14, 53, 12, 51, 24, 3, 7, 4, 45, 2, 25, 19], [18, 31, 8, 9, 22, 47, 10, 21, 39, 44, 28, 40, 6, 1, 34, 23, 13, 38, 17, 15], [26, 43, 16, 29, 54, 37, 30, 36, 41, 42, 52, 46, 49, 60, 56, 55, 48, 50, 57, 59]]
107: [[58, 35, 33, 20, 11, 32, 27, 5, 14, 53, 12, 51, 24, 3, 7, 4, 45, 2, 25, 19], [18, 31, 8, 9, 22, 47, 10, 21, 39, 44, 28, 40, 6, 1, 34, 23, 13, 38, 17, 15], [26, 43, 16, 29, 54, 37, 30, 36, 41, 42, 52, 46, 49, 60, 56, 55, 48, 50, 57, 59]]
108: [[58, 35, 33, 20, 11, 32, 27, 5, 14, 53, 12, 51, 24, 3, 7, 4, 45, 2, 25, 19], [18, 31, 8, 9, 22, 47, 10, 21, 39, 44, 28, 40, 6, 1, 34, 23, 13, 38, 17, 15], [26, 43, 16, 29, 54, 37, 30, 36, 41, 42, 52, 46, 49, 60, 56, 55, 48, 50, 57, 59]]
109: [[58, 35, 33, 20, 11, 32, 27, 5, 14, 53, 12, 51, 24, 3, 7, 4, 45, 2, 25, 19], [18, 31, 8, 9, 22, 47, 10, 21, 39, 44, 28, 40, 6, 1, 34, 23, 13, 38, 17, 15], [26, 43, 16, 29, 54, 37, 30, 36, 41, 42, 52, 46, 49, 60, 56, 55, 48, 50, 57, 59]]
110: [[58, 35, 33, 20, 11, 32, 27, 5, 14, 53, 12, 51, 24, 3, 7, 4, 45, 2, 25, 19], [18, 31, 8, 9, 22, 47, 10, 21, 39, 44, 28, 40, 6, 1, 34, 23, 13, 38, 17, 15], [26, 43, 16, 29, 54, 37, 30, 36, 41, 42, 52, 46, 49, 60, 56, 55, 48, 50, 57, 59]]
111: [[58, 35, 33, 20, 11, 32, 27, 5, 14, 53, 12, 51, 24, 3, 7, 4, 45, 2, 25, 19], [18, 31, 8, 9, 22, 47, 10, 21, 39, 44, 28, 40, 6, 1, 34, 23, 13, 38, 17, 15], [26, 43, 16, 29, 54, 37, 30, 36, 41, 42, 52, 46, 49, 60, 56, 55, 48, 50, 57, 59]]
112: [[58, 35, 33, 20, 11, 32, 27, 5, 14, 53, 12, 51, 24, 3, 7, 4, 45, 2, 25, 19], [18, 31, 8, 9, 22, 47, 10, 21, 39, 44, 28, 40, 6, 1, 34, 23, 13, 38, 17, 15], [26, 43, 16, 29, 54, 37, 30, 36, 41, 42, 52, 46, 49, 60, 56, 55, 48, 50, 57, 59]]
113: [[58, 35, 33, 20, 11, 32, 27, 5, 14, 53, 12, 51, 24, 3, 7, 4, 45, 2, 25, 19], [18, 31, 8, 9, 22, 47, 10, 21, 39, 44, 28, 40, 6, 1, 34, 23, 13, 38, 17, 15], [26, 43, 16, 29, 54, 37, 30, 36, 41, 42, 52, 46, 49, 60, 56, 55, 48, 50, 57, 59]]
114: [[58, 35, 33, 20, 11, 32, 27, 5, 14, 53, 12, 51, 24, 3, 7, 4, 45, 2, 25, 19], [18, 31, 8, 9, 22, 47, 10, 21, 39, 44, 28, 40, 6, 1, 34, 23, 13, 38, 17, 15], [26, 43, 16, 29, 54, 37, 30, 36, 41, 42, 52, 46, 49, 60, 56, 55, 48, 50, 57, 59]]
115: [[58, 35, 33, 20, 11, 32, 27, 5, 14, 53, 12, 51, 24, 3, 7, 4, 45, 2, 25, 19], [18, 31, 8, 9, 22, 47, 10, 21, 39, 44, 28, 40, 6, 1, 34, 23, 13, 38, 17, 15], [26, 43, 16, 29, 54, 37, 30, 36, 41, 42, 52, 46, 49, 60, 56, 55, 48, 50, 57, 59]]
116: [[58, 35, 33, 20, 11, 32, 27, 5, 14, 53, 12, 51, 24, 3, 7, 4, 45, 2, 25, 19], [18, 31, 8, 9, 22, 47, 10, 21, 39, 44, 28, 40, 6, 1, 34, 23, 13, 38, 17, 15], [26, 43, 16, 29, 54, 37, 30, 36, 41, 42, 52, 46, 49, 60, 56, 55, 48, 50, 57, 59]]
117: [[58, 35, 33, 20, 11, 32, 27, 5, 14, 53, 12, 51, 24, 3, 7, 4, 45, 2, 25, 19], [18, 31, 8, 9, 22, 47, 10, 21, 39, 44, 28, 40, 6, 1, 34, 23, 13, 38, 17, 15], [26, 43, 16, 29, 54, 37, 30, 36, 41, 42, 52, 46, 49, 60, 56, 55, 48, 50, 57, 59]]
118: [[58, 35, 33, 20, 11, 32, 27, 5, 14, 53, 12, 51, 24, 3, 7, 4, 45, 2, 25, 19], [18, 31, 8, 9, 22, 47, 10, 21, 39, 44, 28, 40, 6, 1, 34, 23, 13, 38, 17, 15], [26, 43, 16, 29, 54, 37, 30, 36, 41, 42, 52, 46, 49, 60, 56, 55, 48, 50, 57, 59]]
119: [[58, 35, 33, 20, 11, 32, 27, 5, 14, 53, 12, 51, 24, 3, 7, 4, 45, 2, 25, 19], [18, 31, 8, 9, 22, 47, 10, 21, 39, 44, 28, 40, 6, 1, 34, 23, 13, 38, 17, 15], [26, 43, 16, 29, 54, 37, 30, 36, 41, 42, 52, 46, 49, 60, 56, 55, 48, 50, 57, 59]]
