0: [[12, 22, 67, 5, 2, 3, 13, 1, 36, 4, 6, 15, 8, 24, 7, 11, 23, 29, 25, 28, 14, 16], [19, 10, 9, 17, 18, 20, 50, 21, 26, 27, 30, 59, 31, 51, 54, 32, 37, 33, 34, 35, 39, 44], [42, 38, 43, 40, 45, 41, 47, 46, 56, 53, 48, 49, 52, 63, 55, 57, 62, 58, 61, 60, 64, 65], [70, 74, 66, 69, 68, 71, 77, 72, 75, 73, 78, 76, 79, 80, 83, 81, 84, 82, 87, 85, 86, 88]]
1: [[12, 22, 67, 5, 2, 3, 13, 1, 36, 4, 6, 15, 8, 24, 7, 11, 23, 29, 25, 28, 14, 16], [19, 10, 9, 17, 18, 20, 50, 21, 26, 27, 30, 59, 31, 51, 54, 32, 37, 33, 34, 35, 39, 44], [42, 38, 43, 40, 45, 41, 47, 46, 56, 53, 48, 49, 52, 63, 55, 57, 62, 58, 61, 60, 64, 65], [70, 74, 66, 69, 68, 71, 77, 72, 75, 73, 78, 76, 79, 80, 83, 81, 84, 82, 87, 85, 86, 88]]
2: [[12, 22, 67, 5, 2, 3, 13, 1, 36, 4, 6, 15, 8, 24, 7, 11, 23, 29, 25, 28, 14, 16], [19, 10, 9, 17, 18, 20, 50, 21, 26, 27, 30, 59, 31, 51, 54, 32, 37, 33, 34, 35, 39, 44], [42, 38, 43, 40, 45, 41, 47, 46, 56, 53, 48, 49, 52, 63, 55, 57, 62, 58, 61, 60, 64, 65], [70, 74, 66, 69, 68, 71, 77, 72, 75, 73, 78, 76, 79, 80, 83, 81, 84, 82, 87, 85, 86, 88]]
3: [[12, 22, 67, 5, 2, 3, 13, 1, 36, 4, 6, 15, 8, 24, 7, 11, 23, 29, 25, 28, 14, 16], [19, 10, 9, 17, 18, 20, 50, 21, 26, 27, 30, 59, 31, 51, 54, 32, 37, 33, 34, 35, 39, 44], [42, 38, 43, 40, 45, 41, 47, 46, 56, 53, 48, 49, 52, 63, 55, 57, 62, 58, 61, 60, 64, 65], [70, 74, 66, 69, 68, 71, 77, 72, 75, 73, 78, 76, 79, 80, 83, 81, 84, 82, 87, 85, 86, 88]]
4: [[12, 22, 67, 5, 2, 3, 13, 1, 36, 4, 6, 15, 8, 24, 7, 11, 23, 29, 25, 28, 14, 16], [19, 10, 9, 17, 18, 20, 50, 21, 26, 27, 30, 59, 31, 51, 54, 32, 37, 33, 34, 35, 39, 44], [42, 38, 43, 40, 45, 41, 47, 46, 56, 53, 48, 49, 52, 63, 55, 57, 62, 58, 61, 60, 64, 65], [70, 74, 66, 69, 68, 71, 77, 72, 75, 73, 78, 76, 79, 80, 83, 81, 84, 82, 87, 85, 86, 88]]
5: [[12, 22, 67, 5, 2, 3, 13, 1, 36, 4, 6, 15, 8, 24, 7, 11, 23, 29, 25, 28, 14, 16], [19, 10, 9, 17, 18, 20, 50, 21, 26, 27, 30, 59, 31, 51, 54, 32, 37, 33, 34, 35, 39, 44], [42, 38, 43, 40, 45, 41, 47, 46, 56, 53, 48, 49, 52, 63, 55, 57, 62, 58, 61, 60, 64, 65], [70, 74, 66, 69, 68, 71, 77, 72, 75, 73, 78, 76, 79, 80, 83, 81, 84, 82, 87, 85, 86, 88]]
6: [[12, 22, 67, 5, 2, 3, 13, 1, 36, 4, 6, 15, 8, 24, 7, 11, 23, 29, 25, 28, 14, 16], [19, 10, 9, 17, 18, 20, 50, 21, 26, 27, 30, 59, 31, 51, 54, 32, 37, 33, 34, 35, 39, 44], [42, 38, 43, 40, 45, 41, 47, 46, 56, 53, 48, 49, 52, 63, 55, 57, 62, 58, 61, 60, 64, 65], [70, 74, 66, 69, 68, 71, 77, 72, 75, 73, 78, 76, 79, 80, 83, 81, 84, 82, 87, 85, 86, 88]]
7: [[12, 22, 67, 5, 2, 3, 13, 1, 36, 4, 6, 15, 8, 24, 7, 11, 23, 29, 25, 28, 14, 16], [19, 10, 9, 17, 18, 20, 50, 21, 26, 27, 30, 59, 31, 51, 54, 32, 37, 33, 34, 35, 39, 44], [42, 38, 43, 40, 45, 41, 47, 46, 56, 53, 48, 49, 52, 63, 55, 57, 62, 58, 61, 60, 64, 65], [70, 74, 66, 69, 68, 71, 77, 72, 75, 73, 78, 76, 79, 80, 83, 81, 84, 82, 87, 85, 86, 88]]
8: [[12, 22, 67, 5, 2, 3, 13, 1, 36, 4, 6, 15, 8, 24, 7, 11, 23, 29, 25, 28, 14, 16], [19, 10, 9, 17, 18, 20, 50, 21, 26, 27, 30, 59, 31, 51, 54, 32, 37, 33, 34, 35, 39, 44], [42, 38, 43, 40, 45, 41, 47, 46, 56, 53, 48, 49, 52, 63, 55, 57, 62, 58, 61, 60, 64, 65], [70, 74, 66, 69, 68, 71, 77, 72, 75, 73, 78, 76, 79, 80, 83, 81, 84, 82, 87, 85, 86, 88]]
9: [[12, 22, 67, 5, 2, 3, 13, 1, 36, 4, 6, 15, 8, 24, 7, 11, 23, 29, 25, 28, 14, 16], [19, 10, 9, 17, 18, 20, 50, 21, 26, 27, 30, 59, 31, 51, 54, 32, 37, 33, 34, 35, 39, 44], [42, 38, 43, 40, 45, 41, 47, 46, 56, 53, 48, 49, 52, 63, 55, 57, 62, 58, 61, 60, 64, 65], [70, 74, 66, 69, 68, 71, 77, 72, 75, 73, 78, 76, 79, 80, 83, 81, 84, 82, 87, 85, 86, 88]]
10: [[12, 22, 67, 5, 2, 3, 13, 1, 36, 4, 6, 15, 8, 24, 7, 11, 23, 29, 25, 28, 14, 16], [19, 10, 9, 17, 18, 20, 50, 21, 26, 27, 30, 59, 31, 51, 54, 32, 37, 33, 34, 35, 39, 44], [42, 38, 43, 40, 45, 41, 47, 46, 56, 53, 48, 49, 52, 63, 55, 57, 62, 58, 61, 60, 64, 65], [70, 74, 66, 69, 68, 71, 77, 72, 75, 73, 78, 76, 79, 80, 83, 81, 84, 82, 87, 85, 86, 88]]
11: [[12, 22, 67, 5, 2, 3, 13, 1, 36, 4, 6, 15, 8, 24, 7, 11, 23, 29, 25, 28, 14, 16], [19, 10, 9, 17, 18, 20, 50, 21, 26, 27, 30, 59, 31, 51, 54, 32, 37, 33, 34, 35, 39, 44], [42, 38, 43, 40, 45, 41, 47, 46, 56, 53, 48, 49, 52, 63, 55, 57, 62, 58, 61, 60, 64, 65], [70, 74, 66, 69, 68, 71, 77, 72, 75, 73, 78, 76, 79, 80, 83, 81, 84, 82, 87, 85, 86, 88]]
12: [[12, 22, 67, 5, 2, 3, 13, 1, 36, 4, 6, 15, 8, 24, 7, 11, 23, 29, 25, 28, 14, 16], [19, 10, 9, 17, 18, 20, 50, 21, 26, 27, 30, 59, 31, 51, 54, 32, 37, 33, 34, 35, 39, 44], [42, 38, 43, 40, 45, 41, 47, 46, 56, 53, 48, 49, 52, 63, 55, 57, 62, 58, 61, 60, 64, 65], [70, 74, 66, 69, 68, 71, 77, 72, 75, 73, 78, 76, 79, 80, 83, 81, 84, 82, 87, 85, 86, 88]]
13: [[12, 22, 67, 5, 2, 3, 13, 1, 36, 4, 6, 15, 8, 24, 7, 11, 23, 29, 25, 28, 14, 16], [19, 10, 9, 17, 18, 20, 50, 21, 26, 27, 30, 59, 31, 51, 54, 32, 37, 33, 34, 35, 39, 44], [42, 38, 43, 40, 45, 41, 47, 46, 56, 53, 48, 49, 52, 63, 55, 57, 62, 58, 61, 60, 64, 65], [70, 74, 66, 69, 68, 71, 77, 72, 75, 73, 78, 76, 79, 80, 83, 81, 84, 82, 87, 85, 86, 88]]
14: [[12, 22, 67, 5, 2, 3, 13, 1, 36, 4, 6, 15, 8, 24, 7, 11, 23, 29, 25, 28, 14, 16], [19, 10, 9, 17, 18, 20, 50, 21, 26, 27, 30, 59, 31, 51, 54, 32, 37, 33, 34, 35, 39, 44], [42, 38, 43, 40, 45, 41, 47, 46, 56, 53, 48, 49, 52, 63, 55, 57, 62, 58, 61, 60, 64, 65], [70, 74, 66, 69, 68, 71, 77, 72, 75, 73, 78, 76, 79, 80, 83, 81, 84, 82, 87, 85, 86, 88]]
15: [[12, 22, 67, 5, 2, 3, 13, 1, 36, 4, 6, 15, 8, 24, 7, 11, 23, 29, 25, 28, 14, 16], [19, 10, 9, 17, 18, 20, 50, 21, 26, 27, 30, 59, 31, 51, 54, 32, 37, 33, 34, 35, 39, 44], [42, 38, 43, 40, 45, 41, 47, 46, 56, 53, 48, 49, 52, 63, 55, 57, 62, 58, 61, 60, 64, 65], [70, 74, 66, 69, 68, 71, 77, 72, 75, 73, 78, 76, 79, 80, 83, 81, 84, 82, 87, 85, 86, 88]]
16: [[12, 22, 67, 5, 2, 3, 13, 1, 36, 4, 6, 15, 8, 24, 7, 11, 23, 29, 25, 28, 14, 16], [19, 10, 9, 17, 18, 20, 50, 21, 26, 27, 30, 59, 31, 51, 54, 32, 37, 33, 34, 35, 39, 44], [42, 38, 43, 40, 45, 41, 47, 46, 56, 53, 48, 49, 52, 63, 55, 57, 62, 58, 61, 60, 64, 65], [70, 74, 66, 69, 68, 71, 77, 72, 75, 73, 78, 76, 79, 80, 83, 81, 84, 82, 87, 85, 86, 88]]
17: [[12, 22, 67, 5, 2, 3, 13, 1, 36, 4, 6, 15, 8, 24, 7, 11, 23, 29, 25, 28, 14, 16], [19, 10, 9, 17, 18, 20, 50, 21, 26, 27, 30, 59, 31, 51, 54, 32, 37, 33, 34, 35, 39, 44], [42, 38, 43, 40, 45, 41, 47, 46, 56, 53, 48, 49, 52, 63, 55, 57, 62, 58, 61, 60, 64, 65], [70, 74, 66, 69, 68, 71, 77, 72, 75, 73, 78, 76, 79, 80, 83, 81, 84, 82, 87, 85, 86, 88]]
18: [[12, 22, 67, 5, 2, 3, 13, 1, 36, 4, 6, 15, 8, 24, 7, 11, 23, 29, 25, 28, 14, 16], [19, 10, 9, 17, 18, 20, 50, 21, 26, 27, 30, 59, 31, 51, 54, 32, 37, 33, 34, 35, 39, 44], [42, 38, 43, 40, 45, 41, 47, 46, 56, 53, 48, 49, 52, 63, 55, 57, 62, 58, 61, 60, 64, 65], [70, 74, 66, 69, 68, 71, 77, 72, 75, 73, 78, 76, 79, 80, 83, 81, 84, 82, 87, 85, 86, 88]]
19: [[12, 22, 67, 5, 2, 3, 13, 1, 36, 4, 6, 15, 8, 24, 7, 11, 23, 29, 25, 28, 14, 16], [19, 10, 9, 17, 18, 20, 50, 21, 26, 27, 30, 59, 31, 51, 54, 32, 37, 33, 34, 35, 39, 44], [42, 38, 43, 40, 45, 41, 47, 46, 56, 53, 48, 49, 52, 63, 55, 57, 62, 58, 61, 60, 64, 65], [70, 74, 66, 69, 68, 71, 77, 72, 75, 73, 78, 76, 79, 80, 83, 81, 84, 82, 87, 85, 86, 88]]
20: [[12, 22, 67, 5, 2, 3, 13, 1, 36, 4, 6, 15, 8, 24, 7, 11, 23, 29, 25, 28, 14, 16], [19, 10, 9, 17, 18, 20, 50, 21, 26, 27, 30, 59, 31, 51, 54, 32, 37, 33, 34, 35, 39, 44], [42, 38, 43, 40, 45, 41, 47, 46, 56, 53, 48, 49, 52, 63, 55, 57, 62, 58, 61, 60, 64, 65], [70, 74, 66, 69, 68, 71, 77, 72, 75, 73, 78, 76, 79, 80, 83, 81, 84, 82, 87, 85, 86, 88]]
21: [[12, 22, 67, 5, 2, 3, 13, 1, 36, 4, 6, 15, 8, 24, 7, 11, 23, 29, 25, 28, 14, 16], [19, 10, 9, 17, 18, 20, 50, 21, 26, 27, 30, 59, 31, 51, 54, 32, 37, 33, 34, 35, 39, 44], [42, 38, 43, 40, 45, 41, 47, 46, 56, 53, 48, 49, 52, 63, 55, 57, 62, 58, 61, 60, 64, 65], [70, 74, 66, 69, 68, 71, 77, 72, 75, 73, 78, 76, 79, 80, 83, 81, 84, 82, 87, 85, 86, 88]]
22: [[12, 22, 67, 5, 2, 3, 13, 1, 36, 4, 6, 15, 8, 24, 7, 11, 23, 29, 25, 28, 14, 16], [19, 10, 9, 17, 18, 20, 50, 21, 26, 27, 30, 59, 31, 51, 54, 32, 37, 33, 34, 35, 39, 44], [42, 38, 43, 40, 45, 41, 47, 46, 56, 53, 48, 49, 52, 63, 55, 57, 62, 58, 61, 60, 64, 65], [70, 74, 66, 69, 68, 71, 77, 72, 75, 73, 78, 76, 79, 80, 83, 81, 84, 82, 87, 85, 86, 88]]
23: [[12, 22, 67, 5, 2, 3, 13, 1, 36, 4, 6, 15, 8, 24, 7, 11, 23, 29, 25, 28, 14, 16], [19, 10, 9, 17, 18, 20, 50, 21, 26, 27, 30, 59, 31, 51, 54, 32, 37, 33, 34, 35, 39, 44], [42, 38, 43, 40, 45, 41, 47, 46, 56, 53, 48, 49, 52, 63, 55, 57, 62, 58, 61, 60, 64, 65], [70, 74, 66, 69, 68, 71, 77, 72, 75, 73, 78, 76, 79, 80, 83, 81, 84, 82, 87, 85, 86, 88]]
24: [[12, 22, 67, 5, 2, 3, 13, 1, 36, 4, 6, 15, 8, 24, 7, 11, 23, 29, 25, 28, 14, 16], [19, 10, 9, 17, 18, 20, 50, 21, 26, 27, 30, 59, 31, 51, 54, 32, 37, 33, 34, 35, 39, 44], [42, 38, 43, 40, 45, 41, 47, 46, 56, 53, 48, 49, 52, 63, 55, 57, 62, 58, 61, 60, 64, 65], [70, 74, 66, 69, 68, 71, 77, 72, 75, 73, 78, 76, 79, 80, 83, 81, 84, 82, 87, 85, 86, 88]]
25: [[12, 22, 67, 5, 2, 3, 13, 1, 36, 4, 6, 15, 8, 24, 7, 11, 23, 29, 25, 28, 14, 16], [19, 10, 9, 17, 18, 20, 50, 21, 26, 27, 30, 59, 31, 51, 54, 32, 37, 33, 34, 35, 39, 44], [42, 38, 43, 40, 45, 41, 47, 46, 56, 53, 48, 49, 52, 63, 55, 57, 62, 58, 61, 60, 64, 65], [70, 74, 66, 69, 68, 71, 77, 72, 75, 73, 78, 76, 79, 80, 83, 81, 84, 82, 87, 85, 86, 88]]
26: [[12, 22, 67, 5, 2, 3, 13, 1, 36, 4, 6, 15, 8, 24, 7, 11, 23, 29, 25, 28, 14, 16], [19, 10, 9, 17, 18, 20, 50, 21, 26, 27, 30, 59, 31, 51, 54, 32, 37, 33, 34, 35, 39, 44], [42, 38, 43, 40, 45, 41, 47, 46, 56, 53, 48, 49, 52, 63, 55, 57, 62, 58, 61, 60, 64, 65], [70, 74, 66, 69, 68, 71, 77, 72, 75, 73, 78, 76, 79, 80, 83, 81, 84, 82, 87, 85, 86, 88]]
27: [[12, 22, 67, 5, 2, 3, 13, 1, 36, 4, 6, 15, 8, 24, 7, 11, 23, 29, 25, 28, 14, 16], [19, 10, 9, 17, 18, 20, 50, 21, 26, 27, 30, 59, 31, 51, 54, 32, 37, 33, 34, 35, 39, 44], [42, 38, 43, 40, 45, 41, 47, 46, 56, 53, 48, 49, 52, 63, 55, 57, 62, 58, 61, 60, 64, 65], [70, 74, 66, 69, 68, 71, 77, 72, 75, 73, 78, 76, 79, 80, 83, 81, 84, 82, 87, 85, 86, 88]]
28: [[12, 22, 67, 5, 2, 3, 13, 1, 36, 4, 6, 15, 8, 24, 7, 11, 23, 29, 25, 28, 14, 16], [19, 10, 9, 17, 18, 20, 50, 21, 26, 27, 30, 59, 31, 51, 54, 32, 37, 33, 34, 35, 39, 44], [42, 38, 43, 40, 45, 41, 47, 46, 56, 53, 48, 49, 52, 63, 55, 57, 62, 58, 61, 60, 64, 65], [70, 74, 66, 69, 68, 71, 77, 72, 75, 73, 78, 76, 79, 80, 83, 81, 84, 82, 87, 85, 86, 88]]
29: [[12, 22, 67, 5, 2, 3, 13, 1, 36, 4, 6, 15, 8, 24, 7, 11, 23, 29, 25, 28, 14, 16], [19, 10, 9, 17, 18, 20, 50, 21, 26, 27, 30, 59, 31, 51, 54, 32, 37, 33, 34, 35, 39, 44], [42, 38, 43, 40, 45, 41, 47, 46, 56, 53, 48, 49, 52, 63, 55, 57, 62, 58, 61, 60, 64, 65], [70, 74, 66, 69, 68, 71, 77, 72, 75, 73, 78, 76, 79, 80, 83, 81, 84, 82, 87, 85, 86, 88]]
30: [[12, 22, 67, 5, 2, 3, 13, 1, 36, 4, 6, 15, 8, 24, 7, 11, 23, 29, 25, 28, 14, 16], [19, 10, 9, 17, 18, 20, 50, 21, 26, 27, 30, 59, 31, 51, 54, 32, 37, 33, 34, 35, 39, 44], [42, 38, 43, 40, 45, 41, 47, 46, 56, 53, 48, 49, 52, 63, 55, 57, 62, 58, 61, 60, 64, 65], [70, 74, 66, 69, 68, 71, 77, 72, 75, 73, 78, 76, 79, 80, 83, 81, 84, 82, 87, 85, 86, 88]]
31: [[12, 22, 67, 5, 2, 3, 13, 1, 36, 4, 6, 15, 8, 24, 7, 11, 23, 29, 25, 28, 14, 16], [19, 10, 9, 17, 18, 20, 50, 21, 26, 27, 30, 59, 31, 51, 54, 32, 37, 33, 34, 35, 39, 44], [42, 38, 43, 40, 45, 41, 47, 46, 56, 53, 48, 49, 52, 63, 55, 57, 62, 58, 61, 60, 64, 65], [70, 74, 66, 69, 68, 71, 77, 72, 75, 73, 78, 76, 79, 80, 83, 81, 84, 82, 87, 85, 86, 88]]
32: [[12, 22, 67, 5, 2, 3, 13, 1, 36, 4, 6, 15, 8, 24, 7, 11, 23, 29, 25, 28, 14, 16], [19, 10, 9, 17, 18, 20, 50, 21, 26, 27, 30, 59, 31, 51, 54, 32, 37, 33, 34, 35, 39, 44], [42, 38, 43, 40, 45, 41, 47, 46, 56, 53, 48, 49, 52, 63, 55, 57, 62, 58, 61, 60, 64, 65], [70, 74, 66, 69, 68, 71, 77, 72, 75, 73, 78, 76, 79, 80, 83, 81, 84, 82, 87, 85, 86, 88]]
33: [[12, 22, 67, 5, 2, 3, 13, 1, 36, 4, 6, 15, 8, 24, 7, 11, 23, 29, 25, 28, 14, 16], [19, 10, 9, 17, 18, 20, 50, 21, 26, 27, 30, 59, 31, 51, 54, 32, 37, 33, 34, 35, 39, 44], [42, 38, 43, 40, 45, 41, 47, 46, 56, 53, 48, 49, 52, 63, 55, 57, 62, 58, 61, 60, 64, 65], [70, 74, 66, 69, 68, 71, 77, 72, 75, 73, 78, 76, 79, 80, 83, 81, 84, 82, 87, 85, 86, 88]]
34: [[12, 22, 67, 5, 2, 3, 13, 1, 36, 4, 6, 15, 8, 24, 7, 11, 23, 29, 25, 28, 14, 16], [19, 10, 9, 17, 18, 20, 50, 21, 26, 27, 30, 59, 31, 51, 54, 32, 37, 33, 34, 35, 39, 44], [42, 38, 43, 40, 45, 41, 47, 46, 56, 53, 48, 49, 52, 63, 55, 57, 62, 58, 61, 60, 64, 65], [70, 74, 66, 69, 68, 71, 77, 72, 75, 73, 78, 76, 79, 80, 83, 81, 84, 82, 87, 85, 86, 88]]
35: [[12, 22, 67, 5, 2, 3, 13, 1, 36, 4, 6, 15, 8, 24, 7, 11, 23, 29, 25, 28, 14, 16], [19, 10, 9, 17, 18, 20, 50, 21, 26, 27, 30, 59, 31, 51, 54, 32, 37, 33, 34, 35, 39, 44], [42, 38, 43, 40, 45, 41, 47, 46, 56, 53, 48, 49, 52, 63, 55, 57, 62, 58, 61, 60, 64, 65], [70, 74, 66, 69, 68, 71, 77, 72, 75, 73, 78, 76, 79, 80, 83, 81, 84, 82, 87, 85, 86, 88]]
36: [[12, 22, 67, 5, 2, 3, 13, 1, 36, 4, 6, 15, 8, 24, 7, 11, 23, 29, 25, 28, 14, 16], [19, 10, 9, 17, 18, 20, 50, 21, 26, 27, 30, 59, 31, 51, 54, 32, 37, 33, 34, 35, 39, 44], [42, 38, 43, 40, 45, 41, 47, 46, 56, 53, 48, 49, 52, 63, 55, 57, 62, 58, 61, 60, 64, 65], [70, 74, 66, 69, 68, 71, 77, 72, 75, 73, 78, 76, 79, 80, 83, 81, 84, 82, 87, 85, 86, 88]]
37: [[12, 22, 67, 5, 2, 3, 13, 1, 36, 4, 6, 15, 8, 24, 7, 11, 23, 29, 25, 28, 14, 16], [19, 10, 9, 17, 18, 20, 50, 21, 26, 27, 30, 59, 31, 51, 54, 32, 37, 33, 34, 35, 39, 44], [42, 38, 43, 40, 45, 41, 47, 46, 56, 53, 48, 49, 52, 63, 55, 57, 62, 58, 61, 60, 64, 65], [70, 74, 66, 69, 68, 71, 77, 72, 75, 73, 78, 76, 79, 80, 83, 81, 84, 82, 87, 85, 86, 88]]
38: [[12, 22, 67, 5, 2, 3, 13, 1, 36, 4, 6, 15, 8, 24, 7, 11, 23, 29, 25, 28, 14, 16], [19, 10, 9, 17, 18, 20, 50, 21, 26, 27, 30, 59, 31, 51, 54, 32, 37, 33, 34, 35, 39, 44], [42, 38, 43, 40, 45, 41, 47, 46, 56, 53, 48, 49, 52, 63, 55, 57, 62, 58, 61, 60, 64, 65], [70, 74, 66, 69, 68, 71, 77, 72, 75, 73, 78, 76, 79, 80, 83, 81, 84, 82, 87, 85, 86, 88]]
39: [[12, 22, 67, 5, 2, 3, 13, 1, 36, 4, 6, 15, 8, 24, 7, 11, 23, 29, 25, 28, 14, 16], [19, 10, 9, 17, 18, 20, 50, 21, 26, 27, 30, 59, 31, 51, 54, 32, 37, 33, 34, 35, 39, 44], [42, 38, 43, 40, 45, 41, 47, 46, 56, 53, 48, 49, 52, 63, 55, 57, 62, 58, 61, 60, 64, 65], [70, 74, 66, 69, 68, 71, 77, 72, 75, 73, 78, 76, 79, 80, 83, 81, 84, 82, 87, 85, 86, 88]]
40: [[12, 22, 67, 5, 2, 3, 13, 1, 36, 4, 6, 15, 8, 24, 7, 11, 23, 29, 25, 28, 14, 16], [19, 10, 9, 17, 18, 20, 50, 21, 26, 27, 30, 59, 31, 51, 54, 32, 37, 33, 34, 35, 39, 44], [42, 38, 43, 40, 45, 41, 47, 46, 56, 53, 48, 49, 52, 63, 55, 57, 62, 58, 61, 60, 64, 65], [70, 74, 66, 69, 68, 71, 77, 72, 75, 73, 78, 76, 79, 80, 83, 81, 84, 82, 87, 85, 86, 88]]
41: [[12, 22, 67, 5, 2, 3, 13, 1, 36, 4, 6, 15, 8, 24, 7, 11, 23, 29, 25, 28, 14, 16], [19, 10, 9, 17, 18, 20, 50, 21, 26, 27, 30, 59, 31, 51, 54, 32, 37, 33, 34, 35, 39, 44], [42, 38, 43, 40, 45, 41, 47, 46, 56, 53, 48, 49, 52, 63, 55, 57, 62, 58, 61, 60, 64, 65], [70, 74, 66, 69, 68, 71, 77, 72, 75, 73, 78, 76, 79, 80, 83, 81, 84, 82, 87, 85, 86, 88]]
42: [[12, 22, 67, 5, 2, 3, 13, 1, 36, 4, 6, 15, 8, 24, 7, 11, 23, 29, 25, 28, 14, 16], [19, 10, 9, 17, 18, 20, 50, 21, 26, 27, 30, 59, 31, 51, 54, 32, 37, 33, 34, 35, 39, 44], [42, 38, 43, 40, 45, 41, 47, 46, 56, 53, 48, 49, 52, 63, 55, 57, 62, 58, 61, 60, 64, 65], [70, 74, 66, 69, 68, 71, 77, 72, 75, 73, 78, 76, 79, 80, 83, 81, 84, 82, 87, 85, 86, 88]]
43: [[12, 22, 67, 5, 2, 3, 13, 1, 36, 4, 6, 15, 8, 24, 7, 11, 23, 29, 25, 28, 14, 16], [19, 10, 9, 17, 18, 20, 50, 21, 26, 27, 30, 59, 31, 51, 54, 32, 37, 33, 34, 35, 39, 44], [42, 38, 43, 40, 45, 41, 47, 46, 56, 53, 48, 49, 52, 63, 55, 57, 62, 58, 61, 60, 64, 65], [70, 74, 66, 69, 68, 71, 77, 72, 75, 73, 78, 76, 79, 80, 83, 81, 84, 82, 87, 85, 86, 88]]
44: [[12, 22, 67, 5, 2, 3, 13, 1, 36, 4, 6, 15, 8, 24, 7, 11, 23, 29, 25, 28, 14, 16], [19, 10, 9, 17, 18, 20, 50, 21, 26, 27, 30, 59, 31, 51, 54, 32, 37, 33, 34, 35, 39, 44], [42, 38, 43, 40, 45, 41, 47, 46, 56, 53, 48, 49, 52, 63, 55, 57, 62, 58, 61, 60, 64, 65], [70, 74, 66, 69, 68, 71, 77, 72, 75, 73, 78, 76, 79, 80, 83, 81, 84, 82, 87, 85, 86, 88]]
45: [[12, 22, 67, 5, 2, 3, 13, 1, 36, 4, 6, 15, 8, 24, 7, 11, 23, 29, 25, 28, 14, 16], [19, 10, 9, 17, 18, 20, 50, 21, 26, 27, 30, 59, 31, 51, 54, 32, 37, 33, 34, 35, 39, 44], [42, 38, 43, 40, 45, 41, 47, 46, 56, 53, 48, 49, 52, 63, 55, 57, 62, 58, 61, 60, 64, 65], [70, 74, 66, 69, 68, 71, 77, 72, 75, 73, 78, 76, 79, 80, 83, 81, 84, 82, 87, 85, 86, 88]]
46: [[12, 22, 67, 5, 2, 3, 13, 1, 36, 4, 6, 15, 8, 24, 7, 11, 23, 29, 25, 28, 14, 16], [19, 10, 9, 17, 18, 20, 50, 21, 26, 27, 30, 59, 31, 51, 54, 32, 37, 33, 34, 35, 39, 44], [42, 38, 43, 40, 45, 41, 47, 46, 56, 53, 48, 49, 52, 63, 55, 57, 62, 58, 61, 60, 64, 65], [70, 74, 66, 69, 68, 71, 77, 72, 75, 73, 78, 76, 79, 80, 83, 81, 84, 82, 87, 85, 86, 88]]
47: [[12, 22, 67, 5, 2, 3, 13, 1, 36, 4, 6, 15, 8, 24, 7, 11, 23, 29, 25, 28, 14, 16], [19, 10, 9, 17, 18, 20, 50, 21, 26, 27, 30, 59, 31, 51, 54, 32, 37, 33, 34, 35, 39, 44], [42, 38, 43, 40, 45, 41, 47, 46, 56, 53, 48, 49, 52, 63, 55, 57, 62, 58, 61, 60, 64, 65], [70, 74, 66, 69, 68, 71, 77, 72, 75, 73, 78, 76, 79, 80, 83, 81, 84, 82, 87, 85, 86, 88]]
48: [[12, 22, 67, 5, 2, 3, 13, 1, 36, 4, 6, 15, 8, 24, 7, 11, 23, 29, 25, 28, 14, 16], [19, 10, 9, 17, 18, 20, 50, 21, 26, 27, 30, 59, 31, 51, 54, 32, 37, 33, 34, 35, 39, 44], [42, 38, 43, 40, 45, 41, 47, 46, 56, 53, 48, 49, 52, 63, 55, 57, 62, 58, 61, 60, 64, 65], [70, 74, 66, 69, 68, 71, 77, 72, 75, 73, 78, 76, 79, 80, 83, 81, 84, 82, 87, 85, 86, 88]]
49: [[12, 22, 67, 5, 2, 3, 13, 1, 36, 4, 6, 15, 8, 24, 7, 11, 23, 29, 25, 28, 14, 16], [19, 10, 9, 17, 18, 20, 50, 21, 26, 27, 30, 59, 31, 51, 54, 32, 37, 33, 34, 35, 39, 44], [42, 38, 43, 40, 45, 41, 47, 46, 56, 53, 48, 49, 52, 63, 55, 57, 62, 58, 61, 60, 64, 65], [70, 74, 66, 69, 68, 71, 77, 72, 75, 73, 78, 76, 79, 80, 83, 81, 84, 82, 87, 85, 86, 88]]
50: [[12, 22, 67, 5, 2, 3, 13, 1, 36, 4, 6, 15, 8, 24, 7, 11, 23, 29, 25, 28, 14, 16], [19, 10, 9, 17, 18, 20, 50, 21, 26, 27, 30, 59, 31, 51, 54, 32, 37, 33, 34, 35, 39, 44], [42, 38, 43, 40, 45, 41, 47, 46, 56, 53, 48, 49, 52, 63, 55, 57, 62, 58, 61, 60, 64, 65], [70, 74, 66, 69, 68, 71, 77, 72, 75, 73, 78, 76, 79, 80, 83, 81, 84, 82, 87, 85, 86, 88]]
51: [[12, 22, 67, 5, 2, 3, 13, 1, 36, 4, 6, 15, 8, 24, 7, 11, 23, 29, 25, 28, 14, 16], [19, 10, 9, 17, 18, 20, 50, 21, 26, 27, 30, 59, 31, 51, 54, 32, 37, 33, 34, 35, 39, 44], [42, 38, 43, 40, 45, 41, 47, 46, 56, 53, 48, 49, 52, 63, 55, 57, 62, 58, 61, 60, 64, 65], [70, 74, 66, 69, 68, 71, 77, 72, 75, 73, 78, 76, 79, 80, 83, 81, 84, 82, 87, 85, 86, 88]]
52: [[12, 22, 67, 5, 2, 3, 13, 1, 36, 4, 6, 15, 8, 24, 7, 11, 23, 29, 25, 28, 14, 16], [19, 10, 9, 17, 18, 20, 50, 21, 26, 27, 30, 59, 31, 51, 54, 32, 37, 33, 34, 35, 39, 44], [42, 38, 43, 40, 45, 41, 47, 46, 56, 53, 48, 49, 52, 63, 55, 57, 62, 58, 61, 60, 64, 65], [70, 74, 66, 69, 68, 71, 77, 72, 75, 73, 78, 76, 79, 80, 83, 81, 84, 82, 87, 85, 86, 88]]
53: [[12, 22, 67, 5, 2, 3, 13, 1, 36, 4, 6, 15, 8, 24, 7, 11, 23, 29, 25, 28, 14, 16], [19, 10, 9, 17, 18, 20, 50, 21, 26, 27, 30, 59, 31, 51, 54, 32, 37, 33, 34, 35, 39, 44], [42, 38, 43, 40, 45, 41, 47, 46, 56, 53, 48, 49, 52, 63, 55, 57, 62, 58, 61, 60, 64, 65], [70, 74, 66, 69, 68, 71, 77, 72, 75, 73, 78, 76, 79, 80, 83, 81, 84, 82, 87, 85, 86, 88]]
54: [[12, 22, 67, 5, 2, 3, 13, 1, 36, 4, 6, 15, 8, 24, 7, 11, 23, 29, 25, 28, 14, 16], [19, 10, 9, 17, 18, 20, 50, 21, 26, 27, 30, 59, 31, 51, 54, 32, 37, 33, 34, 35, 39, 44], [42, 38, 43, 40, 45, 41, 47, 46, 56, 53, 48, 49, 52, 63, 55, 57, 62, 58, 61, 60, 64, 65], [70, 74, 66, 69, 68, 71, 77, 72, 75, 73, 78, 76, 79, 80, 83, 81, 84, 82, 87, 85, 86, 88]]
55: [[12, 22, 67, 5, 2, 3, 13, 1, 36, 4, 6, 15, 8, 24, 7, 11, 23, 29, 25, 28, 14, 16], [19, 10, 9, 17, 18, 20, 50, 21, 26, 27, 30, 59, 31, 51, 54, 32, 37, 33, 34, 35, 39, 44], [42, 38, 43, 40, 45, 41, 47, 46, 56, 53, 48, 49, 52, 63, 55, 57, 62, 58, 61, 60, 64, 65], [70, 74, 66, 69, 68, 71, 77, 72, 75, 73, 78, 76, 79, 80, 83, 81, 84, 82, 87, 85, 86, 88]]
56: [[12, 22, 67, 5, 2, 3, 13, 1, 36, 4, 6, 15, 8, 24, 7, 11, 23, 29, 25, 28, 14, 16], [19, 10, 9, 17, 18, 20, 50, 21, 26, 27, 30, 59, 31, 51, 54, 32, 37, 33, 34, 35, 39, 44], [42, 38, 43, 40, 45, 41, 47, 46, 56, 53, 48, 49, 52, 63, 55, 57, 62, 58, 61, 60, 64, 65], [70, 74, 66, 69, 68, 71, 77, 72, 75, 73, 78, 76, 79, 80, 83, 81, 84, 82, 87, 85, 86, 88]]
57: [[12, 22, 67, 5, 2, 3, 13, 1, 36, 4, 6, 15, 8, 24, 7, 11, 23, 29, 25, 28, 14, 16], [19, 10, 9, 17, 18, 20, 50, 21, 26, 27, 30, 59, 31, 51, 54, 32, 37, 33, 34, 35, 39, 44], [42, 38, 43, 40, 45, 41, 47, 46, 56, 53, 48, 49, 52, 63, 55, 57, 62, 58, 61, 60, 64, 65], [70, 74, 66, 69, 68, 71, 77, 72, 75, 73, 78, 76, 79, 80, 83, 81, 84, 82, 87, 85, 86, 88]]
58: [[12, 22, 67, 5, 2, 3, 13, 1, 36, 4, 6, 15, 8, 24, 7, 11, 23, 29, 25, 28, 14, 16], [19, 10, 9, 17, 18, 20, 50, 21, 26, 27, 30, 59, 31, 51, 54, 32, 37, 33, 34, 35, 39, 44], [42, 38, 43, 40, 45, 41, 47, 46, 56, 53, 48, 49, 52, 63, 55, 57, 62, 58, 61, 60, 64, 65], [70, 74, 66, 69, 68, 71, 77, 72, 75, 73, 78, 76, 79, 80, 83, 81, 84, 82, 87, 85, 86, 88]]
59: [[12, 22, 67, 5, 2, 3, 13, 1, 36, 4, 6, 15, 8, 24, 7, 11, 23, 29, 25, 28, 14, 16], [19, 10, 9, 17, 18, 20, 50, 21, 26, 27, 30, 59, 31, 51, 54, 32, 37, 33, 34, 35, 39, 44], [42, 38, 43, 40, 45, 41, 47, 46, 56, 53, 48, 49, 52, 63, 55, 57, 62, 58, 61, 60, 64, 65], [70, 74, 66, 69, 68, 71, 77, 72, 75, 73, 78, 76, 79, 80, 83, 81, 84, 82, 87, 85, 86, 88]]
60: [[12, 22, 67, 5, 2, 3, 13, 1, 36, 4, 6, 15, 8, 24, 7, 11, 23, 29, 25, 28, 14, 16], [19, 10, 9, 17, 18, 20, 50, 21, 26, 27, 30, 59, 31, 51, 54, 32, 37, 33, 34, 35, 39, 44], [42, 38, 43, 40, 45, 41, 47, 46, 56, 53, 48, 49, 52, 63, 55, 57, 62, 58, 61, 60, 64, 65], [70, 74, 66, 69, 68, 71, 77, 72, 75, 73, 78, 76, 79, 80, 83, 81, 84, 82, 87, 85, 86, 88]]
61: [[12, 22, 67, 5, 2, 3, 13, 1, 36, 4, 6, 15, 8, 24, 7, 11, 23, 29, 25, 28, 14, 16], [19, 10, 9, 17, 18, 20, 50, 21, 26, 27, 30, 59, 31, 51, 54, 32, 37, 33, 34, 35, 39, 44], [42, 38, 43, 40, 45, 41, 47, 46, 56, 53, 48, 49, 52, 63, 55, 57, 62, 58, 61, 60, 64, 65], [70, 74, 66, 69, 68, 71, 77, 72, 75, 73, 78, 76, 79, 80, 83, 81, 84, 82, 87, 85, 86, 88]]
62: [[12, 22, 67, 5, 2, 3, 13, 1, 36, 4, 6, 15, 8, 24, 7, 11, 23, 29, 25, 28, 14, 16], [19, 10, 9, 17, 18, 20, 50, 21, 26, 27, 30, 59, 31, 51, 54, 32, 37, 33, 34, 35, 39, 44], [42, 38, 43, 40, 45, 41, 47, 46, 56, 53, 48, 49, 52, 63, 55, 57, 62, 58, 61, 60, 64, 65], [70, 74, 66, 69, 68, 71, 77, 72, 75, 73, 78, 76, 79, 80, 83, 81, 84, 82, 87, 85, 86, 88]]
63: [[12, 22, 67, 5, 2, 3, 13, 1, 36, 4, 6, 15, 8, 24, 7, 11, 23, 29, 25, 28, 14, 16], [19, 10, 9, 17, 18, 20, 50, 21, 26, 27, 30, 59, 31, 51, 54, 32, 37, 33, 34, 35, 39, 44], [42, 38, 43, 40, 45, 41, 47, 46, 56, 53, 48, 49, 52, 63, 55, 57, 62, 58, 61, 60, 64, 65], [70, 74, 66, 69, 68, 71, 77, 72, 75, 73, 78, 76, 79, 80, 83, 81, 84, 82, 87, 85, 86, 88]]
64: [[12, 22, 67, 5, 2, 3, 13, 1, 36, 4, 6, 15, 8, 24, 7, 11, 23, 29, 25, 28, 14, 16], [19, 10, 9, 17, 18, 20, 50, 21, 26, 27, 30, 59, 31, 51, 54, 32, 37, 33, 34, 35, 39, 44], [42, 38, 43, 40, 45, 41, 47, 46, 56, 53, 48, 49, 52, 63, 55, 57, 62, 58, 61, 60, 64, 65], [70, 74, 66, 69, 68, 71, 77, 72, 75, 73, 78, 76, 79, 80, 83, 81, 84, 82, 87, 85, 86, 88]]
65: [[12, 22, 67, 5, 2, 3, 13, 1, 36, 4, 6, 15, 8, 24, 7, 11, 23, 29, 25, 28, 14, 16], [19, 10, 9, 17, 18, 20, 50, 21, 26, 27, 30, 59, 31, 51, 54, 32, 37, 33, 34, 35, 39, 44], [42, 38, 43, 40, 45, 41, 47, 46, 56, 53, 48, 49, 52, 63, 55, 57, 62, 58, 61, 60, 64, 65], [70, 74, 66, 69, 68, 71, 77, 72, 75, 73, 78, 76, 79, 80, 83, 81, 84, 82, 87, 85, 86, 88]]
66: [[12, 22, 67, 5, 2, 3, 13, 1, 36, 4, 6, 15, 8, 24, 7, 11, 23, 29, 25, 28, 14, 16], [19, 10, 9, 17, 18, 20, 50, 21, 26, 27, 30, 59, 31, 51, 54, 32, 37, 33, 34, 35, 39, 44], [42, 38, 43, 40, 45, 41, 47, 46, 56, 53, 48, 49, 52, 63, 55, 57, 62, 58, 61, 60, 64, 65], [70, 74, 66, 69, 68, 71, 77, 72, 75, 73, 78, 76, 79, 80, 83, 81, 84, 82, 87, 85, 86, 88]]
67: [[12, 22, 67, 5, 2, 3, 13, 1, 36, 4, 6, 15, 8, 24, 7, 11, 23, 29, 25, 28, 14, 16], [19, 10, 9, 17, 18, 20, 50, 21, 26, 27, 30, 59, 31, 51, 54, 32, 37, 33, 34, 35, 39, 44], [42, 38, 43, 40, 45, 41, 47, 46, 56, 53, 48, 49, 52, 63, 55, 57, 62, 58, 61, 60, 64, 65], [70, 74, 66, 69, 68, 71, 77, 72, 75, 73, 78, 76, 79, 80, 83, 81, 84, 82, 87, 85, 86, 88]]
68: [[12, 22, 67, 5, 2, 3, 13, 1, 36, 4, 6, 15, 8, 24, 7, 11, 23, 29, 25, 28, 14, 16], [19, 10, 9, 17, 18, 20, 50, 21, 26, 27, 30, 59, 31, 51, 54, 32, 37, 33, 34, 35, 39, 44], [42, 38, 43, 40, 45, 41, 47, 46, 56, 53, 48, 49, 52, 63, 55, 57, 62, 58, 61, 60, 64, 65], [70, 74, 66, 69, 68, 71, 77, 72, 75, 73, 78, 76, 79, 80, 83, 81, 84, 82, 87, 85, 86, 88]]
69: [[12, 22, 67, 5, 2, 3, 13, 1, 36, 4, 6, 15, 8, 24, 7, 11, 23, 29, 25, 28, 14, 16], [19, 10, 9, 17, 18, 20, 50, 21, 26, 27, 30, 59, 31, 51, 54, 32, 37, 33, 34, 35, 39, 44], [42, 38, 43, 40, 45, 41, 47, 46, 56, 53, 48, 49, 52, 63, 55, 57, 62, 58, 61, 60, 64, 65], [70, 74, 66, 69, 68, 71, 77, 72, 75, 73, 78, 76, 79, 80, 83, 81, 84, 82, 87, 85, 86, 88]]
70: [[12, 22, 67, 5, 2, 3, 13, 1, 36, 4, 6, 15, 8, 24, 7, 11, 23, 29, 25, 28, 14, 16], [19, 10, 9, 17, 18, 20, 50, 21, 26, 27, 30, 59, 31, 51, 54, 32, 37, 33, 34, 35, 39, 44], [42, 38, 43, 40, 45, 41, 47, 46, 56, 53, 48, 49, 52, 63, 55, 57, 62, 58, 61, 60, 64, 65], [70, 74, 66, 69, 68, 71, 77, 72, 75, 73, 78, 76, 79, 80, 83, 81, 84, 82, 87, 85, 86, 88]]
71: [[12, 22, 67, 5, 2, 3, 13, 1, 36, 4, 6, 15, 8, 24, 7, 11, 23, 29, 25, 28, 14, 16], [19, 10, 9, 17, 18, 20, 50, 21, 26, 27, 30, 59, 31, 51, 54, 32, 37, 33, 34, 35, 39, 44], [42, 38, 43, 40, 45, 41, 47, 46, 56, 53, 48, 49, 52, 63, 55, 57, 62, 58, 61, 60, 64, 65], [70, 74, 66, 69, 68, 71, 77, 72, 75, 73, 78, 76, 79, 80, 83, 81, 84, 82, 87, 85, 86, 88]]
72: [[12, 22, 67, 5, 2, 3, 13, 1, 36, 4, 6, 15, 8, 24, 7, 11, 23, 29, 25, 28, 14, 16], [19, 10, 9, 17, 18, 20, 50, 21, 26, 27, 30, 59, 31, 51, 54, 32, 37, 33, 34, 35, 39, 44], [42, 38, 43, 40, 45, 41, 47, 46, 56, 53, 48, 49, 52, 63, 55, 57, 62, 58, 61, 60, 64, 65], [70, 74, 66, 69, 68, 71, 77, 72, 75, 73, 78, 76, 79, 80, 83, 81, 84, 82, 87, 85, 86, 88]]
73: [[12, 22, 67, 5, 2, 3, 13, 1, 36, 4, 6, 15, 8, 24, 7, 11, 23, 29, 25, 28, 14, 16], [19, 10, 9, 17, 18, 20, 50, 21, 26, 27, 30, 59, 31, 51, 54, 32, 37, 33, 34, 35, 39, 44], [42, 38, 43, 40, 45, 41, 47, 46, 56, 53, 48, 49, 52, 63, 55, 57, 62, 58, 61, 60, 64, 65], [70, 74, 66, 69, 68, 71, 77, 72, 75, 73, 78, 76, 79, 80, 83, 81, 84, 82, 87, 85, 86, 88]]
74: [[12, 22, 67, 5, 2, 3, 13, 1, 36, 4, 6, 15, 8, 24, 7, 11, 23, 29, 25, 28, 14, 16], [19, 10, 9, 17, 18, 20, 50, 21, 26, 27, 30, 59, 31, 51, 54, 32, 37, 33, 34, 35, 39, 44], [42, 38, 43, 40, 45, 41, 47, 46, 56, 53, 48, 49, 52, 63, 55, 57, 62, 58, 61, 60, 64, 65], [70, 74, 66, 69, 68, 71, 77, 72, 75, 73, 78, 76, 79, 80, 83, 81, 84, 82, 87, 85, 86, 88]]
75: [[12, 22, 67, 5, 2, 3, 13, 1, 36, 4, 6, 15, 8, 24, 7, 11, 23, 29, 25, 28, 14, 16], [19, 10, 9, 17, 18, 20, 50, 21, 26, 27, 30, 59, 31, 51, 54, 32, 37, 33, 34, 35, 39, 44], [42, 38, 43, 40, 45, 41, 47, 46, 56, 53, 48, 49, 52, 63, 55, 57, 62, 58, 61, 60, 64, 65], [70, 74, 66, 69, 68, 71, 77, 72, 75, 73, 78, 76, 79, 80, 83, 81, 84, 82, 87, 85, 86, 88]]
76: [[12, 22, 67, 5, 2, 3, 13, 1, 36, 4, 6, 15, 8, 24, 7, 11, 23, 29, 25, 28, 14, 16], [19, 10, 9, 17, 18, 20, 50, 21, 26, 27, 30, 59, 31, 51, 54, 32, 37, 33, 34, 35, 39, 44], [42, 38, 43, 40, 45, 41, 47, 46, 56, 53, 48, 49, 52, 63, 55, 57, 62, 58, 61, 60, 64, 65], [70, 74, 66, 69, 68, 71, 77, 72, 75, 73, 78, 76, 79, 80, 83, 81, 84, 82, 87, 85, 86, 88]]
77: [[12, 22, 67, 5, 2, 3, 13, 1, 36, 4, 6, 15, 8, 24, 7, 11, 23, 29, 25, 28, 14, 16], [19, 10, 9, 17, 18, 20, 50, 21, 26, 27, 30, 59, 31, 51, 54, 32, 37, 33, 34, 35, 39, 44], [42, 38, 43, 40, 45, 41, 47, 46, 56, 53, 48, 49, 52, 63, 55, 57, 62, 58, 61, 60, 64, 65], [70, 74, 66, 69, 68, 71, 77, 72, 75, 73, 78, 76, 79, 80, 83, 81, 84, 82, 87, 85, 86, 88]]
78: [[12, 22, 67, 5, 2, 3, 13, 1, 36, 4, 6, 15, 8, 24, 7, 11, 23, 29, 25, 28, 14, 16], [19, 10, 9, 17, 18, 20, 50, 21, 26, 27, 30, 59, 31, 51, 54, 32, 37, 33, 34, 35, 39, 44], [42, 38, 43, 40, 45, 41, 47, 46, 56, 53, 48, 49, 52, 63, 55, 57, 62, 58, 61, 60, 64, 65], [70, 74, 66, 69, 68, 71, 77, 72, 75, 73, 78, 76, 79, 80, 83, 81, 84, 82, 87, 85, 86, 88]]
79: [[12, 22, 67, 5, 2, 3, 13, 1, 36, 4, 6, 15, 8, 24, 7, 11, 23, 29, 25, 28, 14, 16], [19, 10, 9, 17, 18, 20, 50, 21, 26, 27, 30, 59, 31, 51, 54, 32, 37, 33, 34, 35, 39, 44], [42, 38, 43, 40, 45, 41, 47, 46, 56, 53, 48, 49, 52, 63, 55, 57, 62, 58, 61, 60, 64, 65], [70, 74, 66, 69, 68, 71, 77, 72, 75, 73, 78, 76, 79, 80, 83, 81, 84, 82, 87, 85, 86, 88]]
80: [[12, 22, 67, 5, 2, 3, 13, 1, 36, 4, 6, 15, 8, 24, 7, 11, 23, 29, 25, 28, 14, 16], [19, 10, 9, 17, 18, 20, 50, 21, 26, 27, 30, 59, 31, 51, 54, 32, 37, 33, 34, 35, 39, 44], [42, 38, 43, 40, 45, 41, 47, 46, 56, 53, 48, 49, 52, 63, 55, 57, 62, 58, 61, 60, 64, 65], [70, 74, 66, 69, 68, 71, 77, 72, 75, 73, 78, 76, 79, 80, 83, 81, 84, 82, 87, 85, 86, 88]]
81: [[12, 22, 67, 5, 2, 3, 13, 1, 36, 4, 6, 15, 8, 24, 7, 11, 23, 29, 25, 28, 14, 16], [19, 10, 9, 17, 18, 20, 50, 21, 26, 27, 30, 59, 31, 51, 54, 32, 37, 33, 34, 35, 39, 44], [42, 38, 43, 40, 45, 41, 47, 46, 56, 53, 48, 49, 52, 63, 55, 57, 62, 58, 61, 60, 64, 65], [70, 74, 66, 69, 68, 71, 77, 72, 75, 73, 78, 76, 79, 80, 83, 81, 84, 82, 87, 85, 86, 88]]
82: [[12, 22, 67, 5, 2, 3, 13, 1, 36, 4, 6, 15, 8, 24, 7, 11, 23, 29, 25, 28, 14, 16], [19, 10, 9, 17, 18, 20, 50, 21, 26, 27, 30, 59, 31, 51, 54, 32, 37, 33, 34, 35, 39, 44], [42, 38, 43, 40, 45, 41, 47, 46, 56, 53, 48, 49, 52, 63, 55, 57, 62, 58, 61, 60, 64, 65], [70, 74, 66, 69, 68, 71, 77, 72, 75, 73, 78, 76, 79, 80, 83, 81, 84, 82, 87, 85, 86, 88]]
83: [[12, 22, 67, 5, 2, 3, 13, 1, 36, 4, 6, 15, 8, 24, 7, 11, 23, 29, 25, 28, 14, 16], [19, 10, 9, 17, 18, 20, 50, 21, 26, 27, 30, 59, 31, 51, 54, 32, 37, 33, 34, 35, 39, 44], [42, 38, 43, 40, 45, 41, 47, 46, 56, 53, 48, 49, 52, 63, 55, 57, 62, 58, 61, 60, 64, 65], [70, 74, 66, 69, 68, 71, 77, 72, 75, 73, 78, 76, 79, 80, 83, 81, 84, 82, 87, 85, 86, 88]]
84: [[12, 22, 67, 5, 2, 3, 13, 1, 36, 4, 6, 15, 8, 24, 7, 11, 23, 29, 25, 28, 14, 16], [19, 10, 9, 17, 18, 20, 50, 21, 26, 27, 30, 59, 31, 51, 54, 32, 37, 33, 34, 35, 39, 44], [42, 38, 43, 40, 45, 41, 47, 46, 56, 53, 48, 49, 52, 63, 55, 57, 62, 58, 61, 60, 64, 65], [70, 74, 66, 69, 68, 71, 77, 72, 75, 73, 78, 76, 79, 80, 83, 81, 84, 82, 87, 85, 86, 88]]
85: [[12, 22, 67, 5, 2, 3, 13, 1, 36, 4, 6, 15, 8, 24, 7, 11, 23, 29, 25, 28, 14, 16], [19, 10, 9, 17, 18, 20, 50, 21, 26, 27, 30, 59, 31, 51, 54, 32, 37, 33, 34, 35, 39, 44], [42, 38, 43, 40, 45, 41, 47, 46, 56, 53, 48, 49, 52, 63, 55, 57, 62, 58, 61, 60, 64, 65], [70, 74, 66, 69, 68, 71, 77, 72, 75, 73, 78, 76, 79, 80, 83, 81, 84, 82, 87, 85, 86, 88]]
86: [[12, 22, 67, 5, 2, 3, 13, 1, 36, 4, 6, 15, 8, 24, 7, 11, 23, 29, 25, 28, 14, 16], [19, 10, 9, 17, 18, 20, 50, 21, 26, 27, 30, 59, 31, 51, 54, 32, 37, 33, 34, 35, 39, 44], [42, 38, 43, 40, 45, 41, 47, 46, 56, 53, 48, 49, 52, 63, 55, 57, 62, 58, 61, 60, 64, 65], [70, 74, 66, 69, 68, 71, 77, 72, 75, 73, 78, 76, 79, 80, 83, 81, 84, 82, 87, 85, 86, 88]]
87: [[12, 22, 67, 5, 2, 3, 13, 1, 36, 4, 6, 15, 8, 24, 7, 11, 23, 29, 25, 28, 14, 16], [19, 10, 9, 17, 18, 20, 50, 21, 26, 27, 30, 59, 31, 51, 54, 32, 37, 33, 34, 35, 39, 44], [42, 38, 43, 40, 45, 41, 47, 46, 56, 53, 48, 49, 52, 63, 55, 57, 62, 58, 61, 60, 64, 65], [70, 74, 66, 69, 68, 71, 77, 72, 75, 73, 78, 76, 79, 80, 83, 81, 84, 82, 87, 85, 86, 88]]
88: [[12, 22, 67, 5, 2, 3, 13, 1, 36, 4, 6, 15, 8, 24, 7, 11, 23, 29, 25, 28, 14, 16], [19, 10, 9, 17, 18, 20, 50, 21, 26, 27, 30, 59, 31, 51, 54, 32, 37, 33, 34, 35, 39, 44], [42, 38, 43, 40, 45, 41, 47, 46, 56, 53, 48, 49, 52, 63, 55, 57, 62, 58, 61, 60, 64, 65], [70, 74, 66, 69, 68, 71, 77, 72, 75, 73, 78, 76, 79, 80, 83, 81, 84, 82, 87, 85, 86, 88]]
89: [[12, 22, 67, 5, 2, 3, 13, 1, 36, 4, 6, 15, 8, 24, 7, 11, 23, 29, 25, 28, 14, 16], [19, 10, 9, 17, 18, 20, 50, 21, 26, 27, 30, 59, 31, 51, 54, 32, 37, 33, 34, 35, 39, 44], [42, 38, 43, 40, 45, 41, 47, 46, 56, 53, 48, 49, 52, 63, 55, 57, 62, 58, 61, 60, 64, 65], [70, 74, 66, 69, 68, 71, 77, 72, 75, 73, 78, 76, 79, 80, 83, 81, 84, 82, 87, 85, 86, 88]]
90: [[12, 22, 67, 5, 2, 3, 13, 1, 36, 4, 6, 15, 8, 24, 7, 11, 23, 29, 25, 28, 14, 16], [19, 10, 9, 17, 18, 20, 50, 21, 26, 27, 30, 59, 31, 51, 54, 32, 37, 33, 34, 35, 39, 44], [42, 38, 43, 40, 45, 41, 47, 46, 56, 53, 48, 49, 52, 63, 55, 57, 62, 58, 61, 60, 64, 65], [70, 74, 66, 69, 68, 71, 77, 72, 75, 73, 78, 76, 79, 80, 83, 81, 84, 82, 87, 85, 86, 88]]
91: [[12, 22, 67, 5, 2, 3, 13, 1, 36, 4, 6, 15, 8, 24, 7, 11, 23, 29, 25, 28, 14, 16], [19, 10, 9, 17, 18, 20, 50, 21, 26, 27, 30, 59, 31, 51, 54, 32, 37, 33, 34, 35, 39, 44], [42, 38, 43, 40, 45, 41, 47, 46, 56, 53, 48, 49, 52, 63, 55, 57, 62, 58, 61, 60, 64, 65], [70, 74, 66, 69, 68, 71, 77, 72, 75, 73, 78, 76, 79, 80, 83, 81, 84, 82, 87, 85, 86, 88]]
92: [[12, 22, 67, 5, 2, 3, 13, 1, 36, 4, 6, 15, 8, 24, 7, 11, 23, 29, 25, 28, 14, 16], [19, 10, 9, 17, 18, 20, 50, 21, 26, 27, 30, 59, 31, 51, 54, 32, 37, 33, 34, 35, 39, 44], [42, 38, 43, 40, 45, 41, 47, 46, 56, 53, 48, 49, 52, 63, 55, 57, 62, 58, 61, 60, 64, 65], [70, 74, 66, 69, 68, 71, 77, 72, 75, 73, 78, 76, 79, 80, 83, 81, 84, 82, 87, 85, 86, 88]]
93: [[12, 22, 67, 5, 2, 3, 13, 1, 36, 4, 6, 15, 8, 24, 7, 11, 23, 29, 25, 28, 14, 16], [19, 10, 9, 17, 18, 20, 50, 21, 26, 27, 30, 59, 31, 51, 54, 32, 37, 33, 34, 35, 39, 44], [42, 38, 43, 40, 45, 41, 47, 46, 56, 53, 48, 49, 52, 63, 55, 57, 62, 58, 61, 60, 64, 65], [70, 74, 66, 69, 68, 71, 77, 72, 75, 73, 78, 76, 79, 80, 83, 81, 84, 82, 87, 85, 86, 88]]
94: [[12, 22, 67, 5, 2, 3, 13, 1, 36, 4, 6, 15, 8, 24, 7, 11, 23, 29, 25, 28, 14, 16], [19, 10, 9, 17, 18, 20, 50, 21, 26, 27, 30, 59, 31, 51, 54, 32, 37, 33, 34, 35, 39, 44], [42, 38, 43, 40, 45, 41, 47, 46, 56, 53, 48, 49, 52, 63, 55, 57, 62, 58, 61, 60, 64, 65], [70, 74, 66, 69, 68, 71, 77, 72, 75, 73, 78, 76, 79, 80, 83, 81, 84, 82, 87, 85, 86, 88]]
95: [[12, 22, 67, 5, 2, 3, 13, 1, 36, 4, 6, 15, 8, 24, 7, 11, 23, 29, 25, 28, 14, 16], [19, 10, 9, 17, 18, 20, 50, 21, 26, 27, 30, 59, 31, 51, 54, 32, 37, 33, 34, 35, 39, 44], [42, 38, 43, 40, 45, 41, 47, 46, 56, 53, 48, 49, 52, 63, 55, 57, 62, 58, 61, 60, 64, 65], [70, 74, 66, 69, 68, 71, 77, 72, 75, 73, 78, 76, 79, 80, 83, 81, 84, 82, 87, 85, 86, 88]]
96: [[12, 22, 67, 5, 2, 3, 13, 1, 36, 4, 6, 15, 8, 24, 7, 11, 23, 29, 25, 28, 14, 16], [19, 10, 9, 17, 18, 20, 50, 21, 26, 27, 30, 59, 31, 51, 54, 32, 37, 33, 34, 35, 39, 44], [42, 38, 43, 40, 45, 41, 47, 46, 56, 53, 48, 49, 52, 63, 55, 57, 62, 58, 61, 60, 64, 65], [70, 74, 66, 69, 68, 71, 77, 72, 75, 73, 78, 76, 79, 80, 83, 81, 84, 82, 87, 85, 86, 88]]
97: [[12, 22, 67, 5, 2, 3, 13, 1, 36, 4, 6, 15, 8, 24, 7, 11, 23, 29, 25, 28, 14, 16], [19, 10, 9, 17, 18, 20, 50, 21, 26, 27, 30, 59, 31, 51, 54, 32, 37, 33, 34, 35, 39, 44], [42, 38, 43, 40, 45, 41, 47, 46, 56, 53, 48, 49, 52, 63, 55, 57, 62, 58, 61, 60, 64, 65], [70, 74, 66, 69, 68, 71, 77, 72, 75, 73, 78, 76, 79, 80, 83, 81, 84, 82, 87, 85, 86, 88]]
98: [[12, 22, 67, 5, 2, 3, 13, 1, 36, 4, 6, 15, 8, 24, 7, 11, 23, 29, 25, 28, 14, 16], [19, 10, 9, 17, 18, 20, 50, 21, 26, 27, 30, 59, 31, 51, 54, 32, 37, 33, 34, 35, 39, 44], [42, 38, 43, 40, 45, 41, 47, 46, 56, 53, 48, 49, 52, 63, 55, 57, 62, 58, 61, 60, 64, 65], [70, 74, 66, 69, 68, 71, 77, 72, 75, 73, 78, 76, 79, 80, 83, 81, 84, 82, 87, 85, 86, 88]]
99: [[12, 22, 67, 5, 2, 3, 13, 1, 36, 4, 6, 15, 8, 24, 7, 11, 23, 29, 25, 28, 14, 16], [19, 10, 9, 17, 18, 20, 50, 21, 26, 27, 30, 59, 31, 51, 54, 32, 37, 33, 34, 35, 39, 44], [42, 38, 43, 40, 45, 41, 47, 46, 56, 53, 48, 49, 52, 63, 55, 57, 62, 58, 61, 60, 64, 65], [70, 74, 66, 69, 68, 71, 77, 72, 75, 73, 78, 76, 79, 80, 83, 81, 84, 82, 87, 85, 86, 88]]
100: [[12, 22, 67, 5, 2, 3, 13, 1, 36, 4, 6, 15, 8, 24, 7, 11, 23, 29, 25, 28, 14, 16], [19, 10, 9, 17, 18, 20, 50, 21, 26, 27, 30, 59, 31, 51, 54, 32, 37, 33, 34, 35, 39, 44], [42, 38, 43, 40, 45, 41, 47, 46, 56, 53, 48, 49, 52, 63, 55, 57, 62, 58, 61, 60, 64, 65], [70, 74, 66, 69, 68, 71, 77, 72, 75, 73, 78, 76, 79, 80, 83, 81, 84, 82, 87, 85, 86, 88]]
101: [[12, 22, 67, 5, 2, 3, 13, 1, 36, 4, 6, 15, 8, 24, 7, 11, 23, 29, 25, 28, 14, 16], [19, 10, 9, 17, 18, 20, 50, 21, 26, 27, 30, 59, 31, 51, 54, 32, 37, 33, 34, 35, 39, 44], [42, 38, 43, 40, 45, 41, 47, 46, 56, 53, 48, 49, 52, 63, 55, 57, 62, 58, 61, 60, 64, 65], [70, 74, 66, 69, 68, 71, 77, 72, 75, 73, 78, 76, 79, 80, 83, 81, 84, 82, 87, 85, 86, 88]]
102: [[12, 22, 67, 5, 2, 3, 13, 1, 36, 4, 6, 15, 8, 24, 7, 11, 23, 29, 25, 28, 14, 16], [19, 10, 9, 17, 18, 20, 50, 21, 26, 27, 30, 59, 31, 51, 54, 32, 37, 33, 34, 35, 39, 44], [42, 38, 43, 40, 45, 41, 47, 46, 56, 53, 48, 49, 52, 63, 55, 57, 62, 58, 61, 60, 64, 65], [70, 74, 66, 69, 68, 71, 77, 72, 75, 73, 78, 76, 79, 80, 83, 81, 84, 82, 87, 85, 86, 88]]
103: [[12, 22, 67, 5, 2, 3, 13, 1, 36, 4, 6, 15, 8, 24, 7, 11, 23, 29, 25, 28, 14, 16], [19, 10, 9, 17, 18, 20, 50, 21, 26, 27, 30, 59, 31, 51, 54, 32, 37, 33, 34, 35, 39, 44], [42, 38, 43, 40, 45, 41, 47, 46, 56, 53, 48, 49, 52, 63, 55, 57, 62, 58, 61, 60, 64, 65], [70, 74, 66, 69, 68, 71, 77, 72, 75, 73, 78, 76, 79, 80, 83, 81, 84, 82, 87, 85, 86, 88]]
104: [[12, 22, 67, 5, 2, 3, 13, 1, 36, 4, 6, 15, 8, 24, 7, 11, 23, 29, 25, 28, 14, 16], [19, 10, 9, 17, 18, 20, 50, 21, 26, 27, 30, 59, 31, 51, 54, 32, 37, 33, 34, 35, 39, 44], [42, 38, 43, 40, 45, 41, 47, 46, 56, 53, 48, 49, 52, 63, 55, 57, 62, 58, 61, 60, 64, 65], [70, 74, 66, 69, 68, 71, 77, 72, 75, 73, 78, 76, 79, 80, 83, 81, 84, 82, 87, 85, 86, 88]]
105: [[12, 22, 67, 5, 2, 3, 13, 1, 36, 4, 6, 15, 8, 24, 7, 11, 23, 29, 25, 28, 14, 16], [19, 10, 9, 17, 18, 20, 50, 21, 26, 27, 30, 59, 31, 51, 54, 32, 37, 33, 34, 35, 39, 44], [42, 38, 43, 40, 45, 41, 47, 46, 56, 53, 48, 49, 52, 63, 55, 57, 62, 58, 61, 60, 64, 65], [70, 74, 66, 69, 68, 71, 77, 72, 75, 73, 78, 76, 79, 80, 83, 81, 84, 82, 87, 85, 86, 88]]
106: [[12, 22, 67, 5, 2, 3, 13, 1, 36, 4, 6, 15, 8, 24, 7, 11, 23, 29, 25, 28, 14, 16], [19, 10, 9, 17, 18, 20, 50, 21, 26, 27, 30, 59, 31, 51, 54, 32, 37, 33, 34, 35, 39, 44], [42, 38, 43, 40, 45, 41, 47, 46, 56, 53, 48, 49, 52, 63, 55, 57, 62, 58, 61, 60, 64, 65], [70, 74, 66, 69, 68, 71, 77, 72, 75, 73, 78, 76, 79, 80, 83, 81, 84, 82, 87, 85, 86, 88]]
107: [[12, 22, 67, 5, 2, 3, 13, 1, 36, 4, 6, 15, 8, 24, 7, 11, 23, 29, 25, 28, 14, 16], [19, 10, 9, 17, 18, 20, 50, 21, 26, 27, 30, 59, 31, 51, 54, 32, 37, 33, 34, 35, 39, 44], [42, 38, 43, 40, 45, 41, 47, 46, 56, 53, 48, 49, 52, 63, 55, 57, 62, 58, 61, 60, 64, 65], [70, 74, 66, 69, 68, 71, 77, 72, 75, 73, 78, 76, 79, 80, 83, 81, 84, 82, 87, 85, 86, 88]]
108: [[12, 22, 67, 5, 2, 3, 13, 1, 36, 4, 6, 15, 8, 24, 7, 11, 23, 29, 25, 28, 14, 16], [19, 10, 9, 17, 18, 20, 50, 21, 26, 27, 30, 59, 31, 51, 54, 32, 37, 33, 34, 35, 39, 44], [42, 38, 43, 40, 45, 41, 47, 46, 56, 53, 48, 49, 52, 63, 55, 57, 62, 58, 61, 60, 64, 65], [70, 74, 66, 69, 68, 71, 77, 72, 75, 73, 78, 76, 79, 80, 83, 81, 84, 82, 87, 85, 86, 88]]
109: [[12, 22, 67, 5, 2, 3, 13, 1, 36, 4, 6, 15, 8, 24, 7, 11, 23, 29, 25, 28, 14, 16], [19, 10, 9, 17, 18, 20, 50, 21, 26, 27, 30, 59, 31, 51, 54, 32, 37, 33, 34, 35, 39, 44], [42, 38, 43, 40, 45, 41, 47, 46, 56, 53, 48, 49, 52, 63, 55, 57, 62, 58, 61, 60, 64, 65], [70, 74, 66, 69, 68, 71, 77, 72, 75, 73, 78, 76, 79, 80, 83, 81, 84, 82, 87, 85, 86, 88]]
110: [[12, 22, 67, 5, 2, 3, 13, 1, 36, 4, 6, 15, 8, 24, 7, 11, 23, 29, 25, 28, 14, 16], [19, 10, 9, 17, 18, 20, 50, 21, 26, 27, 30, 59, 31, 51, 54, 32, 37, 33, 34, 35, 39, 44], [42, 38, 43, 40, 45, 41, 47, 46, 56, 53, 48, 49, 52, 63, 55, 57, 62, 58, 61, 60, 64, 65], [70, 74, 66, 69, 68, 71, 77, 72, 75, 73, 78, 76, 79, 80, 83, 81, 84, 82, 87, 85, 86, 88]]
111: [[12, 22, 67, 5, 2, 3, 13, 1, 36, 4, 6, 15, 8, 24, 7, 11, 23, 29, 25, 28, 14, 16], [19, 10, 9, 17, 18, 20, 50, 21, 26, 27, 30, 59, 31, 51, 54, 32, 37, 33, 34, 35, 39, 44], [42, 38, 43, 40, 45, 41, 47, 46, 56, 53, 48, 49, 52, 63, 55, 57, 62, 58, 61, 60, 64, 65], [70, 74, 66, 69, 68, 71, 77, 72, 75, 73, 78, 76, 79, 80, 83, 81, 84, 82, 87, 85, 86, 88]]
112: [[12, 22, 67, 5, 2, 3, 13, 1, 36, 4, 6, 15, 8, 24, 7, 11, 23, 29, 25, 28, 14, 16], [19, 10, 9, 17, 18, 20, 50, 21, 26, 27, 30, 59, 31, 51, 54, 32, 37, 33, 34, 35, 39, 44], [42, 38, 43, 40, 45, 41, 47, 46, 56, 53, 48, 49, 52, 63, 55, 57, 62, 58, 61, 60, 64, 65], [70, 74, 66, 69, 68, 71, 77, 72, 75, 73, 78, 76, 79, 80, 83, 81, 84, 82, 87, 85, 86, 88]]
113: [[12, 22, 67, 5, 2, 3, 13, 1, 36, 4, 6, 15, 8, 24, 7, 11, 23, 29, 25, 28, 14, 16], [19, 10, 9, 17, 18, 20, 50, 21, 26, 27, 30, 59, 31, 51, 54, 32, 37, 33, 34, 35, 39, 44], [42, 38, 43, 40, 45, 41, 47, 46, 56, 53, 48, 49, 52, 63, 55, 57, 62, 58, 61, 60, 64, 65], [70, 74, 66, 69, 68, 71, 77, 72, 75, 73, 78, 76, 79, 80, 83, 81, 84, 82, 87, 85, 86, 88]]
114: [[12, 22, 67, 5, 2, 3, 13, 1, 36, 4, 6, 15, 8, 24, 7, 11, 23, 29, 25, 28, 14, 16], [19, 10, 9, 17, 18, 20, 50, 21, 26, 27, 30, 59, 31, 51, 54, 32, 37, 33, 34, 35, 39, 44], [42, 38, 43, 40, 45, 41, 47, 46, 56, 53, 48, 49, 52, 63, 55, 57, 62, 58, 61, 60, 64, 65], [70, 74, 66, 69, 68, 71, 77, 72, 75, 73, 78, 76, 79, 80, 83, 81, 84, 82, 87, 85, 86, 88]]
115: [[12, 22, 67, 5, 2, 3, 13, 1, 36, 4, 6, 15, 8, 24, 7, 11, 23, 29, 25, 28, 14, 16], [19, 10, 9, 17, 18, 20, 50, 21, 26, 27, 30, 59, 31, 51, 54, 32, 37, 33, 34, 35, 39, 44], [42, 38, 43, 40, 45, 41, 47, 46, 56, 53, 48, 49, 52, 63, 55, 57, 62, 58, 61, 60, 64, 65], [70, 74, 66, 69, 68, 71, 77, 72, 75, 73, 78, 76, 79, 80, 83, 81, 84, 82, 87, 85, 86, 88]]
116: [[12, 22, 67, 5, 2, 3, 13, 1, 36, 4, 6, 15, 8, 24, 7, 11, 23, 29, 25, 28, 14, 16], [19, 10, 9, 17, 18, 20, 50, 21, 26, 27, 30, 59, 31, 51, 54, 32, 37, 33, 34, 35, 39, 44], [42, 38, 43, 40, 45, 41, 47, 46, 56, 53, 48, 49, 52, 63, 55, 57, 62, 58, 61, 60, 64, 65], [70, 74, 66, 69, 68, 71, 77, 72, 75, 73, 78, 76, 79, 80, 83, 81, 84, 82, 87, 85, 86, 88]]
117: [[12, 22, 67, 5, 2, 3, 13, 1, 36, 4, 6, 15, 8, 24, 7, 11, 23, 29, 25, 28, 14, 16], [19, 10, 9, 17, 18, 20, 50, 21, 26, 27, 30, 59, 31, 51, 54, 32, 37, 33, 34, 35, 39, 44], [42, 38, 43, 40, 45, 41, 47, 46, 56, 53, 48, 49, 52, 63, 55, 57, 62, 58, 61, 60, 64, 65], [70, 74, 66, 69, 68, 71, 77, 72, 75, 73, 78, 76, 79, 80, 83, 81, 84, 82, 87, 85, 86, 88]]
118: [[12, 22, 67, 5, 2, 3, 13, 1, 36, 4, 6, 15, 8, 24, 7, 11, 23, 29, 25, 28, 14, 16], [19, 10, 9, 17, 18, 20, 50, 21, 26, 27, 30, 59, 31, 51, 54, 32, 37, 33, 34, 35, 39, 44], [42, 38, 43, 40, 45, 41, 47, 46, 56, 53, 48, 49, 52, 63, 55, 57, 62, 58, 61, 60, 64, 65], [70, 74, 66, 69, 68, 71, 77, 72, 75, 73, 78, 76, 79, 80, 83, 81, 84, 82, 87, 85, 86, 88]]
119: [[12, 22, 67, 5, 2, 3, 13, 1, 36, 4, 6, 15, 8, 24, 7, 11, 23, 29, 25, 28, 14, 16], [19, 10, 9, 17, 18, 20, 50, 21, 26, 27, 30, 59, 31, 51, 54, 32, 37, 33, 34, 35, 39, 44], [42, 38, 43, 40, 45, 41, 47, 46, 56, 53, 48, 49, 52, 63, 55, 57, 62, 58, 61, 60, 64, 65], [70, 74, 66, 69, 68, 71, 77, 72, 75, 73, 78, 76, 79, 80, 83, 81, 84, 82, 87, 85, 86, 88]]
120: [[12, 22, 67, 5, 2, 3, 13, 1, 36, 4, 6, 15, 8, 24, 7, 11, 23, 29, 25, 28, 14, 16], [19, 10, 9, 17, 18, 20, 50, 21, 26, 27, 30, 59, 31, 51, 54, 32, 37, 33, 34, 35, 39, 44], [42, 38, 43, 40, 45, 41, 47, 46, 56, 53, 48, 49, 52, 63, 55, 57, 62, 58, 61, 60, 64, 65], [70, 74, 66, 69, 68, 71, 77, 72, 75, 73, 78, 76, 79, 80, 83, 81, 84, 82, 87, 85, 86, 88]]
121: [[12, 22, 67, 5, 2, 3, 13, 1, 36, 4, 6, 15, 8, 24, 7, 11, 23, 29, 25, 28, 14, 16], [19, 10, 9, 17, 18, 20, 50, 21, 26, 27, 30, 59, 31, 51, 54, 32, 37, 33, 34, 35, 39, 44], [42, 38, 43, 40, 45, 41, 47, 46, 56, 53, 48, 49, 52, 63, 55, 57, 62, 58, 61, 60, 64, 65], [70, 74, 66, 69, 68, 71, 77, 72, 75, 73, 78, 76, 79, 80, 83, 81, 84, 82, 87, 85, 86, 88]]
122: [[12, 22, 67, 5, 2, 3, 13, 1, 36, 4, 6, 15, 8, 24, 7, 11, 23, 29, 25, 28, 14, 16], [19, 10, 9, 17, 18, 20, 50, 21, 26, 27, 30, 59, 31, 51, 54, 32, 37, 33, 34, 35, 39, 44], [42, 38, 43, 40, 45, 41, 47, 46, 56, 53, 48, 49, 52, 63, 55, 57, 62, 58, 61, 60, 64, 65], [70, 74, 66, 69, 68, 71, 77, 72, 75, 73, 78, 76, 79, 80, 83, 81, 84, 82, 87, 85, 86, 88]]
123: [[12, 22, 67, 5, 2, 3, 13, 1, 36, 4, 6, 15, 8, 24, 7, 11, 23, 29, 25, 28, 14, 16], [19, 10, 9, 17, 18, 20, 50, 21, 26, 27, 30, 59, 31, 51, 54, 32, 37, 33, 34, 35, 39, 44], [42, 38, 43, 40, 45, 41, 47, 46, 56, 53, 48, 49, 52, 63, 55, 57, 62, 58, 61, 60, 64, 65], [70, 74, 66, 69, 68, 71, 77, 72, 75, 73, 78, 76, 79, 80, 83, 81, 84, 82, 87, 85, 86, 88]]
124: [[12, 22, 67, 5, 2, 3, 13, 1, 36, 4, 6, 15, 8, 24, 7, 11, 23, 29, 25, 28, 14, 16], [19, 10, 9, 17, 18, 20, 50, 21, 26, 27, 30, 59, 31, 51, 54, 32, 37, 33, 34, 35, 39, 44], [42, 38, 43, 40, 45, 41, 47, 46, 56, 53, 48, 49, 52, 63, 55, 57, 62, 58, 61, 60, 64, 65], [70, 74, 66, 69, 68, 71, 77, 72, 75, 73, 78, 76, 79, 80, 83, 81, 84, 82, 87, 85, 86, 88]]
125: [[12, 22, 67, 5, 2, 3, 13, 1, 36, 4, 6, 15, 8, 24, 7, 11, 23, 29, 25, 28, 14, 16], [19, 10, 9, 17, 18, 20, 50, 21, 26, 27, 30, 59, 31, 51, 54, 32, 37, 33, 34, 35, 39, 44], [42, 38, 43, 40, 45, 41, 47, 46, 56, 53, 48, 49, 52, 63, 55, 57, 62, 58, 61, 60, 64, 65], [70, 74, 66, 69, 68, 71, 77, 72, 75, 73, 78, 76, 79, 80, 83, 81, 84, 82, 87, 85, 86, 88]]
126: [[12, 22, 67, 5, 2, 3, 13, 1, 36, 4, 6, 15, 8, 24, 7, 11, 23, 29, 25, 28, 14, 16], [19, 10, 9, 17, 18, 20, 50, 21, 26, 27, 30, 59, 31, 51, 54, 32, 37, 33, 34, 35, 39, 44], [42, 38, 43, 40, 45, 41, 47, 46, 56, 53, 48, 49, 52, 63, 55, 57, 62, 58, 61, 60, 64, 65], [70, 74, 66, 69, 68, 71, 77, 72, 75, 73, 78, 76, 79, 80, 83, 81, 84, 82, 87, 85, 86, 88]]
127: [[12, 22, 67, 5, 2, 3, 13, 1, 36, 4, 6, 15, 8, 24, 7, 11, 23, 29, 25, 28, 14, 16], [19, 10, 9, 17, 18, 20, 50, 21, 26, 27, 30, 59, 31, 51, 54, 32, 37, 33, 34, 35, 39, 44], [42, 38, 43, 40, 45, 41, 47, 46, 56, 53, 48, 49, 52, 63, 55, 57, 62, 58, 61, 60, 64, 65], [70, 74, 66, 69, 68, 71, 77, 72, 75, 73, 78, 76, 79, 80, 83, 81, 84, 82, 87, 85, 86, 88]]
128: [[12, 22, 67, 5, 2, 3, 13, 1, 36, 4, 6, 15, 8, 24, 7, 11, 23, 29, 25, 28, 14, 16], [19, 10, 9, 17, 18, 20, 50, 21, 26, 27, 30, 59, 31, 51, 54, 32, 37, 33, 34, 35, 39, 44], [42, 38, 43, 40, 45, 41, 47, 46, 56, 53, 48, 49, 52, 63, 55, 57, 62, 58, 61, 60, 64, 65], [70, 74, 66, 69, 68, 71, 77, 72, 75, 73, 78, 76, 79, 80, 83, 81, 84, 82, 87, 85, 86, 88]]
129: [[12, 22, 67, 5, 2, 3, 13, 1, 36, 4, 6, 15, 8, 24, 7, 11, 23, 29, 25, 28, 14, 16], [19, 10, 9, 17, 18, 20, 50, 21, 26, 27, 30, 59, 31, 51, 54, 32, 37, 33, 34, 35, 39, 44], [42, 38, 43, 40, 45, 41, 47, 46, 56, 53, 48, 49, 52, 63, 55, 57, 62, 58, 61, 60, 64, 65], [70, 74, 66, 69, 68, 71, 77, 72, 75, 73, 78, 76, 79, 80, 83, 81, 84, 82, 87, 85, 86, 88]]
130: [[12, 22, 67, 5, 2, 3, 13, 1, 36, 4, 6, 15, 8, 24, 7, 11, 23, 29, 25, 28, 14, 16], [19, 10, 9, 17, 18, 20, 50, 21, 26, 27, 30, 59, 31, 51, 54, 32, 37, 33, 34, 35, 39, 44], [42, 38, 43, 40, 45, 41, 47, 46, 56, 53, 48, 49, 52, 63, 55, 57, 62, 58, 61, 60, 64, 65], [70, 74, 66, 69, 68, 71, 77, 72, 75, 73, 78, 76, 79, 80, 83, 81, 84, 82, 87, 85, 86, 88]]
131: [[12, 22, 67, 5, 2, 3, 13, 1, 36, 4, 6, 15, 8, 24, 7, 11, 23, 29, 25, 28, 14, 16], [19, 10, 9, 17, 18, 20, 50, 21, 26, 27, 30, 59, 31, 51, 54, 32, 37, 33, 34, 35, 39, 44], [42, 38, 43, 40, 45, 41, 47, 46, 56, 53, 48, 49, 52, 63, 55, 57, 62, 58, 61, 60, 64, 65], [70, 74, 66, 69, 68, 71, 77, 72, 75, 73, 78, 76, 79, 80, 83, 81, 84, 82, 87, 85, 86, 88]]
132: [[12, 22, 67, 5, 2, 3, 13, 1, 36, 4, 6, 15, 8, 24, 7, 11, 23, 29, 25, 28, 14, 16], [19, 10, 9, 17, 18, 20, 50, 21, 26, 27, 30, 59, 31, 51, 54, 32, 37, 33, 34, 35, 39, 44], [42, 38, 43, 40, 45, 41, 47, 46, 56, 53, 48, 49, 52, 63, 55, 57, 62, 58, 61, 60, 64, 65], [70, 74, 66, 69, 68, 71, 77, 72, 75, 73, 78, 76, 79, 80, 83, 81, 84, 82, 87, 85, 86, 88]]
133: [[12, 22, 67, 5, 2, 3, 13, 1, 36, 4, 6, 15, 8, 24, 7, 11, 23, 29, 25, 28, 14, 16], [19, 10, 9, 17, 18, 20, 50, 21, 26, 27, 30, 59, 31, 51, 54, 32, 37, 33, 34, 35, 39, 44], [42, 38, 43, 40, 45, 41, 47, 46, 56, 53, 48, 49, 52, 63, 55, 57, 62, 58, 61, 60, 64, 65], [70, 74, 66, 69, 68, 71, 77, 72, 75, 73, 78, 76, 79, 80, 83, 81, 84, 82, 87, 85, 86, 88]]
134: [[12, 22, 67, 5, 2, 3, 13, 1, 36, 4, 6, 15, 8, 24, 7, 11, 23, 29, 25, 28, 14, 16], [19, 10, 9, 17, 18, 20, 50, 21, 26, 27, 30, 59, 31, 51, 54, 32, 37, 33, 34, 35, 39, 44], [42, 38, 43, 40, 45, 41, 47, 46, 56, 53, 48, 49, 52, 63, 55, 57, 62, 58, 61, 60, 64, 65], [70, 74, 66, 69, 68, 71, 77, 72, 75, 73, 78, 76, 79, 80, 83, 81, 84, 82, 87, 85, 86, 88]]
135: [[12, 22, 67, 5, 2, 3, 13, 1, 36, 4, 6, 15, 8, 24, 7, 11, 23, 29, 25, 28, 14, 16], [19, 10, 9, 17, 18, 20, 50, 21, 26, 27, 30, 59, 31, 51, 54, 32, 37, 33, 34, 35, 39, 44], [42, 38, 43, 40, 45, 41, 47, 46, 56, 53, 48, 49, 52, 63, 55, 57, 62, 58, 61, 60, 64, 65], [70, 74, 66, 69, 68, 71, 77, 72, 75, 73, 78, 76, 79, 80, 83, 81, 84, 82, 87, 85, 86, 88]]
136: [[12, 22, 67, 5, 2, 3, 13, 1, 36, 4, 6, 15, 8, 24, 7, 11, 23, 29, 25, 28, 14, 16], [19, 10, 9, 17, 18, 20, 50, 21, 26, 27, 30, 59, 31, 51, 54, 32, 37, 33, 34, 35, 39, 44], [42, 38, 43, 40, 45, 41, 47, 46, 56, 53, 48, 49, 52, 63, 55, 57, 62, 58, 61, 60, 64, 65], [70, 74, 66, 69, 68, 71, 77, 72, 75, 73, 78, 76, 79, 80, 83, 81, 84, 82, 87, 85, 86, 88]]
137: [[12, 22, 67, 5, 2, 3, 13, 1, 36, 4, 6, 15, 8, 24, 7, 11, 23, 29, 25, 28, 14, 16], [19, 10, 9, 17, 18, 20, 50, 21, 26, 27, 30, 59, 31, 51, 54, 32, 37, 33, 34, 35, 39, 44], [42, 38, 43, 40, 45, 41, 47, 46, 56, 53, 48, 49, 52, 63, 55, 57, 62, 58, 61, 60, 64, 65], [70, 74, 66, 69, 68, 71, 77, 72, 75, 73, 78, 76, 79, 80, 83, 81, 84, 82, 87, 85, 86, 88]]
138: [[12, 22, 67, 5, 2, 3, 13, 1, 36, 4, 6, 15, 8, 24, 7, 11, 23, 29, 25, 28, 14, 16], [19, 10, 9, 17, 18, 20, 50, 21, 26, 27, 30, 59, 31, 51, 54, 32, 37, 33, 34, 35, 39, 44], [42, 38, 43, 40, 45, 41, 47, 46, 56, 53, 48, 49, 52, 63, 55, 57, 62, 58, 61, 60, 64, 65], [70, 74, 66, 69, 68, 71, 77, 72, 75, 73, 78, 76, 79, 80, 83, 81, 84, 82, 87, 85, 86, 88]]
139: [[12, 22, 67, 5, 2, 3, 13, 1, 36, 4, 6, 15, 8, 24, 7, 11, 23, 29, 25, 28, 14, 16], [19, 10, 9, 17, 18, 20, 50, 21, 26, 27, 30, 59, 31, 51, 54, 32, 37, 33, 34, 35, 39, 44], [42, 38, 43, 40, 45, 41, 47, 46, 56, 53, 48, 49, 52, 63, 55, 57, 62, 58, 61, 60, 64, 65], [70, 74, 66, 69, 68, 71, 77, 72, 75, 73, 78, 76, 79, 80, 83, 81, 84, 82, 87, 85, 86, 88]]
140: [[12, 22, 67, 5, 2, 3, 13, 1, 36, 4, 6, 15, 8, 24, 7, 11, 23, 29, 25, 28, 14, 16], [19, 10, 9, 17, 18, 20, 50, 21, 26, 27, 30, 59, 31, 51, 54, 32, 37, 33, 34, 35, 39, 44], [42, 38, 43, 40, 45, 41, 47, 46, 56, 53, 48, 49, 52, 63, 55, 57, 62, 58, 61, 60, 64, 65], [70, 74, 66, 69, 68, 71, 77, 72, 75, 73, 78, 76, 79, 80, 83, 81, 84, 82, 87, 85, 86, 88]]
141: [[12, 22, 67, 5, 2, 3, 13, 1, 36, 4, 6, 15, 8, 24, 7, 11, 23, 29, 25, 28, 14, 16], [19, 10, 9, 17, 18, 20, 50, 21, 26, 27, 30, 59, 31, 51, 54, 32, 37, 33, 34, 35, 39, 44], [42, 38, 43, 40, 45, 41, 47, 46, 56, 53, 48, 49, 52, 63, 55, 57, 62, 58, 61, 60, 64, 65], [70, 74, 66, 69, 68, 71, 77, 72, 75, 73, 78, 76, 79, 80, 83, 81, 84, 82, 87, 85, 86, 88]]
142: [[12, 22, 67, 5, 2, 3, 13, 1, 36, 4, 6, 15, 8, 24, 7, 11, 23, 29, 25, 28, 14, 16], [19, 10, 9, 17, 18, 20, 50, 21, 26, 27, 30, 59, 31, 51, 54, 32, 37, 33, 34, 35, 39, 44], [42, 38, 43, 40, 45, 41, 47, 46, 56, 53, 48, 49, 52, 63, 55, 57, 62, 58, 61, 60, 64, 65], [70, 74, 66, 69, 68, 71, 77, 72, 75, 73, 78, 76, 79, 80, 83, 81, 84, 82, 87, 85, 86, 88]]
143: [[12, 22, 67, 5, 2, 3, 13, 1, 36, 4, 6, 15, 8, 24, 7, 11, 23, 29, 25, 28, 14, 16], [19, 10, 9, 17, 18, 20, 50, 21, 26, 27, 30, 59, 31, 51, 54, 32, 37, 33, 34, 35, 39, 44], [42, 38, 43, 40, 45, 41, 47, 46, 56, 53, 48, 49, 52, 63, 55, 57, 62, 58, 61, 60, 64, 65], [70, 74, 66, 69, 68, 71, 77, 72, 75, 73, 78, 76, 79, 80, 83, 81, 84, 82, 87, 85, 86, 88]]
144: [[12, 22, 67, 5, 2, 3, 13, 1, 36, 4, 6, 15, 8, 24, 7, 11, 23, 29, 25, 28, 14, 16], [19, 10, 9, 17, 18, 20, 50, 21, 26, 27, 30, 59, 31, 51, 54, 32, 37, 33, 34, 35, 39, 44], [42, 38, 43, 40, 45, 41, 47, 46, 56, 53, 48, 49, 52, 63, 55, 57, 62, 58, 61, 60, 64, 65], [70, 74, 66, 69, 68, 71, 77, 72, 75, 73, 78, 76, 79, 80, 83, 81, 84, 82, 87, 85, 86, 88]]
145: [[12, 22, 67, 5, 2, 3, 13, 1, 36, 4, 6, 15, 8, 24, 7, 11, 23, 29, 25, 28, 14, 16], [19, 10, 9, 17, 18, 20, 50, 21, 26, 27, 30, 59, 31, 51, 54, 32, 37, 33, 34, 35, 39, 44], [42, 38, 43, 40, 45, 41, 47, 46, 56, 53, 48, 49, 52, 63, 55, 57, 62, 58, 61, 60, 64, 65], [70, 74, 66, 69, 68, 71, 77, 72, 75, 73, 78, 76, 79, 80, 83, 81, 84, 82, 87, 85, 86, 88]]
146: [[12, 22, 67, 5, 2, 3, 13, 1, 36, 4, 6, 15, 8, 24, 7, 11, 23, 29, 25, 28, 14, 16], [19, 10, 9, 17, 18, 20, 50, 21, 26, 27, 30, 59, 31, 51, 54, 32, 37, 33, 34, 35, 39, 44], [42, 38, 43, 40, 45, 41, 47, 46, 56, 53, 48, 49, 52, 63, 55, 57, 62, 58, 61, 60, 64, 65], [70, 74, 66, 69, 68, 71, 77, 72, 75, 73, 78, 76, 79, 80, 83, 81, 84, 82, 87, 85, 86, 88]]
147: [[12, 22, 67, 5, 2, 3, 13, 1, 36, 4, 6, 15, 8, 24, 7, 11, 23, 29, 25, 28, 14, 16], [19, 10, 9, 17, 18, 20, 50, 21, 26, 27, 30, 59, 31, 51, 54, 32, 37, 33, 34, 35, 39, 44], [42, 38, 43, 40, 45, 41, 47, 46, 56, 53, 48, 49, 52, 63, 55, 57, 62, 58, 61, 60, 64, 65], [70, 74, 66, 69, 68, 71, 77, 72, 75, 73, 78, 76, 79, 80, 83, 81, 84, 82, 87, 85, 86, 88]]
148: [[12, 22, 67, 5, 2, 3, 13, 1, 36, 4, 6, 15, 8, 24, 7, 11, 23, 29, 25, 28, 14, 16], [19, 10, 9, 17, 18, 20, 50, 21, 26, 27, 30, 59, 31, 51, 54, 32, 37, 33, 34, 35, 39, 44], [42, 38, 43, 40, 45, 41, 47, 46, 56, 53, 48, 49, 52, 63, 55, 57, 62, 58, 61, 60, 64, 65], [70, 74, 66, 69, 68, 71, 77, 72, 75, 73, 78, 76, 79, 80, 83, 81, 84, 82, 87, 85, 86, 88]]
149: [[12, 22, 67, 5, 2, 3, 13, 1, 36, 4, 6, 15, 8, 24, 7, 11, 23, 29, 25, 28, 14, 16], [19, 10, 9, 17, 18, 20, 50, 21, 26, 27, 30, 59, 31, 51, 54, 32, 37, 33, 34, 35, 39, 44], [42, 38, 43, 40, 45, 41, 47, 46, 56, 53, 48, 49, 52, 63, 55, 57, 62, 58, 61, 60, 64, 65], [70, 74, 66, 69, 68, 71, 77, 72, 75, 73, 78, 76, 79, 80, 83, 81, 84, 82, 87, 85, 86, 88]]
150: [[12, 22, 67, 5, 2, 3, 13, 1, 36, 4, 6, 15, 8, 24, 7, 11, 23, 29, 25, 28, 14, 16], [19, 10, 9, 17, 18, 20, 50, 21, 26, 27, 30, 59, 31, 51, 54, 32, 37, 33, 34, 35, 39, 44], [42, 38, 43, 40, 45, 41, 47, 46, 56, 53, 48, 49, 52, 63, 55, 57, 62, 58, 61, 60, 64, 65], [70, 74, 66, 69, 68, 71, 77, 72, 75, 73, 78, 76, 79, 80, 83, 81, 84, 82, 87, 85, 86, 88]]
151: [[12, 22, 67, 5, 2, 3, 13, 1, 36, 4, 6, 15, 8, 24, 7, 11, 23, 29, 25, 28, 14, 16], [19, 10, 9, 17, 18, 20, 50, 21, 26, 27, 30, 59, 31, 51, 54, 32, 37, 33, 34, 35, 39, 44], [42, 38, 43, 40, 45, 41, 47, 46, 56, 53, 48, 49, 52, 63, 55, 57, 62, 58, 61, 60, 64, 65], [70, 74, 66, 69, 68, 71, 77, 72, 75, 73, 78, 76, 79, 80, 83, 81, 84, 82, 87, 85, 86, 88]]
152: [[12, 22, 67, 5, 2, 3, 13, 1, 36, 4, 6, 15, 8, 24, 7, 11, 23, 29, 25, 28, 14, 16], [19, 10, 9, 17, 18, 20, 50, 21, 26, 27, 30, 59, 31, 51, 54, 32, 37, 33, 34, 35, 39, 44], [42, 38, 43, 40, 45, 41, 47, 46, 56, 53, 48, 49, 52, 63, 55, 57, 62, 58, 61, 60, 64, 65], [70, 74, 66, 69, 68, 71, 77, 72, 75, 73, 78, 76, 79, 80, 83, 81, 84, 82, 87, 85, 86, 88]]
153: [[12, 22, 67, 5, 2, 3, 13, 1, 36, 4, 6, 15, 8, 24, 7, 11, 23, 29, 25, 28, 14, 16], [19, 10, 9, 17, 18, 20, 50, 21, 26, 27, 30, 59, 31, 51, 54, 32, 37, 33, 34, 35, 39, 44], [42, 38, 43, 40, 45, 41, 47, 46, 56, 53, 48, 49, 52, 63, 55, 57, 62, 58, 61, 60, 64, 65], [70, 74, 66, 69, 68, 71, 77, 72, 75, 73, 78, 76, 79, 80, 83, 81, 84, 82, 87, 85, 86, 88]]
154: [[12, 22, 67, 5, 2, 3, 13, 1, 36, 4, 6, 15, 8, 24, 7, 11, 23, 29, 25, 28, 14, 16], [19, 10, 9, 17, 18, 20, 50, 21, 26, 27, 30, 59, 31, 51, 54, 32, 37, 33, 34, 35, 39, 44], [42, 38, 43, 40, 45, 41, 47, 46, 56, 53, 48, 49, 52, 63, 55, 57, 62, 58, 61, 60, 64, 65], [70, 74, 66, 69, 68, 71, 77, 72, 75, 73, 78, 76, 79, 80, 83, 81, 84, 82, 87, 85, 86, 88]]
155: [[12, 22, 67, 5, 2, 3, 13, 1, 36, 4, 6, 15, 8, 24, 7, 11, 23, 29, 25, 28, 14, 16], [19, 10, 9, 17, 18, 20, 50, 21, 26, 27, 30, 59, 31, 51, 54, 32, 37, 33, 34, 35, 39, 44], [42, 38, 43, 40, 45, 41, 47, 46, 56, 53, 48, 49, 52, 63, 55, 57, 62, 58, 61, 60, 64, 65], [70, 74, 66, 69, 68, 71, 77, 72, 75, 73, 78, 76, 79, 80, 83, 81, 84, 82, 87, 85, 86, 88]]
156: [[12, 22, 67, 5, 2, 3, 13, 1, 36, 4, 6, 15, 8, 24, 7, 11, 23, 29, 25, 28, 14, 16], [19, 10, 9, 17, 18, 20, 50, 21, 26, 27, 30, 59, 31, 51, 54, 32, 37, 33, 34, 35, 39, 44], [42, 38, 43, 40, 45, 41, 47, 46, 56, 53, 48, 49, 52, 63, 55, 57, 62, 58, 61, 60, 64, 65], [70, 74, 66, 69, 68, 71, 77, 72, 75, 73, 78, 76, 79, 80, 83, 81, 84, 82, 87, 85, 86, 88]]
157: [[12, 22, 67, 5, 2, 3, 13, 1, 36, 4, 6, 15, 8, 24, 7, 11, 23, 29, 25, 28, 14, 16], [19, 10, 9, 17, 18, 20, 50, 21, 26, 27, 30, 59, 31, 51, 54, 32, 37, 33, 34, 35, 39, 44], [42, 38, 43, 40, 45, 41, 47, 46, 56, 53, 48, 49, 52, 63, 55, 57, 62, 58, 61, 60, 64, 65], [70, 74, 66, 69, 68, 71, 77, 72, 75, 73, 78, 76, 79, 80, 83, 81, 84, 82, 87, 85, 86, 88]]
158: [[12, 22, 67, 5, 2, 3, 13, 1, 36, 4, 6, 15, 8, 24, 7, 11, 23, 29, 25, 28, 14, 16], [19, 10, 9, 17, 18, 20, 50, 21, 26, 27, 30, 59, 31, 51, 54, 32, 37, 33, 34, 35, 39, 44], [42, 38, 43, 40, 45, 41, 47, 46, 56, 53, 48, 49, 52, 63, 55, 57, 62, 58, 61, 60, 64, 65], [70, 74, 66, 69, 68, 71, 77, 72, 75, 73, 78, 76, 79, 80, 83, 81, 84, 82, 87, 85, 86, 88]]
159: [[12, 22, 67, 5, 2, 3, 13, 1, 36, 4, 6, 15, 8, 24, 7, 11, 23, 29, 25, 28, 14, 16], [19, 10, 9, 17, 18, 20, 50, 21, 26, 27, 30, 59, 31, 51, 54, 32, 37, 33, 34, 35, 39, 44], [42, 38, 43, 40, 45, 41, 47, 46, 56, 53, 48, 49, 52, 63, 55, 57, 62, 58, 61, 60, 64, 65], [70, 74, 66, 69, 68, 71, 77, 72, 75, 73, 78, 76, 79, 80, 83, 81, 84, 82, 87, 85, 86, 88]]
160: [[12, 22, 67, 5, 2, 3, 13, 1, 36, 4, 6, 15, 8, 24, 7, 11, 23, 29, 25, 28, 14, 16], [19, 10, 9, 17, 18, 20, 50, 21, 26, 27, 30, 59, 31, 51, 54, 32, 37, 33, 34, 35, 39, 44], [42, 38, 43, 40, 45, 41, 47, 46, 56, 53, 48, 49, 52, 63, 55, 57, 62, 58, 61, 60, 64, 65], [70, 74, 66, 69, 68, 71, 77, 72, 75, 73, 78, 76, 79, 80, 83, 81, 84, 82, 87, 85, 86, 88]]
161: [[12, 22, 67, 5, 2, 3, 13, 1, 36, 4, 6, 15, 8, 24, 7, 11, 23, 29, 25, 28, 14, 16], [19, 10, 9, 17, 18, 20, 50, 21, 26, 27, 30, 59, 31, 51, 54, 32, 37, 33, 34, 35, 39, 44], [42, 38, 43, 40, 45, 41, 47, 46, 56, 53, 48, 49, 52, 63, 55, 57, 62, 58, 61, 60, 64, 65], [70, 74, 66, 69, 68, 71, 77, 72, 75, 73, 78, 76, 79, 80, 83, 81, 84, 82, 87, 85, 86, 88]]
162: [[12, 22, 67, 5, 2, 3, 13, 1, 36, 4, 6, 15, 8, 24, 7, 11, 23, 29, 25, 28, 14, 16], [19, 10, 9, 17, 18, 20, 50, 21, 26, 27, 30, 59, 31, 51, 54, 32, 37, 33, 34, 35, 39, 44], [42, 38, 43, 40, 45, 41, 47, 46, 56, 53, 48, 49, 52, 63, 55, 57, 62, 58, 61, 60, 64, 65], [70, 74, 66, 69, 68, 71, 77, 72, 75, 73, 78, 76, 79, 80, 83, 81, 84, 82, 87, 85, 86, 88]]
163: [[12, 22, 67, 5, 2, 3, 13, 1, 36, 4, 6, 15, 8, 24, 7, 11, 23, 29, 25, 28, 14, 16], [19, 10, 9, 17, 18, 20, 50, 21, 26, 27, 30, 59, 31, 51, 54, 32, 37, 33, 34, 35, 39, 44], [42, 38, 43, 40, 45, 41, 47, 46, 56, 53, 48, 49, 52, 63, 55, 57, 62, 58, 61, 60, 64, 65], [70, 74, 66, 69, 68, 71, 77, 72, 75, 73, 78, 76, 79, 80, 83, 81, 84, 82, 87, 85, 86, 88]]
164: [[12, 22, 67, 5, 2, 3, 13, 1, 36, 4, 6, 15, 8, 24, 7, 11, 23, 29, 25, 28, 14, 16], [19, 10, 9, 17, 18, 20, 50, 21, 26, 27, 30, 59, 31, 51, 54, 32, 37, 33, 34, 35, 39, 44], [42, 38, 43, 40, 45, 41, 47, 46, 56, 53, 48, 49, 52, 63, 55, 57, 62, 58, 61, 60, 64, 65], [70, 74, 66, 69, 68, 71, 77, 72, 75, 73, 78, 76, 79, 80, 83, 81, 84, 82, 87, 85, 86, 88]]
165: [[12, 22, 67, 5, 2, 3, 13, 1, 36, 4, 6, 15, 8, 24, 7, 11, 23, 29, 25, 28, 14, 16], [19, 10, 9, 17, 18, 20, 50, 21, 26, 27, 30, 59, 31, 51, 54, 32, 37, 33, 34, 35, 39, 44], [42, 38, 43, 40, 45, 41, 47, 46, 56, 53, 48, 49, 52, 63, 55, 57, 62, 58, 61, 60, 64, 65], [70, 74, 66, 69, 68, 71, 77, 72, 75, 73, 78, 76, 79, 80, 83, 81, 84, 82, 87, 85, 86, 88]]
166: [[12, 22, 67, 5, 2, 3, 13, 1, 36, 4, 6, 15, 8, 24, 7, 11, 23, 29, 25, 28, 14, 16], [19, 10, 9, 17, 18, 20, 50, 21, 26, 27, 30, 59, 31, 51, 54, 32, 37, 33, 34, 35, 39, 44], [42, 38, 43, 40, 45, 41, 47, 46, 56, 53, 48, 49, 52, 63, 55, 57, 62, 58, 61, 60, 64, 65], [70, 74, 66, 69, 68, 71, 77, 72, 75, 73, 78, 76, 79, 80, 83, 81, 84, 82, 87, 85, 86, 88]]
167: [[12, 22, 67, 5, 2, 3, 13, 1, 36, 4, 6, 15, 8, 24, 7, 11, 23, 29, 25, 28, 14, 16], [19, 10, 9, 17, 18, 20, 50, 21, 26, 27, 30, 59, 31, 51, 54, 32, 37, 33, 34, 35, 39, 44], [42, 38, 43, 40, 45, 41, 47, 46, 56, 53, 48, 49, 52, 63, 55, 57, 62, 58, 61, 60, 64, 65], [70, 74, 66, 69, 68, 71, 77, 72, 75, 73, 78, 76, 79, 80, 83, 81, 84, 82, 87, 85, 86, 88]]
168: [[12, 22, 67, 5, 2, 3, 13, 1, 36, 4, 6, 15, 8, 24, 7, 11, 23, 29, 25, 28, 14, 16], [19, 10, 9, 17, 18, 20, 50, 21, 26, 27, 30, 59, 31, 51, 54, 32, 37, 33, 34, 35, 39, 44], [42, 38, 43, 40, 45, 41, 47, 46, 56, 53, 48, 49, 52, 63, 55, 57, 62, 58, 61, 60, 64, 65], [70, 74, 66, 69, 68, 71, 77, 72, 75, 73, 78, 76, 79, 80, 83, 81, 84, 82, 87, 85, 86, 88]]
169: [[12, 22, 67, 5, 2, 3, 13, 1, 36, 4, 6, 15, 8, 24, 7, 11, 23, 29, 25, 28, 14, 16], [19, 10, 9, 17, 18, 20, 50, 21, 26, 27, 30, 59, 31, 51, 54, 32, 37, 33, 34, 35, 39, 44], [42, 38, 43, 40, 45, 41, 47, 46, 56, 53, 48, 49, 52, 63, 55, 57, 62, 58, 61, 60, 64, 65], [70, 74, 66, 69, 68, 71, 77, 72, 75, 73, 78, 76, 79, 80, 83, 81, 84, 82, 87, 85, 86, 88]]
170: [[12, 22, 67, 5, 2, 3, 13, 1, 36, 4, 6, 15, 8, 24, 7, 11, 23, 29, 25, 28, 14, 16], [19, 10, 9, 17, 18, 20, 50, 21, 26, 27, 30, 59, 31, 51, 54, 32, 37, 33, 34, 35, 39, 44], [42, 38, 43, 40, 45, 41, 47, 46, 56, 53, 48, 49, 52, 63, 55, 57, 62, 58, 61, 60, 64, 65], [70, 74, 66, 69, 68, 71, 77, 72, 75, 73, 78, 76, 79, 80, 83, 81, 84, 82, 87, 85, 86, 88]]
171: [[12, 22, 67, 5, 2, 3, 13, 1, 36, 4, 6, 15, 8, 24, 7, 11, 23, 29, 25, 28, 14, 16], [19, 10, 9, 17, 18, 20, 50, 21, 26, 27, 30, 59, 31, 51, 54, 32, 37, 33, 34, 35, 39, 44], [42, 38, 43, 40, 45, 41, 47, 46, 56, 53, 48, 49, 52, 63, 55, 57, 62, 58, 61, 60, 64, 65], [70, 74, 66, 69, 68, 71, 77, 72, 75, 73, 78, 76, 79, 80, 83, 81, 84, 82, 87, 85, 86, 88]]
172: [[12, 22, 67, 5, 2, 3, 13, 1, 36, 4, 6, 15, 8, 24, 7, 11, 23, 29, 25, 28, 14, 16], [19, 10, 9, 17, 18, 20, 50, 21, 26, 27, 30, 59, 31, 51, 54, 32, 37, 33, 34, 35, 39, 44], [42, 38, 43, 40, 45, 41, 47, 46, 56, 53, 48, 49, 52, 63, 55, 57, 62, 58, 61, 60, 64, 65], [70, 74, 66, 69, 68, 71, 77, 72, 75, 73, 78, 76, 79, 80, 83, 81, 84, 82, 87, 85, 86, 88]]
173: [[12, 22, 67, 5, 2, 3, 13, 1, 36, 4, 6, 15, 8, 24, 7, 11, 23, 29, 25, 28, 14, 16], [19, 10, 9, 17, 18, 20, 50, 21, 26, 27, 30, 59, 31, 51, 54, 32, 37, 33, 34, 35, 39, 44], [42, 38, 43, 40, 45, 41, 47, 46, 56, 53, 48, 49, 52, 63, 55, 57, 62, 58, 61, 60, 64, 65], [70, 74, 66, 69, 68, 71, 77, 72, 75, 73, 78, 76, 79, 80, 83, 81, 84, 82, 87, 85, 86, 88]]
174: [[12, 22, 67, 5, 2, 3, 13, 1, 36, 4, 6, 15, 8, 24, 7, 11, 23, 29, 25, 28, 14, 16], [19, 10, 9, 17, 18, 20, 50, 21, 26, 27, 30, 59, 31, 51, 54, 32, 37, 33, 34, 35, 39, 44], [42, 38, 43, 40, 45, 41, 47, 46, 56, 53, 48, 49, 52, 63, 55, 57, 62, 58, 61, 60, 64, 65], [70, 74, 66, 69, 68, 71, 77, 72, 75, 73, 78, 76, 79, 80, 83, 81, 84, 82, 87, 85, 86, 88]]
175: [[12, 22, 67, 5, 2, 3, 13, 1, 36, 4, 6, 15, 8, 24, 7, 11, 23, 29, 25, 28, 14, 16], [19, 10, 9, 17, 18, 20, 50, 21, 26, 27, 30, 59, 31, 51, 54, 32, 37, 33, 34, 35, 39, 44], [42, 38, 43, 40, 45, 41, 47, 46, 56, 53, 48, 49, 52, 63, 55, 57, 62, 58, 61, 60, 64, 65], [70, 74, 66, 69, 68, 71, 77, 72, 75, 73, 78, 76, 79, 80, 83, 81, 84, 82, 87, 85, 86, 88]]
