0: [[19, 75], [7, 38, 42, 5, 4], [30, 33], [3, 10, 1, 6, 2, 8, 9], [15, 14], [12, 22, 13], [28, 25], [11, 17, 18, 21, 16, 20, 31], [24, 29, 23], [63, 27, 47, 54, 26, 32, 37], [35, 51], [34, 39, 44], [36, 41, 40], [45, 43, 62], [46, 61, 48], [58, 55, 56], [50, 49, 52], [53, 59, 57], [60, 68], [65, 66, 72], [71, 64, 69], [67, 70, 77], [74, 80, 76], [78, 86, 73], [79, 81, 82], [85, 87], [83, 84, 88]]
1: [[19, 75], [7, 38, 42, 5, 4], [30, 33], [3, 10, 1, 6, 2, 8, 9], [15, 14], [12, 22, 13], [28, 25], [11, 17, 18, 21, 16, 20, 31], [24, 29, 23], [63, 27, 47, 54, 26, 32, 37], [35, 51], [34, 39, 44], [36, 41, 40], [45, 43, 62], [46, 61, 48], [58, 55, 56], [50, 49, 52], [53, 59, 57], [60, 68, 65, 66, 72, 71, 64], [69, 67, 70, 77, 74, 80, 76, 78, 86, 73, 79, 81, 82, 85, 87, 83, 84, 88]]
2: [[19, 75], [7, 38, 42, 5, 4], [30, 33], [3, 10, 1, 6, 2, 8, 9], [15, 14], [12, 22, 13], [28, 25], [11, 17, 18, 21, 16, 20, 31], [24, 29, 23], [63, 27, 47, 54, 26, 32, 37], [35, 51], [34, 39, 44], [36, 41, 40], [45, 43, 62], [46, 61, 48], [58, 55, 56], [50, 49, 52], [53, 59, 57], [60, 68, 65], [66, 72], [71, 64, 69], [67, 70, 77, 74, 80, 76, 78, 86, 73, 79, 81, 82, 85, 87, 83, 84, 88]]
3: [[19, 75], [7, 38, 42, 5, 4], [30, 33], [3, 10, 1, 6, 2, 8, 9], [15, 14], [12, 22, 13], [28, 25], [11, 17, 18, 21, 16, 20, 31], [24, 29, 23], [63, 27, 47, 54, 26, 32, 37], [35, 51], [34, 39, 44], [36, 41, 40], [45, 43, 62], [46, 61, 48], [58, 55, 56], [50, 49], [52, 53, 59, 57, 60, 68, 65, 66, 72, 71, 64, 69, 67, 70, 77, 74, 80, 76, 78, 86, 73, 79, 81, 82, 85, 87, 83, 84, 88]]
4: [[19, 75, 7], [38, 42, 5], [4, 30, 33], [3, 10, 1], [6, 2, 8], [9, 15, 14], [12, 22, 13], [28, 25, 11, 17], [18, 21, 16], [20, 31], [24, 29, 23], [63, 27, 47, 54, 26, 32, 37], [35, 51], [34, 39, 44], [36, 41, 40], [45, 43, 62], [46, 61, 48], [58, 55, 56], [50, 49, 52], [53, 59, 57], [60, 68], [65, 66, 72], [71, 64, 69], [67, 70, 77], [74, 80, 76], [78, 86, 73], [79, 81, 82], [85, 87], [83, 84, 88]]
5: [[19, 75], [7, 38, 42, 5, 4], [30, 33], [3, 10, 1, 6, 2, 8, 9], [15, 14], [12, 22, 13], [28, 25], [11, 17, 18, 21, 16, 20, 31], [24, 29, 23], [63, 27, 47], [54, 26, 32], [37, 35, 51], [34, 39, 44], [36, 41, 40], [45, 43, 62], [46, 61, 48], [58, 55, 56], [50, 49, 52], [53, 59, 57], [60, 68, 65], [66, 72, 71], [64, 69, 67, 70, 77, 74, 80, 76, 78, 86, 73, 79, 81, 82, 85, 87, 83, 84, 88]]
6: [[19, 75, 7], [38, 42, 5], [4, 30, 33], [3, 10, 1], [6, 2, 8], [9, 15, 14], [12, 22, 13], [28, 25, 11], [17, 18, 21], [16, 20, 31], [24, 29, 23], [63, 27, 47], [54, 26, 32], [37, 35, 51], [34, 39, 44], [36, 41, 40], [45, 43, 62], [46, 61, 48], [58, 55, 56], [50, 49, 52], [53, 59, 57], [60, 68], [65, 66, 72], [71, 64, 69], [67, 70, 77], [74, 80, 76], [78, 86, 73], [79, 81, 82], [85, 87], [83, 84, 88]]
7: [[19, 75, 7], [38, 42, 5], [4, 30, 33], [3, 10, 1], [6, 2, 8], [9, 15, 14], [12, 22, 13], [28, 25, 11], [17, 18, 21], [16, 20, 31], [24, 29, 23], [63, 27, 47], [54, 26, 32], [37, 35, 51], [34, 39, 44], [36, 41, 40], [45, 43, 62], [46, 61, 48], [58, 55, 56], [50, 49, 52], [53, 59, 57], [60, 68], [65, 66, 72], [71, 64, 69], [67, 70, 77], [74, 80, 76], [78, 86, 73], [79, 81, 82], [85, 87], [83, 84, 88]]
8: [[19, 75, 7], [38, 42, 5], [4, 30, 33], [3, 10, 1], [6, 2, 8], [9, 15, 14], [12, 22, 13], [28, 25, 11], [17, 18, 21], [16, 20, 31], [24, 29, 23], [63, 27, 47], [54, 26, 32], [37, 35, 51], [34, 39, 44], [36, 41, 40], [45, 43, 62], [46, 61, 48], [58, 55, 56], [50, 49, 52], [53, 59, 57], [60, 68, 65], [66, 72, 71], [64, 69], [67, 70, 77], [74, 80, 76], [78, 86, 73], [79, 81, 82], [85, 87], [83, 84, 88]]
9: [[19, 75, 7], [38, 42, 5], [4, 30, 33], [3, 10, 1], [6, 2, 8], [9, 15, 14], [12, 22, 13], [28, 25, 11], [17, 18, 21], [16, 20, 31], [24, 29, 23], [63, 27, 47], [54, 26, 32], [37, 35, 51], [34, 39, 44], [36, 41, 40], [45, 43, 62], [46, 61, 48], [58, 55, 56], [50, 49, 52], [53, 59, 57], [60, 68, 65], [66, 72, 71], [64, 69, 67], [70, 77, 74], [80, 76, 78], [86, 73], [79, 81, 82], [85, 87, 83], [84, 88]]
10: [[19, 75, 7], [38, 42, 5], [4, 30, 33], [3, 10, 1], [6, 2, 8], [9, 15, 14], [12, 22, 13], [28, 25, 11], [17, 18, 21], [16, 20, 31], [24, 29, 23], [63, 27, 47], [54, 26, 32], [37, 35, 51], [34, 39, 44], [36, 41, 40], [45, 43, 62], [46, 61, 48], [58, 55, 56], [50, 49, 52], [53, 59, 57], [60, 68, 65], [66, 72, 71], [64, 69], [67, 70, 77], [74, 80, 76], [78, 86, 73], [79, 81, 82], [85, 87, 83], [84, 88]]
11: [[19, 75, 7], [38, 42, 5], [4, 30, 33], [3, 10, 1], [6, 2, 8], [9, 15, 14], [12, 22, 13], [28, 25, 11], [17, 18, 21], [16, 20, 31], [24, 29, 23], [63, 27, 47], [54, 26, 32], [37, 35, 51], [34, 39, 44], [36, 41, 40], [45, 43, 62], [46, 61, 48], [58, 55, 56], [50, 49, 52], [53, 59, 57], [60, 68, 65], [66, 72, 71], [64, 69, 67], [70, 77, 74], [80, 76], [78, 86, 73], [79, 81, 82], [85, 87], [83, 84, 88]]
12: [[19, 75, 7], [38, 42, 5], [4, 30, 33], [3, 10, 1], [6, 2, 8], [9, 15, 14], [12, 22, 13], [28, 25, 11], [17, 18, 21], [16, 20, 31], [24, 29, 23], [63, 27, 47], [54, 26, 32], [37, 35, 51], [34, 39, 44], [36, 41, 40], [45, 43, 62], [46, 61, 48], [58, 55, 56], [50, 49, 52], [53, 59, 57], [60, 68, 65], [66, 72, 71], [64, 69, 67], [70, 77], [74, 80, 76], [78, 86, 73], [79, 81, 82], [85, 87], [83, 84, 88]]
13: [[19, 75, 7], [38, 42, 5], [4, 30, 33], [3, 10, 1], [6, 2, 8], [9, 15, 14], [12, 22, 13], [28, 25, 11], [17, 18, 21], [16, 20, 31], [24, 29, 23], [63, 27, 47], [54, 26, 32], [37, 35, 51], [34, 39, 44], [36, 41, 40], [45, 43, 62], [46, 61, 48], [58, 55, 56], [50, 49, 52], [53, 59, 57], [60, 68, 65], [66, 72], [71, 64, 69], [67, 70, 77], [74, 80, 76], [78, 86, 73], [79, 81, 82], [85, 87, 83], [84, 88]]
14: [[19, 75, 7], [38, 42, 5], [4, 30, 33], [3, 10, 1], [6, 2, 8], [9, 15, 14], [12, 22, 13], [28, 25, 11], [17, 18, 21], [16, 20, 31], [24, 29, 23], [63, 27, 47], [54, 26, 32], [37, 35, 51], [34, 39, 44], [36, 41, 40], [45, 43, 62], [46, 61, 48], [58, 55, 56], [50, 49, 52], [53, 59, 57], [60, 68, 65], [66, 72, 71], [64, 69], [67, 70, 77], [74, 80, 76], [78, 86, 73], [79, 81, 82], [85, 87], [83, 84, 88]]
15: [[19, 75, 7], [38, 42, 5], [4, 30, 33], [3, 10, 1], [6, 2, 8], [9, 15, 14], [12, 22, 13], [28, 25, 11], [17, 18, 21], [16, 20, 31], [24, 29, 23], [63, 27, 47], [54, 26, 32], [37, 35, 51], [34, 39, 44], [36, 41, 40], [45, 43, 62], [46, 61, 48], [58, 55, 56], [50, 49, 52], [53, 59, 57], [60, 68, 65], [66, 72, 71], [64, 69], [67, 70, 77], [74, 80, 76], [78, 86, 73], [79, 81, 82], [85, 87, 83], [84, 88]]
16: [[19, 75, 7], [38, 42, 5], [4, 30, 33], [3, 10, 1], [6, 2, 8], [9, 15, 14], [12, 22, 13], [28, 25, 11], [17, 18, 21], [16, 20, 31], [24, 29, 23], [63, 27, 47], [54, 26, 32], [37, 35, 51], [34, 39, 44], [36, 41, 40], [45, 43, 62], [46, 61, 48], [58, 55, 56], [50, 49, 52], [53, 59, 57], [60, 68, 65], [66, 72, 71], [64, 69, 67], [70, 77], [74, 80, 76], [78, 86, 73], [79, 81, 82], [85, 87, 83], [84, 88]]
17: [[19, 75, 7], [38, 42, 5], [4, 30, 33], [3, 10, 1], [6, 2, 8], [9, 15, 14], [12, 22, 13], [28, 25, 11], [17, 18, 21], [16, 20, 31], [24, 29, 23], [63, 27, 47], [54, 26, 32], [37, 35, 51], [34, 39, 44], [36, 41, 40], [45, 43, 62], [46, 61, 48], [58, 55, 56], [50, 49, 52], [53, 59, 57], [60, 68, 65], [66, 72], [71, 64, 69], [67, 70, 77], [74, 80, 76], [78, 86, 73], [79, 81, 82], [85, 87, 83], [84, 88]]
18: [[19, 75, 7], [38, 42, 5], [4, 30, 33], [3, 10, 1], [6, 2, 8], [9, 15, 14], [12, 22, 13], [28, 25, 11], [17, 18, 21], [16, 20, 31], [24, 29, 23], [63, 27, 47], [54, 26, 32], [37, 35, 51], [34, 39, 44], [36, 41, 40], [45, 43, 62], [46, 61, 48], [58, 55, 56], [50, 49, 52], [53, 59, 57], [60, 68, 65], [66, 72, 71], [64, 69, 67], [70, 77, 74], [80, 76, 78], [86, 73], [79, 81, 82], [85, 87], [83, 84, 88]]
19: [[19, 75, 7], [38, 42, 5], [4, 30, 33], [3, 10, 1], [6, 2, 8], [9, 15, 14], [12, 22, 13], [28, 25, 11], [17, 18, 21], [16, 20, 31], [24, 29, 23], [63, 27, 47], [54, 26, 32], [37, 35, 51], [34, 39, 44], [36, 41, 40], [45, 43, 62], [46, 61, 48], [58, 55, 56], [50, 49, 52], [53, 59, 57], [60, 68, 65], [66, 72, 71], [64, 69], [67, 70, 77], [74, 80, 76], [78, 86, 73], [79, 81, 82], [85, 87, 83], [84, 88]]
20: [[19, 75, 7], [38, 42, 5], [4, 30, 33], [3, 10, 1], [6, 2, 8], [9, 15, 14], [12, 22, 13], [28, 25, 11], [17, 18, 21], [16, 20, 31], [24, 29, 23], [63, 27, 47], [54, 26, 32], [37, 35, 51], [34, 39, 44], [36, 41, 40], [45, 43, 62], [46, 61, 48], [58, 55, 56], [50, 49, 52], [53, 59, 57], [60, 68, 65], [66, 72], [71, 64, 69], [67, 70, 77], [74, 80, 76], [78, 86, 73], [79, 81, 82], [85, 87], [83, 84, 88]]
21: [[19, 75, 7], [38, 42, 5], [4, 30, 33], [3, 10, 1], [6, 2, 8], [9, 15, 14], [12, 22, 13], [28, 25, 11], [17, 18, 21], [16, 20, 31], [24, 29, 23], [63, 27, 47], [54, 26, 32], [37, 35, 51], [34, 39, 44], [36, 41, 40], [45, 43, 62], [46, 61, 48], [58, 55, 56], [50, 49, 52], [53, 59, 57], [60, 68, 65], [66, 72, 71], [64, 69, 67], [70, 77, 74], [80, 76, 78], [86, 73], [79, 81, 82], [85, 87, 83, 84, 88]]
22: [[19, 75, 7], [38, 42, 5], [4, 30, 33], [3, 10, 1], [6, 2, 8], [9, 15, 14], [12, 22, 13], [28, 25, 11], [17, 18, 21], [16, 20, 31], [24, 29, 23], [63, 27, 47], [54, 26, 32], [37, 35, 51], [34, 39, 44], [36, 41, 40], [45, 43, 62], [46, 61, 48], [58, 55, 56], [50, 49, 52], [53, 59], [57, 60, 68], [65, 66, 72], [71, 64, 69], [67, 70, 77], [74, 80, 76], [78, 86, 73], [79, 81, 82], [85, 87, 83], [84, 88]]
23: [[19, 75, 7], [38, 42, 5], [4, 30, 33], [3, 10, 1], [6, 2, 8], [9, 15, 14], [12, 22, 13], [28, 25, 11], [17, 18, 21], [16, 20, 31], [24, 29, 23], [63, 27, 47], [54, 26, 32], [37, 35, 51], [34, 39, 44], [36, 41, 40], [45, 43, 62], [46, 61, 48], [58, 55, 56], [50, 49], [52, 53, 59], [57, 60, 68], [65, 66, 72], [71, 64, 69], [67, 70, 77], [74, 80, 76], [78, 86, 73], [79, 81, 82], [85, 87, 83], [84, 88]]
24: [[19, 75, 7], [38, 42, 5], [4, 30, 33], [3, 10, 1], [6, 2, 8], [9, 15, 14], [12, 22, 13], [28, 25, 11], [17, 18, 21], [16, 20, 31], [24, 29, 23], [63, 27, 47], [54, 26, 32], [37, 35, 51], [34, 39, 44], [36, 41, 40], [45, 43, 62], [46, 61, 48], [58, 55], [56, 50, 49], [52, 53, 59], [57, 60, 68], [65, 66, 72], [71, 64, 69], [67, 70, 77], [74, 80, 76], [78, 86, 73], [79, 81, 82], [85, 87, 83], [84, 88]]
25: [[19, 75], [7, 38, 42, 5, 4], [30, 33], [3, 10, 1, 6, 2, 8, 9], [15, 14], [12, 22, 13], [28, 25, 11], [17, 18, 21], [16, 20, 31], [24, 29, 23], [63, 27, 47], [54, 26, 32], [37, 35, 51], [34, 39, 44], [36, 41, 40], [45, 43, 62], [46, 61, 48], [58, 55, 56], [50, 49, 52], [53, 59, 57], [60, 68, 65], [66, 72, 71], [64, 69], [67, 70, 77], [74, 80], [76, 78, 86], [73, 79, 81], [82, 85, 87, 83, 84, 88]]
26: [[19, 75, 7, 38], [42, 5], [4, 30, 33], [3, 10, 1], [6, 2, 8], [9, 15, 14], [12, 22, 13], [28, 25, 11], [17, 18, 21], [16, 20, 31], [24, 29, 23], [63, 27, 47], [54, 26, 32], [37, 35, 51], [34, 39, 44], [36, 41, 40], [45, 43, 62], [46, 61, 48], [58, 55, 56], [50, 49, 52], [53, 59, 57], [60, 68, 65], [66, 72, 71], [64, 69], [67, 70, 77], [74, 80, 76], [78, 86, 73], [79, 81, 82], [85, 87, 83], [84, 88]]
27: [[19, 75, 7], [38, 42, 5], [4, 30, 33], [3, 10, 1], [6, 2, 8], [9, 15, 14], [12, 22, 13], [28, 25, 11], [17, 18, 21], [16, 20, 31], [24, 29, 23], [63, 27, 47], [54, 26, 32], [37, 35, 51], [34, 39, 44], [36, 41, 40], [45, 43, 62], [46, 61, 48], [58, 55, 56], [50, 49, 52], [53, 59, 57], [60, 68, 65, 66], [72, 71, 64], [69, 67, 70], [77, 74, 80], [76, 78], [86, 73], [79, 81, 82, 85, 87], [83, 84, 88]]
28: [[19, 75, 7], [38, 42, 5], [4, 30, 33], [3, 10, 1], [6, 2, 8], [9, 15, 14], [12, 22, 13], [28, 25, 11], [17, 18, 21], [16, 20, 31], [24, 29, 23], [63, 27, 47], [54, 26, 32], [37, 35, 51], [34, 39, 44], [36, 41, 40], [45, 43, 62], [46, 61, 48], [58, 55, 56], [50, 49, 52], [53, 59, 57], [60, 68, 65, 66], [72, 71, 64], [69, 67, 70], [77, 74, 80], [76, 78], [86, 73], [79, 81, 82, 85, 87], [83, 84, 88]]
29: [[19, 75, 7], [38, 42, 5], [4, 30, 33], [3, 10, 1], [6, 2, 8], [9, 15, 14], [12, 22, 13], [28, 25, 11], [17, 18, 21], [16, 20, 31], [24, 29, 23], [63, 27, 47], [54, 26, 32], [37, 35, 51], [34, 39, 44], [36, 41, 40], [45, 43, 62], [46, 61, 48], [58, 55, 56, 50], [49, 52, 53], [59, 57, 60], [68, 65, 66], [72, 71, 64], [69, 67, 70], [77, 74], [80, 76, 78], [86, 73, 79, 81, 82], [85, 87, 83, 84, 88]]
30: [[19, 75, 7], [38, 42, 5], [4, 30, 33], [3, 10, 1], [6, 2, 8], [9, 15, 14], [12, 22, 13], [28, 25, 11], [17, 18, 21], [16, 20, 31], [24, 29, 23], [63, 27, 47], [54, 26, 32], [37, 35, 51], [34, 39, 44], [36, 41, 40], [45, 43, 62], [46, 61, 48], [58, 55, 56, 50], [49, 52, 53], [59, 57, 60], [68, 65, 66], [72, 71, 64], [69, 67, 70], [77, 74], [80, 76, 78], [86, 73, 79, 81, 82], [85, 87, 83, 84, 88]]
31: [[19, 75, 7], [38, 42, 5], [4, 30, 33], [3, 10, 1], [6, 2, 8], [9, 15, 14], [12, 22, 13], [28, 25, 11], [17, 18, 21], [16, 20, 31], [24, 29, 23], [63, 27, 47], [54, 26, 32], [37, 35, 51], [34, 39, 44], [36, 41, 40], [45, 43, 62], [46, 61, 48], [58, 55, 56], [50, 49, 52], [53, 59, 57], [60, 68, 65], [66, 72, 71], [64, 69, 67, 70], [77, 74, 80, 76], [78, 86], [73, 79, 81, 82, 85, 87], [83, 84, 88]]
32: [[19, 75, 7], [38, 42, 5], [4, 30, 33], [3, 10, 1], [6, 2, 8], [9, 15, 14], [12, 22, 13], [28, 25, 11], [17, 18, 21], [16, 20, 31], [24, 29, 23], [63, 27, 47], [54, 26, 32], [37, 35, 51], [34, 39, 44], [36, 41, 40], [45, 43, 62], [46, 61, 48], [58, 55, 56], [50, 49, 52], [53, 59, 57], [60, 68, 65], [66, 72, 71], [64, 69], [67, 70, 77], [74, 80], [76, 78, 86], [73, 79, 81, 82, 85, 87, 83, 84, 88]]
33: [[19, 75, 7], [38, 42, 5], [4, 30, 33], [3, 10, 1], [6, 2, 8], [9, 15, 14], [12, 22, 13], [28, 25, 11], [17, 18, 21], [16, 20, 31], [24, 29, 23], [63, 27, 47], [54, 26, 32], [37, 35, 51], [34, 39, 44], [36, 41, 40], [45, 43, 62], [46, 61, 48], [58, 55, 56], [50, 49, 52], [53, 59, 57], [60, 68, 65], [66, 72, 71, 64], [69, 67, 70], [77, 74, 80], [76, 78], [86, 73, 79, 81, 82, 85, 87, 83, 84, 88]]
34: [[19, 75, 7], [38, 42, 5], [4, 30, 33], [3, 10, 1], [6, 2, 8], [9, 15, 14], [12, 22, 13], [28, 25, 11], [17, 18, 21], [16, 20, 31], [24, 29, 23], [63, 27, 47], [54, 26, 32], [37, 35, 51], [34, 39, 44], [36, 41, 40], [45, 43, 62], [46, 61, 48], [58, 55, 56], [50, 49, 52], [53, 59, 57], [60, 68, 65], [66, 72, 71], [64, 69], [67, 70, 77], [74, 80], [76, 78, 86, 73, 79, 81, 82, 85, 87, 83, 84, 88]]
35: [[19, 75, 7], [38, 42, 5], [4, 30, 33], [3, 10, 1], [6, 2, 8], [9, 15, 14], [12, 22, 13], [28, 25, 11], [17, 18, 21], [16, 20, 31], [24, 29, 23], [63, 27, 47], [54, 26, 32], [37, 35, 51], [34, 39, 44], [36, 41, 40], [45, 43, 62], [46, 61, 48], [58, 55, 56], [50, 49, 52, 53], [59, 57, 60], [68, 65, 66], [72, 71, 64], [69, 67, 70], [77, 74, 80], [76, 78, 86], [73, 79, 81, 82, 85, 87, 83, 84, 88]]
36: [[19, 75, 7], [38, 42, 5], [4, 30, 33], [3, 10, 1], [6, 2, 8], [9, 15, 14], [12, 22, 13], [28, 25, 11], [17, 18, 21], [16, 20, 31], [24, 29, 23], [63, 27, 47], [54, 26, 32], [37, 35, 51], [34, 39, 44], [36, 41, 40], [45, 43, 62], [46, 61, 48], [58, 55, 56], [50, 49, 52], [53, 59, 57], [60, 68, 65], [66, 72, 71, 64, 69, 67, 70, 77, 74], [80, 76, 78, 86, 73, 79, 81, 82, 85, 87, 83, 84, 88]]
37: [[19, 75, 7], [38, 42, 5], [4, 30, 33], [3, 10, 1], [6, 2, 8], [9, 15, 14], [12, 22, 13], [28, 25, 11], [17, 18, 21], [16, 20, 31], [24, 29, 23], [63, 27, 47], [54, 26, 32], [37, 35, 51], [34, 39, 44], [36, 41, 40], [45, 43, 62], [46, 61, 48], [58, 55, 56], [50, 49, 52], [53, 59, 57], [60, 68, 65, 66], [72, 71, 64], [69, 67, 70, 77], [74, 80], [76, 78, 86, 73, 79, 81, 82, 85, 87, 83, 84, 88]]
38: [[19, 75, 7], [38, 42, 5], [4, 30, 33], [3, 10, 1], [6, 2, 8], [9, 15, 14], [12, 22, 13], [28, 25, 11], [17, 18, 21], [16, 20, 31], [24, 29, 23], [63, 27, 47], [54, 26, 32], [37, 35, 51], [34, 39, 44], [36, 41, 40], [45, 43, 62], [46, 61, 48], [58, 55, 56], [50, 49], [52, 53, 59], [57, 60, 68], [65, 66], [72, 71, 64, 69, 67, 70, 77, 74, 80, 76, 78, 86, 73, 79, 81, 82, 85, 87, 83, 84, 88]]
39: [[19, 75, 7], [38, 42, 5], [4, 30, 33], [3, 10, 1], [6, 2, 8], [9, 15, 14], [12, 22, 13], [28, 25, 11], [17, 18, 21], [16, 20, 31], [24, 29, 23], [63, 27, 47], [54, 26, 32], [37, 35, 51], [34, 39, 44], [36, 41, 40], [45, 43, 62], [46, 61, 48], [58, 55, 56], [50, 49, 52], [53, 59], [57, 60, 68], [65, 66, 72, 71, 64, 69, 67, 70, 77, 74, 80, 76, 78, 86, 73, 79, 81, 82, 85, 87, 83, 84, 88]]
40: [[19, 75, 7], [38, 42, 5], [4, 30, 33], [3, 10, 1], [6, 2, 8], [9, 15, 14], [12, 22, 13], [28, 25, 11], [17, 18, 21], [16, 20, 31], [24, 29, 23], [63, 27, 47], [54, 26, 32], [37, 35, 51], [34, 39, 44], [36, 41, 40, 45], [43, 62, 46], [61, 48, 58], [55, 56, 50], [49, 52, 53], [59, 57, 60], [68, 65, 66], [72, 71, 64], [69, 67, 70], [77, 74, 80], [76, 78, 86], [73, 79, 81, 82], [85, 87], [83, 84, 88]]
41: [[19, 75, 7], [38, 42, 5], [4, 30, 33], [3, 10, 1], [6, 2, 8], [9, 15, 14], [12, 22, 13], [28, 25, 11], [17, 18, 21], [16, 20, 31], [24, 29, 23], [63, 27, 47], [54, 26, 32], [37, 35, 51], [34, 39, 44], [36, 41, 40], [45, 43, 62], [46, 61, 48], [58, 55, 56], [50, 49, 52], [53, 59, 57], [60, 68, 65], [66, 72, 71], [64, 69, 67, 70, 77, 74, 80, 76, 78, 86, 73, 79, 81, 82, 85, 87, 83, 84, 88]]
42: [[19, 75, 7], [38, 42, 5], [4, 30, 33], [3, 10, 1], [6, 2, 8], [9, 15, 14], [12, 22, 13], [28, 25, 11], [17, 18, 21], [16, 20, 31], [24, 29, 23], [63, 27, 47], [54, 26, 32], [37, 35, 51], [34, 39, 44], [36, 41, 40], [45, 43, 62], [46, 61, 48], [58, 55, 56], [50, 49, 52], [53, 59, 57], [60, 68], [65, 66, 72], [71, 64, 69], [67, 70, 77, 74, 80, 76, 78, 86, 73, 79, 81, 82, 85, 87, 83, 84, 88]]
43: [[19, 75, 7], [38, 42, 5], [4, 30, 33], [3, 10, 1], [6, 2, 8], [9, 15, 14], [12, 22, 13], [28, 25, 11], [17, 18, 21], [16, 20, 31], [24, 29, 23], [63, 27, 47], [54, 26, 32], [37, 35, 51], [34, 39, 44], [36, 41, 40], [45, 43, 62], [46, 61, 48], [58, 55, 56], [50, 49, 52], [53, 59, 57], [60, 68], [65, 66, 72], [71, 64, 69], [67, 70, 77, 74, 80, 76, 78, 86, 73, 79, 81, 82, 85, 87, 83, 84, 88]]
44: [[19, 75, 7], [38, 42, 5], [4, 30, 33], [3, 10, 1], [6, 2, 8], [9, 15, 14], [12, 22, 13], [28, 25, 11], [17, 18, 21], [16, 20, 31], [24, 29, 23], [63, 27, 47], [54, 26, 32], [37, 35, 51], [34, 39, 44], [36, 41, 40], [45, 43, 62], [46, 61, 48], [58, 55, 56], [50, 49, 52], [53, 59, 57], [60, 68], [65, 66, 72], [71, 64, 69], [67, 70, 77], [74, 80, 76], [78, 86, 73], [79, 81], [82, 85, 87], [83, 84, 88]]
45: [[19, 75, 7], [38, 42, 5], [4, 30, 33], [3, 10, 1], [6, 2, 8], [9, 15, 14], [12, 22, 13], [28, 25, 11], [17, 18, 21], [16, 20, 31], [24, 29, 23], [63, 27, 47], [54, 26, 32], [37, 35, 51], [34, 39, 44], [36, 41, 40], [45, 43, 62], [46, 61, 48], [58, 55, 56], [50, 49], [52, 53, 59, 57, 60, 68, 65, 66, 72, 71, 64, 69, 67, 70, 77], [74, 80, 76, 78, 86, 73, 79, 81, 82, 85, 87, 83, 84, 88]]
46: [[19, 75, 7], [38, 42, 5], [4, 30, 33], [3, 10, 1], [6, 2, 8], [9, 15, 14], [12, 22, 13], [28, 25, 11], [17, 18, 21], [16, 20, 31], [24, 29, 23], [63, 27, 47], [54, 26, 32], [37, 35, 51], [34, 39, 44], [36, 41, 40], [45, 43, 62], [46, 61, 48], [58, 55, 56], [50, 49, 52], [53, 59, 57], [60, 68], [65, 66, 72], [71, 64, 69], [67, 70, 77], [74, 80, 76], [78, 86], [73, 79, 81], [82, 85, 87, 83, 84, 88]]
47: [[19, 75, 7], [38, 42, 5], [4, 30, 33], [3, 10, 1], [6, 2, 8], [9, 15, 14], [12, 22, 13], [28, 25, 11], [17, 18, 21], [16, 20, 31], [24, 29, 23], [63, 27, 47], [54, 26, 32], [37, 35, 51], [34, 39, 44], [36, 41, 40], [45, 43, 62], [46, 61, 48], [58, 55, 56], [50, 49, 52], [53, 59, 57], [60, 68, 65], [66, 72, 71], [64, 69], [67, 70, 77], [74, 80], [76, 78, 86], [73, 79, 81], [82, 85, 87], [83, 84, 88]]
48: [[19, 75, 7], [38, 42, 5], [4, 30, 33], [3, 10, 1], [6, 2, 8], [9, 15, 14], [12, 22, 13], [28, 25, 11], [17, 18, 21], [16, 20, 31], [24, 29, 23], [63, 27, 47], [54, 26, 32], [37, 35, 51], [34, 39, 44], [36, 41, 40], [45, 43, 62], [46, 61, 48], [58, 55, 56, 50, 49, 52, 53, 59, 57, 60, 68, 65, 66, 72, 71, 64, 69, 67, 70, 77, 74, 80], [76, 78, 86, 73, 79, 81, 82, 85, 87, 83, 84, 88]]
49: [[19, 75, 7], [38, 42, 5], [4, 30, 33], [3, 10, 1], [6, 2, 8], [9, 15, 14], [12, 22, 13], [28, 25, 11], [17, 18, 21], [16, 20, 31], [24, 29, 23], [63, 27, 47], [54, 26, 32], [37, 35, 51], [34, 39, 44], [36, 41, 40], [45, 43, 62], [46, 61, 48], [58, 55, 56], [50, 49, 52], [53, 59, 57], [60, 68, 65], [66, 72, 71], [64, 69, 67], [70, 77, 74], [80, 76], [78, 86, 73], [79, 81], [82, 85, 87], [83, 84, 88]]
50: [[19, 75, 7], [38, 42, 5], [4, 30, 33], [3, 10, 1], [6, 2, 8], [9, 15, 14], [12, 22, 13], [28, 25, 11], [17, 18, 21], [16, 20, 31], [24, 29, 23], [63, 27, 47], [54, 26, 32], [37, 35, 51], [34, 39, 44], [36, 41, 40], [45, 43, 62], [46, 61, 48], [58, 55, 56], [50, 49, 52], [53, 59, 57], [60, 68, 65], [66, 72, 71], [64, 69, 67], [70, 77, 74], [80, 76, 78], [86, 73, 79], [81, 82, 85], [87, 83], [84, 88]]
51: [[19, 75, 7], [38, 42, 5], [4, 30, 33], [3, 10, 1], [6, 2, 8], [9, 15, 14], [12, 22, 13], [28, 25, 11], [17, 18, 21], [16, 20, 31], [24, 29, 23], [63, 27, 47], [54, 26, 32], [37, 35, 51], [34, 39, 44], [36, 41, 40], [45, 43, 62], [46, 61, 48], [58, 55, 56], [50, 49, 52], [53, 59, 57], [60, 68, 65], [66, 72, 71], [64, 69, 67], [70, 77, 74], [80, 76], [78, 86, 73], [79, 81], [82, 85, 87], [83, 84, 88]]
52: [[19, 75, 7], [38, 42, 5], [4, 30, 33], [3, 10, 1], [6, 2, 8], [9, 15, 14], [12, 22, 13], [28, 25, 11], [17, 18, 21], [16, 20, 31], [24, 29, 23], [63, 27, 47], [54, 26, 32], [37, 35, 51], [34, 39, 44], [36, 41, 40], [45, 43, 62], [46, 61, 48], [58, 55, 56], [50, 49, 52], [53, 59, 57], [60, 68, 65], [66, 72, 71], [64, 69, 67], [70, 77, 74], [80, 76, 78], [86, 73, 79], [81, 82], [85, 87, 83], [84, 88]]
53: [[19, 75, 7], [38, 42, 5], [4, 30, 33], [3, 10, 1], [6, 2, 8], [9, 15, 14], [12, 22, 13], [28, 25, 11], [17, 18, 21], [16, 20, 31], [24, 29, 23], [63, 27, 47], [54, 26, 32], [37, 35, 51], [34, 39, 44], [36, 41, 40], [45, 43, 62], [46, 61, 48], [58, 55, 56], [50, 49, 52], [53, 59, 57], [60, 68, 65], [66, 72, 71], [64, 69, 67], [70, 77, 74], [80, 76, 78], [86, 73, 79], [81, 82, 85], [87, 83, 84, 88]]
54: [[19, 75, 7], [38, 42, 5], [4, 30, 33], [3, 10, 1], [6, 2, 8], [9, 15, 14], [12, 22, 13], [28, 25, 11], [17, 18, 21], [16, 20, 31], [24, 29, 23], [63, 27, 47], [54, 26, 32], [37, 35, 51], [34, 39, 44], [36, 41, 40], [45, 43, 62], [46, 61, 48], [58, 55, 56], [50, 49, 52], [53, 59, 57], [60, 68, 65], [66, 72, 71], [64, 69, 67], [70, 77, 74], [80, 76, 78], [86, 73, 79, 81], [82, 85, 87], [83, 84, 88]]
55: [[19, 75, 7], [38, 42, 5], [4, 30, 33], [3, 10, 1], [6, 2, 8], [9, 15, 14], [12, 22, 13], [28, 25, 11], [17, 18, 21], [16, 20, 31], [24, 29, 23], [63, 27, 47], [54, 26, 32], [37, 35, 51], [34, 39, 44], [36, 41, 40], [45, 43, 62], [46, 61, 48], [58, 55, 56], [50, 49, 52], [53, 59, 57], [60, 68, 65], [66, 72, 71], [64, 69, 67], [70, 77, 74], [80, 76, 78], [86, 73, 79], [81, 82, 85], [87, 83, 84, 88]]
56: [[19, 75, 7], [38, 42, 5], [4, 30, 33], [3, 10, 1], [6, 2, 8], [9, 15, 14], [12, 22, 13], [28, 25, 11], [17, 18, 21], [16, 20, 31], [24, 29, 23], [63, 27, 47], [54, 26, 32], [37, 35, 51], [34, 39, 44], [36, 41, 40], [45, 43, 62], [46, 61, 48], [58, 55, 56], [50, 49, 52], [53, 59, 57], [60, 68, 65], [66, 72, 71], [64, 69, 67, 70], [77, 74, 80], [76, 78, 86], [73, 79, 81], [82, 85, 87], [83, 84, 88]]
57: [[19, 75, 7], [38, 42, 5], [4, 30, 33], [3, 10, 1], [6, 2, 8], [9, 15, 14], [12, 22, 13], [28, 25, 11], [17, 18, 21], [16, 20, 31], [24, 29, 23], [63, 27, 47], [54, 26, 32], [37, 35, 51], [34, 39, 44], [36, 41, 40], [45, 43, 62], [46, 61, 48], [58, 55, 56], [50, 49, 52], [53, 59, 57], [60, 68, 65], [66, 72, 71], [64, 69, 67], [70, 77, 74], [80, 76, 78], [86, 73, 79], [81, 82, 85, 87], [83, 84, 88]]
58: [[19, 75, 7], [38, 42, 5], [4, 30, 33], [3, 10, 1], [6, 2, 8], [9, 15, 14], [12, 22, 13], [28, 25, 11], [17, 18, 21], [16, 20, 31], [24, 29, 23], [63, 27, 47], [54, 26, 32], [37, 35, 51], [34, 39, 44], [36, 41, 40], [45, 43, 62], [46, 61, 48], [58, 55, 56], [50, 49, 52], [53, 59, 57], [60, 68, 65], [66, 72, 71], [64, 69, 67], [70, 77, 74], [80, 76, 78], [86, 73, 79], [81, 82, 85], [87, 83, 84], [88]]
59: [[19, 75, 7], [38, 42, 5], [4, 30, 33], [3, 10, 1], [6, 2, 8], [9, 15, 14], [12, 22, 13], [28, 25, 11], [17, 18, 21], [16, 20, 31], [24, 29, 23], [63, 27, 47], [54, 26, 32], [37, 35, 51], [34, 39, 44], [36, 41, 40], [45, 43, 62], [46, 61, 48], [58, 55, 56], [50, 49, 52], [53, 59, 57], [60, 68, 65], [66, 72, 71], [64, 69, 67], [70, 77, 74], [80, 76, 78], [86, 73, 79, 81], [82, 85, 87], [83, 84, 88]]
60: [[19, 75, 7], [38, 42, 5], [4, 30, 33], [3, 10, 1], [6, 2, 8], [9, 15, 14], [12, 22, 13], [28, 25, 11], [17, 18, 21], [16, 20, 31], [24, 29, 23], [63, 27, 47], [54, 26, 32], [37, 35, 51], [34, 39, 44], [36, 41, 40], [45, 43, 62], [46, 61, 48], [58, 55, 56], [50, 49, 52], [53, 59, 57], [60, 68, 65], [66, 72, 71], [64, 69, 67], [70, 77, 74], [80, 76, 78], [86, 73, 79], [81, 82, 85, 87], [83, 84, 88]]
61: [[19, 75, 7], [38, 42, 5], [4, 30, 33], [3, 10, 1], [6, 2, 8], [9, 15, 14], [12, 22, 13], [28, 25, 11], [17, 18, 21], [16, 20, 31], [24, 29, 23], [63, 27, 47], [54, 26, 32], [37, 35, 51], [34, 39, 44], [36, 41, 40], [45, 43, 62], [46, 61, 48], [58, 55, 56], [50, 49, 52], [53, 59, 57], [60, 68, 65], [66, 72, 71], [64, 69, 67], [70, 77, 74, 80], [76, 78, 86], [73, 79, 81], [82, 85, 87], [83, 84, 88]]
62: [[19, 75, 7], [38, 42, 5], [4, 30, 33], [3, 10, 1], [6, 2, 8], [9, 15, 14], [12, 22, 13], [28, 25, 11], [17, 18, 21], [16, 20, 31], [24, 29, 23], [63, 27, 47], [54, 26, 32], [37, 35, 51], [34, 39, 44], [36, 41, 40], [45, 43, 62], [46, 61, 48], [58, 55, 56], [50, 49, 52], [53, 59, 57], [60, 68, 65], [66, 72, 71], [64, 69, 67, 70], [77, 74, 80], [76, 78, 86], [73, 79, 81], [82, 85, 87], [83, 84, 88]]
63: [[19, 75, 7], [38, 42, 5], [4, 30, 33], [3, 10, 1], [6, 2, 8], [9, 15, 14], [12, 22, 13], [28, 25, 11], [17, 18, 21], [16, 20, 31], [24, 29, 23], [63, 27, 47], [54, 26, 32], [37, 35, 51], [34, 39, 44], [36, 41, 40], [45, 43, 62], [46, 61, 48], [58, 55], [56, 50], [49, 52, 53, 59, 57], [60, 68, 65], [66, 72, 71, 64, 69, 67, 70, 77, 74, 80, 76, 78, 86, 73, 79, 81, 82, 85, 87, 83, 84, 88]]
64: [[19, 75, 7], [38, 42, 5], [4, 30, 33], [3, 10, 1], [6, 2, 8], [9, 15, 14], [12, 22, 13], [28, 25, 11], [17, 18, 21], [16, 20, 31], [24, 29, 23], [63, 27, 47], [54, 26, 32], [37, 35, 51], [34, 39, 44], [36, 41, 40], [45, 43, 62], [46, 61, 48], [58, 55, 56], [50, 49, 52], [53, 59, 57], [60, 68, 65], [66, 72, 71], [64, 69, 67], [70, 77, 74], [80, 76, 78], [86, 73, 79, 81], [82, 85, 87, 83], [84, 88]]
65: [[19, 75, 7], [38, 42, 5], [4, 30, 33], [3, 10, 1], [6, 2, 8], [9, 15, 14], [12, 22, 13], [28, 25, 11], [17, 18, 21], [16, 20, 31], [24, 29, 23], [63, 27, 47], [54, 26, 32], [37, 35, 51], [34, 39, 44], [36, 41, 40], [45, 43, 62], [46, 61, 48], [58, 55, 56], [50, 49, 52], [53, 59], [57, 60, 68], [65, 66, 72], [71, 64, 69], [67, 70, 77], [74, 80, 76], [78, 86, 73], [79, 81], [82, 85, 87], [83, 84, 88]]
66: [[19, 75, 7], [38, 42, 5], [4, 30, 33], [3, 10, 1], [6, 2, 8], [9, 15, 14], [12, 22, 13], [28, 25, 11], [17, 18, 21], [16, 20, 31], [24, 29, 23], [63, 27, 47], [54, 26, 32], [37, 35, 51], [34, 39, 44], [36, 41, 40], [45, 43, 62], [46, 61, 48], [58, 55, 56], [50, 49, 52], [53, 59, 57], [60, 68, 65], [66, 72], [71, 64, 69], [67, 70, 77], [74, 80, 76], [78, 86, 73], [79, 81], [82, 85, 87, 83, 84, 88]]
67: [[19, 75, 7], [38, 42, 5], [4, 30, 33], [3, 10, 1], [6, 2, 8], [9, 15, 14], [12, 22, 13], [28, 25, 11], [17, 18, 21], [16, 20, 31], [24, 29, 23], [63, 27, 47], [54, 26, 32], [37, 35, 51], [34, 39, 44], [36, 41, 40], [45, 43, 62], [46, 61, 48], [58, 55, 56], [50, 49, 52], [53, 59, 57], [60, 68, 65], [66, 72, 71], [64, 69, 67], [70, 77], [74, 80, 76], [78, 86, 73], [79, 81], [82, 85, 87, 83, 84, 88]]
68: [[19, 75, 7], [38, 42, 5], [4, 30, 33], [3, 10, 1], [6, 2, 8], [9, 15, 14], [12, 22, 13], [28, 25, 11], [17, 18, 21], [16, 20, 31], [24, 29, 23], [63, 27, 47], [54, 26, 32], [37, 35, 51], [34, 39, 44], [36, 41, 40], [45, 43, 62], [46, 61, 48], [58, 55, 56], [50, 49, 52], [53, 59, 57], [60, 68, 65, 66], [72, 71, 64], [69, 67, 70], [77, 74, 80], [76, 78, 86], [73, 79, 81], [82, 85, 87], [83, 84, 88]]
69: [[19, 75, 7], [38, 42, 5], [4, 30, 33], [3, 10, 1], [6, 2, 8], [9, 15, 14], [12, 22, 13], [28, 25, 11], [17, 18, 21], [16, 20, 31], [24, 29, 23], [63, 27, 47], [54, 26, 32], [37, 35, 51], [34, 39, 44], [36, 41, 40], [45, 43, 62], [46, 61, 48], [58, 55], [56, 50, 49], [52, 53, 59], [57, 60, 68], [65, 66, 72], [71, 64], [69, 67, 70, 77, 74, 80, 76, 78, 86, 73, 79, 81, 82, 85, 87], [83, 84, 88]]
70: [[19, 75, 7], [38, 42, 5], [4, 30, 33], [3, 10, 1], [6, 2, 8], [9, 15, 14], [12, 22, 13], [28, 25, 11], [17, 18, 21], [16, 20, 31], [24, 29, 23], [63, 27, 47], [54, 26, 32], [37, 35, 51], [34, 39, 44], [36, 41, 40], [45, 43, 62], [46, 61, 48], [58, 55, 56], [50, 49, 52], [53, 59], [57, 60, 68, 65], [66, 72, 71], [64, 69, 67], [70, 77, 74], [80, 76, 78], [86, 73, 79, 81], [82, 85, 87, 83], [84, 88]]
71: [[19, 75, 7], [38, 42, 5], [4, 30, 33], [3, 10, 1], [6, 2, 8], [9, 15, 14], [12, 22, 13], [28, 25, 11], [17, 18, 21], [16, 20, 31], [24, 29, 23], [63, 27, 47], [54, 26, 32], [37, 35, 51], [34, 39, 44], [36, 41, 40], [45, 43, 62], [46, 61, 48], [58, 55, 56], [50, 49, 52, 53, 59, 57, 60, 68, 65, 66, 72, 71, 64, 69, 67, 70, 77, 74, 80, 76, 78, 86, 73, 79, 81, 82, 85, 87, 83, 84, 88]]
72: [[19, 75, 7], [38, 42, 5], [4, 30, 33], [3, 10, 1], [6, 2, 8], [9, 15, 14], [12, 22, 13], [28, 25, 11], [17, 18, 21], [16, 20, 31], [24, 29, 23], [63, 27, 47], [54, 26, 32], [37, 35, 51], [34, 39, 44], [36, 41, 40], [45, 43, 62], [46, 61, 48], [58, 55, 56], [50, 49, 52, 53], [59, 57, 60, 68], [65, 66, 72], [71, 64, 69, 67], [70, 77, 74], [80, 76, 78], [86, 73, 79], [81, 82, 85, 87], [83, 84, 88]]
73: [[19, 75, 7], [38, 42, 5], [4, 30, 33], [3, 10, 1], [6, 2, 8], [9, 15, 14], [12, 22, 13], [28, 25, 11], [17, 18, 21], [16, 20, 31], [24, 29, 23], [63, 27, 47], [54, 26, 32], [37, 35, 51], [34, 39, 44], [36, 41, 40], [45, 43, 62], [46, 61, 48], [58, 55, 56], [50, 49], [52, 53, 59], [57, 60], [68, 65, 66], [72, 71, 64, 69, 67, 70, 77, 74, 80, 76, 78, 86, 73, 79, 81, 82, 85, 87, 83, 84, 88]]
74: [[19, 75, 7], [38, 42, 5], [4, 30, 33], [3, 10, 1], [6, 2, 8], [9, 15, 14], [12, 22, 13], [28, 25, 11], [17, 18, 21], [16, 20, 31], [24, 29, 23], [63, 27, 47], [54, 26, 32], [37, 35, 51], [34, 39, 44], [36, 41, 40], [45, 43, 62], [46, 61, 48], [58, 55, 56], [50, 49, 52, 53, 59, 57], [60, 68, 65, 66, 72, 71, 64, 69, 67, 70, 77, 74, 80, 76, 78, 86, 73, 79, 81, 82, 85, 87, 83, 84, 88]]
75: [[19, 75, 7], [38, 42, 5], [4, 30, 33], [3, 10, 1], [6, 2, 8], [9, 15, 14], [12, 22, 13], [28, 25, 11], [17, 18, 21], [16, 20, 31], [24, 29, 23], [63, 27, 47], [54, 26, 32], [37, 35, 51], [34, 39, 44], [36, 41, 40], [45, 43, 62], [46, 61, 48], [58, 55, 56], [50, 49, 52], [53, 59], [57, 60, 68, 65, 66, 72, 71, 64, 69, 67, 70, 77, 74, 80, 76, 78, 86, 73, 79, 81, 82, 85, 87, 83, 84, 88]]
76: [[19, 75, 7], [38, 42, 5], [4, 30, 33], [3, 10, 1], [6, 2, 8], [9, 15, 14], [12, 22, 13], [28, 25, 11], [17, 18, 21], [16, 20, 31], [24, 29, 23], [63, 27, 47, 54, 26, 32], [37, 35, 51], [34, 39, 44], [36, 41, 40], [45, 43, 62], [46, 61, 48], [58, 55, 56], [50, 49], [52, 53, 59], [57, 60, 68], [65, 66, 72], [71, 64, 69], [67, 70, 77], [74, 80], [76, 78, 86], [73, 79, 81, 82, 85, 87, 83, 84, 88]]
77: [[19, 75, 7], [38, 42, 5], [4, 30, 33], [3, 10, 1], [6, 2, 8], [9, 15, 14], [12, 22, 13], [28, 25, 11], [17, 18, 21], [16, 20, 31], [24, 29, 23], [63, 27, 47], [54, 26, 32], [37, 35, 51], [34, 39, 44], [36, 41, 40], [45, 43, 62], [46, 61, 48], [58, 55, 56], [50, 49, 52], [53, 59, 57, 60, 68, 65, 66, 72, 71, 64, 69, 67, 70, 77, 74, 80, 76, 78, 86, 73], [79, 81], [82, 85, 87, 83, 84, 88]]
78: [[19, 75, 7], [38, 42, 5], [4, 30, 33], [3, 10, 1], [6, 2, 8], [9, 15, 14], [12, 22, 13], [28, 25, 11], [17, 18, 21], [16, 20, 31], [24, 29, 23], [63, 27, 47], [54, 26, 32], [37, 35, 51], [34, 39, 44], [36, 41, 40], [45, 43, 62], [46, 61, 48], [58, 55, 56], [50, 49, 52, 53], [59, 57, 60], [68, 65, 66], [72, 71, 64], [69, 67, 70], [77, 74, 80], [76, 78, 86], [73, 79, 81], [82, 85, 87], [83, 84, 88]]
79: [[19, 75, 7], [38, 42, 5], [4, 30, 33], [3, 10, 1], [6, 2, 8], [9, 15, 14], [12, 22, 13], [28, 25, 11], [17, 18, 21], [16, 20, 31], [24, 29, 23], [63, 27, 47], [54, 26, 32], [37, 35, 51], [34, 39, 44], [36, 41, 40], [45, 43, 62], [46, 61, 48], [58, 55], [56, 50, 49], [52, 53, 59], [57, 60], [68, 65, 66, 72, 71, 64, 69, 67, 70, 77, 74, 80, 76, 78, 86, 73, 79, 81, 82, 85, 87, 83, 84, 88]]
80: [[19, 75, 7], [38, 42, 5], [4, 30, 33], [3, 10, 1], [6, 2, 8], [9, 15, 14], [12, 22, 13], [28, 25, 11], [17, 18, 21], [16, 20, 31], [24, 29, 23], [63, 27, 47], [54, 26, 32], [37, 35, 51], [34, 39, 44], [36, 41, 40], [45, 43, 62], [46, 61, 48], [58, 55, 56, 50], [49, 52, 53], [59, 57, 60], [68, 65, 66], [72, 71, 64], [69, 67, 70], [77, 74, 80], [76, 78, 86], [73, 79, 81], [82, 85], [87, 83, 84], [88]]
81: [[19, 75, 7], [38, 42, 5], [4, 30, 33], [3, 10, 1], [6, 2, 8], [9, 15, 14], [12, 22, 13], [28, 25, 11], [17, 18, 21], [16, 20, 31], [24, 29, 23], [63, 27, 47], [54, 26, 32], [37, 35, 51], [34, 39, 44], [36, 41, 40, 45], [43, 62, 46], [61, 48, 58], [55, 56, 50], [49, 52, 53, 59], [57, 60, 68], [65, 66, 72, 71, 64, 69, 67, 70], [77, 74, 80, 76, 78, 86, 73, 79, 81, 82, 85, 87, 83, 84, 88]]
82: [[19, 75, 7], [38, 42, 5], [4, 30, 33], [3, 10, 1], [6, 2, 8], [9, 15, 14], [12, 22, 13], [28, 25, 11], [17, 18, 21], [16, 20, 31], [24, 29, 23], [63, 27, 47], [54, 26, 32], [37, 35, 51], [34, 39, 44], [36, 41, 40], [45, 43, 62], [46, 61, 48, 58], [55, 56, 50, 49], [52, 53], [59, 57, 60, 68, 65, 66, 72, 71, 64], [69, 67, 70], [77, 74, 80, 76, 78, 86, 73, 79, 81, 82, 85, 87, 83, 84, 88]]
83: [[19, 75, 7], [38, 42, 5], [4, 30, 33], [3, 10, 1], [6, 2, 8], [9, 15, 14], [12, 22, 13], [28, 25, 11], [17, 18, 21], [16, 20, 31], [24, 29, 23], [63, 27, 47], [54, 26, 32], [37, 35, 51], [34, 39, 44], [36, 41, 40], [45, 43, 62, 46], [61, 48, 58, 55], [56, 50], [49, 52, 53, 59, 57, 60, 68, 65, 66], [72, 71, 64], [69, 67, 70, 77, 74, 80, 76, 78, 86, 73, 79, 81, 82, 85, 87, 83, 84, 88]]
84: [[19, 75, 7], [38, 42, 5], [4, 30, 33], [3, 10, 1], [6, 2, 8], [9, 15, 14], [12, 22, 13], [28, 25, 11], [17, 18, 21], [16, 20, 31], [24, 29, 23], [63, 27, 47], [54, 26, 32], [37, 35, 51], [34, 39, 44], [36, 41, 40], [45, 43, 62], [46, 61, 48, 58], [55, 56, 50], [49, 52, 53], [59, 57, 60], [68, 65, 66], [72, 71, 64], [69, 67, 70], [77, 74, 80], [76, 78, 86], [73, 79, 81], [82, 85, 87], [83, 84, 88]]
85: [[19, 75], [7, 38, 42, 5, 4], [30, 33], [3, 10, 1, 6, 2, 8, 9], [15, 14], [12, 22, 13], [28, 25], [11, 17, 18, 21, 16, 20, 31], [24, 29, 23], [63, 27, 47], [54, 26, 32], [37, 35, 51, 34], [39, 44, 36], [41, 40, 45, 43, 62, 46, 61, 48, 58, 55, 56, 50, 49, 52, 53, 59, 57, 60, 68, 65, 66, 72, 71, 64, 69, 67, 70, 77, 74, 80, 76, 78, 86, 73, 79, 81, 82, 85, 87, 83, 84, 88]]
86: [[19, 75, 7], [38, 42, 5], [4, 30, 33], [3, 10, 1], [6, 2, 8], [9, 15, 14], [12, 22, 13], [28, 25, 11], [17, 18, 21], [16, 20, 31], [24, 29, 23], [63, 27, 47], [54, 26, 32, 37], [35, 51, 34], [39, 44, 36], [41, 40, 45], [43, 62, 46], [61, 48, 58], [55, 56, 50], [49, 52, 53], [59, 57, 60], [68, 65, 66], [72, 71, 64], [69, 67, 70], [77, 74, 80], [76, 78, 86], [73, 79, 81], [82, 85], [87, 83, 84, 88]]
87: [[19, 75, 7], [38, 42, 5], [4, 30, 33], [3, 10, 1], [6, 2, 8], [9, 15, 14], [12, 22, 13], [28, 25, 11], [17, 18, 21], [16, 20, 31], [24, 29, 23, 63], [27, 47, 54], [26, 32, 37], [35, 51, 34], [39, 44, 36], [41, 40, 45], [43, 62], [46, 61, 48], [58, 55, 56, 50, 49], [52, 53, 59, 57, 60], [68, 65, 66, 72, 71, 64, 69, 67, 70, 77, 74, 80, 76, 78, 86, 73, 79, 81, 82, 85, 87, 83, 84, 88]]
88: [[19, 75, 7], [38, 42, 5], [4, 30, 33], [3, 10, 1], [6, 2, 8], [9, 15, 14], [12, 22, 13], [28, 25, 11], [17, 18, 21], [16, 20, 31], [24, 29, 23], [63, 27, 47], [54, 26, 32], [37, 35, 51], [34, 39, 44, 36], [41, 40, 45], [43, 62, 46], [61, 48, 58], [55, 56, 50], [49, 52, 53], [59, 57, 60], [68, 65, 66], [72, 71, 64], [69, 67, 70], [77, 74, 80], [76, 78, 86], [73, 79, 81], [82, 85, 87], [83, 84, 88]]
89: [[19, 75], [7, 38, 42, 5, 4], [30, 33], [3, 10, 1, 6], [2, 8], [9, 15, 14], [12, 22], [13, 28, 25, 11, 17, 18, 21], [16, 20, 31], [24, 29, 23, 63, 27, 47, 54], [26, 32], [37, 35, 51], [34, 39, 44], [36, 41, 40], [45, 43, 62], [46, 61, 48], [58, 55, 56], [50, 49, 52], [53, 59, 57], [60, 68, 65, 66], [72, 71, 64], [69, 67, 70], [77, 74, 80], [76, 78], [86, 73], [79, 81, 82, 85, 87], [83, 84, 88]]
90: [[19, 75, 7], [38, 42, 5], [4, 30, 33], [3, 10, 1], [6, 2, 8], [9, 15, 14], [12, 22, 13], [28, 25, 11], [17, 18, 21], [16, 20, 31], [24, 29, 23], [63, 27, 47], [54, 26, 32], [37, 35, 51], [34, 39, 44], [36, 41, 40], [45, 43, 62], [46, 61], [48, 58, 55, 56, 50, 49, 52, 53, 59, 57, 60, 68, 65, 66, 72, 71, 64, 69, 67, 70, 77, 74, 80, 76, 78, 86, 73, 79, 81, 82, 85, 87, 83, 84, 88]]
91: [[19, 75, 7], [38, 42, 5], [4, 30, 33], [3, 10, 1], [6, 2, 8], [9, 15, 14], [12, 22, 13], [28, 25, 11, 17], [18, 21, 16], [20, 31, 24], [29, 23], [63, 27, 47], [54, 26, 32], [37, 35, 51], [34, 39, 44], [36, 41, 40], [45, 43, 62], [46, 61, 48], [58, 55, 56], [50, 49, 52], [53, 59, 57], [60, 68, 65], [66, 72, 71], [64, 69, 67], [70, 77, 74], [80, 76, 78], [86, 73, 79], [81, 82], [85, 87], [83, 84, 88]]
92: [[19, 75, 7], [38, 42, 5], [4, 30, 33], [3, 10, 1], [6, 2, 8], [9, 15, 14], [12, 22, 13], [28, 25, 11], [17, 18, 21], [16, 20, 31], [24, 29, 23], [63, 27, 47], [54, 26, 32], [37, 35, 51], [34, 39, 44], [36, 41, 40, 45, 43, 62, 46, 61], [48, 58, 55, 56, 50, 49, 52, 53, 59, 57, 60, 68, 65, 66, 72, 71, 64, 69, 67, 70, 77, 74, 80, 76, 78, 86, 73, 79, 81, 82, 85, 87, 83, 84, 88]]
93: [[19, 75, 7], [38, 42, 5], [4, 30, 33], [3, 10, 1], [6, 2, 8], [9, 15, 14], [12, 22, 13], [28, 25, 11], [17, 18, 21], [16, 20, 31], [24, 29, 23], [63, 27, 47], [54, 26, 32], [37, 35, 51, 34], [39, 44, 36], [41, 40, 45], [43, 62, 46], [61, 48, 58], [55, 56, 50], [49, 52, 53, 59, 57, 60, 68, 65, 66, 72, 71, 64, 69, 67, 70], [77, 74, 80, 76, 78, 86, 73, 79, 81, 82, 85, 87, 83, 84, 88]]
94: [[19, 75, 7], [38, 42, 5], [4, 30, 33], [3, 10, 1], [6, 2, 8], [9, 15, 14], [12, 22, 13], [28, 25, 11], [17, 18, 21], [16, 20, 31], [24, 29, 23], [63, 27, 47], [54, 26, 32], [37, 35, 51], [34, 39, 44], [36, 41, 40, 45, 43, 62, 46, 61, 48, 58], [55], [56, 50, 49, 52, 53, 59, 57, 60], [68, 65, 66, 72, 71, 64, 69, 67, 70, 77, 74, 80, 76, 78, 86, 73, 79, 81, 82, 85, 87, 83, 84, 88]]
95: [[19, 75, 7], [38, 42, 5], [4, 30, 33], [3, 10, 1], [6, 2, 8], [9, 15, 14], [12, 22, 13], [28, 25, 11], [17, 18, 21], [16, 20, 31], [24, 29, 23], [63, 27, 47], [54, 26], [32, 37], [35, 51, 34], [39, 44, 36], [41, 40, 45], [43, 62, 46], [61, 48, 58], [55, 56, 50], [49, 52, 53], [59, 57, 60], [68, 65, 66], [72, 71, 64], [69, 67, 70], [77, 74, 80], [76, 78, 86], [73, 79, 81], [82, 85, 87], [83, 84, 88]]
96: [[19, 75, 7], [38, 42, 5], [4, 30, 33], [3, 10, 1], [6, 2, 8], [9, 15, 14], [12, 22, 13], [28, 25, 11], [17, 18, 21], [16, 20, 31], [24, 29, 23], [63, 27, 47], [54, 26, 32], [37, 35, 51], [34, 39, 44], [36, 41, 40], [45, 43, 62], [46, 61], [48, 58, 55, 56, 50, 49, 52, 53, 59, 57, 60, 68, 65, 66, 72, 71, 64, 69, 67, 70, 77, 74, 80, 76, 78, 86, 73, 79, 81], [82, 85, 87, 83, 84, 88]]
97: [[19, 75, 7], [38, 42, 5], [4, 30, 33], [3, 10, 1], [6, 2, 8], [9, 15, 14], [12, 22, 13], [28, 25, 11], [17, 18, 21], [16, 20, 31], [24, 29, 23], [63, 27], [47, 54], [26, 32, 37], [35, 51, 34], [39, 44, 36], [41, 40, 45], [43, 62, 46], [61, 48], [58, 55, 56], [50, 49, 52], [53, 59, 57], [60, 68, 65], [66, 72, 71], [64, 69, 67], [70, 77, 74, 80], [76, 78, 86], [73, 79, 81], [82, 85, 87], [83, 84, 88]]
98: [[19, 75, 7], [38, 42, 5], [4, 30, 33], [3, 10, 1], [6, 2, 8], [9, 15, 14], [12, 22, 13], [28, 25, 11], [17, 18, 21], [16, 20, 31], [24, 29, 23], [63, 27, 47], [54, 26, 32], [37, 35, 51], [34, 39, 44], [36, 41], [40, 45, 43], [62, 46], [61, 48, 58, 55, 56, 50], [49, 52, 53, 59, 57, 60, 68, 65, 66, 72, 71, 64, 69, 67, 70, 77, 74, 80, 76, 78, 86, 73, 79, 81, 82, 85, 87, 83, 84, 88]]
99: [[19, 75, 7], [38, 42, 5], [4, 30, 33], [3, 10, 1], [6, 2, 8], [9, 15, 14], [12, 22, 13], [28, 25, 11], [17, 18, 21], [16, 20, 31], [24, 29, 23], [63, 27, 47], [54, 26, 32], [37, 35, 51], [34, 39, 44], [36, 41, 40], [45, 43, 62], [46, 61], [48, 58, 55], [56, 50, 49], [52, 53, 59], [57, 60, 68], [65, 66, 72], [71, 64, 69], [67, 70], [77, 74, 80], [76, 78, 86, 73, 79, 81, 82, 85, 87, 83, 84, 88]]
100: [[19, 75, 7], [38, 42, 5], [4, 30, 33], [3, 10, 1], [6, 2, 8], [9, 15, 14], [12, 22, 13], [28, 25, 11], [17, 18, 21], [16, 20, 31], [24, 29, 23], [63, 27, 47], [54, 26, 32], [37, 35, 51], [34, 39, 44], [36, 41, 40], [45, 43, 62], [46, 61], [48, 58, 55], [56, 50, 49], [52, 53, 59], [57, 60, 68], [65, 66, 72], [71, 64, 69], [67, 70], [77, 74, 80], [76, 78, 86, 73, 79, 81, 82, 85, 87, 83, 84, 88]]
101: [[19, 75, 7], [38, 42, 5], [4, 30, 33], [3, 10, 1], [6, 2, 8], [9, 15, 14], [12, 22, 13], [28, 25, 11], [17, 18, 21], [16, 20, 31], [24, 29, 23, 63], [27, 47, 54], [26, 32, 37], [35, 51, 34], [39, 44, 36], [41, 40, 45], [43, 62, 46], [61, 48, 58], [55, 56, 50], [49, 52, 53], [59, 57, 60], [68, 65, 66], [72, 71, 64], [69, 67, 70], [77, 74, 80], [76, 78, 86], [73, 79, 81], [82, 85, 87], [83, 84, 88]]
102: [[19, 75, 7], [38, 42, 5], [4, 30, 33], [3, 10, 1], [6, 2, 8], [9, 15, 14], [12, 22, 13], [28, 25, 11], [17, 18, 21], [16, 20, 31], [24, 29, 23], [63, 27, 47], [54, 26, 32], [37, 35, 51], [34, 39, 44], [36, 41, 40], [45, 43], [62, 46, 61, 48, 58, 55, 56, 50, 49, 52, 53, 59, 57, 60, 68, 65, 66, 72, 71, 64, 69, 67, 70, 77, 74, 80, 76, 78, 86, 73, 79, 81, 82, 85, 87, 83, 84, 88]]
103: [[19, 75, 7], [38, 42, 5], [4, 30, 33], [3, 10, 1], [6, 2, 8], [9, 15, 14], [12, 22, 13], [28, 25, 11], [17, 18, 21], [16, 20, 31], [24, 29, 23], [63, 27, 47], [54, 26, 32], [37, 35, 51], [34, 39, 44], [36, 41, 40], [45, 43, 62], [46, 61], [48, 58, 55], [56, 50, 49], [52, 53, 59], [57, 60, 68], [65, 66, 72], [71, 64, 69], [67, 70, 77], [74, 80, 76], [78, 86, 73], [79, 81], [82, 85, 87], [83, 84, 88]]
104: [[19, 75, 7], [38, 42, 5], [4, 30, 33], [3, 10, 1], [6, 2, 8], [9, 15, 14], [12, 22, 13], [28, 25, 11], [17, 18, 21], [16, 20, 31], [24, 29, 23], [63, 27, 47], [54, 26, 32, 37], [35, 51, 34], [39, 44, 36, 41, 40, 45, 43, 62, 46, 61, 48, 58, 55, 56, 50, 49, 52, 53, 59, 57, 60, 68, 65, 66, 72, 71, 64, 69, 67, 70, 77, 74, 80, 76, 78, 86, 73, 79, 81, 82, 85, 87, 83, 84, 88]]
105: [[19, 75, 7], [38, 42, 5], [4, 30, 33], [3, 10, 1], [6, 2, 8], [9, 15, 14], [12, 22, 13], [28, 25, 11], [17, 18, 21], [16, 20, 31, 24], [29, 23, 63], [27, 47, 54], [26, 32, 37], [35, 51, 34], [39, 44, 36], [41, 40], [45, 43, 62], [46, 61, 48], [58, 55, 56], [50, 49, 52], [53, 59, 57], [60, 68, 65], [66, 72, 71], [64, 69, 67], [70, 77, 74], [80, 76, 78], [86, 73, 79], [81, 82], [85, 87, 83], [84, 88]]
106: [[19, 75, 7], [38, 42, 5], [4, 30, 33], [3, 10, 1], [6, 2, 8], [9, 15, 14], [12, 22, 13], [28, 25, 11], [17, 18, 21], [16, 20, 31], [24, 29, 23], [63, 27, 47], [54, 26, 32], [37, 35, 51], [34, 39], [44, 36, 41, 40, 45, 43, 62, 46, 61, 48, 58, 55, 56, 50, 49], [52, 53, 59, 57, 60, 68, 65, 66, 72, 71, 64, 69, 67, 70, 77, 74, 80, 76, 78, 86, 73, 79, 81, 82, 85, 87, 83, 84, 88]]
107: [[19, 75, 7], [38, 42, 5], [4, 30, 33], [3, 10, 1], [6, 2, 8], [9, 15, 14], [12, 22, 13], [28, 25, 11], [17, 18, 21], [16, 20, 31], [24, 29, 23], [63, 27, 47], [54, 26, 32], [37, 35], [51, 34, 39], [44, 36, 41], [40, 45, 43], [62, 46, 61], [48, 58, 55], [56, 50, 49], [52, 53, 59], [57, 60, 68], [65, 66, 72], [71, 64, 69], [67, 70, 77], [74, 80, 76], [78, 86, 73], [79, 81, 82], [85, 87, 83], [84, 88]]
108: [[19, 75, 7], [38, 42, 5], [4, 30, 33], [3, 10, 1], [6, 2, 8], [9, 15, 14], [12, 22, 13], [28, 25, 11], [17, 18, 21], [16, 20, 31], [24, 29, 23], [63, 27, 47], [54, 26, 32], [37, 35, 51], [34, 39, 44], [36, 41], [40, 45, 43], [62, 46, 61], [48, 58, 55, 56, 50, 49, 52, 53, 59, 57, 60, 68, 65, 66, 72, 71, 64, 69, 67, 70, 77, 74, 80, 76, 78, 86, 73, 79, 81, 82, 85, 87, 83, 84, 88]]
109: [[19, 75], [7, 38, 42, 5, 4], [30, 33], [3, 10, 1, 6], [2, 8], [9, 15, 14], [12, 22], [13, 28, 25, 11, 17, 18, 21], [16, 20, 31], [24, 29, 23], [63, 27, 47], [54, 26, 32], [37, 35, 51], [34, 39, 44], [36, 41], [40, 45, 43], [62, 46, 61, 48, 58, 55, 56, 50, 49, 52, 53, 59, 57, 60, 68, 65, 66, 72, 71, 64, 69, 67, 70, 77, 74, 80, 76, 78, 86, 73, 79, 81, 82, 85, 87, 83, 84, 88]]
110: [[19, 75, 7], [38, 42, 5], [4, 30, 33], [3, 10, 1], [6, 2, 8], [9, 15, 14], [12, 22, 13], [28, 25, 11], [17, 18, 21], [16, 20, 31], [24, 29, 23], [63, 27, 47], [54, 26, 32], [37, 35, 51], [34, 39, 44], [36, 41], [40, 45, 43], [62, 46, 61], [48, 58, 55], [56, 50], [49, 52, 53, 59, 57, 60, 68, 65, 66, 72, 71, 64, 69, 67, 70, 77, 74, 80, 76, 78, 86, 73, 79, 81, 82, 85, 87, 83, 84, 88]]
111: [[19, 75, 7], [38, 42, 5], [4, 30, 33], [3, 10, 1], [6, 2, 8], [9, 15, 14], [12, 22, 13], [28, 25, 11], [17, 18, 21], [16, 20, 31], [24, 29, 23], [63, 27, 47, 54], [26, 32, 37], [35, 51, 34], [39, 44, 36], [41, 40], [45, 43], [62, 46, 61, 48, 58], [55, 56, 50], [49, 52, 53, 59, 57, 60, 68, 65, 66, 72, 71, 64, 69, 67, 70, 77, 74, 80, 76, 78, 86, 73, 79, 81, 82, 85, 87, 83, 84, 88]]
112: [[19, 75, 7], [38, 42, 5], [4, 30, 33], [3, 10, 1], [6, 2, 8], [9, 15, 14], [12, 22, 13], [28, 25, 11], [17, 18, 21], [16, 20, 31], [24, 29, 23], [63, 27, 47], [54, 26, 32], [37, 35, 51], [34, 39, 44], [36, 41, 40], [45, 43], [62, 46, 61], [48, 58, 55], [56, 50, 49], [52, 53, 59], [57, 60, 68], [65, 66, 72], [71, 64], [69, 67, 70], [77, 74, 80], [76, 78, 86], [73, 79, 81], [82, 85, 87], [83, 84, 88]]
113: [[19, 75, 7], [38, 42, 5], [4, 30, 33], [3, 10, 1], [6, 2, 8], [9, 15, 14], [12, 22, 13], [28, 25, 11], [17, 18, 21], [16, 20, 31], [24, 29, 23], [63, 27, 47], [54, 26, 32], [37, 35, 51], [34, 39, 44], [36, 41, 40], [45, 43], [62, 46, 61], [48, 58], [55, 56, 50, 49, 52, 53, 59, 57, 60, 68, 65, 66, 72, 71, 64, 69, 67, 70, 77, 74, 80, 76, 78, 86, 73, 79, 81, 82, 85, 87, 83, 84, 88]]
114: [[19, 75, 7], [38, 42, 5], [4, 30, 33], [3, 10, 1], [6, 2, 8], [9, 15, 14], [12, 22, 13], [28, 25, 11], [17, 18, 21], [16, 20, 31], [24, 29, 23], [63, 27, 47], [54, 26, 32], [37, 35, 51], [34, 39, 44], [36, 41, 40], [45, 43], [62, 46, 61], [48, 58], [55, 56, 50], [49, 52, 53], [59, 57, 60, 68, 65, 66, 72, 71, 64, 69, 67, 70, 77, 74, 80, 76, 78, 86, 73, 79, 81, 82, 85, 87, 83, 84, 88]]
115: [[19, 75, 7], [38, 42, 5], [4, 30, 33], [3, 10, 1], [6, 2, 8], [9, 15, 14], [12, 22, 13], [28, 25, 11], [17, 18, 21], [16, 20, 31], [24, 29, 23], [63, 27, 47], [54, 26, 32], [37, 35, 51], [34, 39, 44], [36, 41], [40, 45, 43], [62, 46, 61], [48, 58, 55], [56, 50, 49], [52, 53], [59, 57, 60], [68, 65, 66], [72, 71, 64], [69, 67, 70], [77, 74, 80], [76, 78, 86], [73, 79, 81], [82, 85, 87], [83, 84, 88]]
116: [[19, 75, 7], [38, 42, 5], [4, 30, 33], [3, 10, 1], [6, 2, 8], [9, 15, 14], [12, 22, 13], [28, 25, 11], [17, 18, 21], [16, 20, 31], [24, 29, 23], [63, 27, 47], [54, 26, 32], [37, 35, 51], [34, 39, 44], [36, 41, 40], [45, 43], [62, 46, 61], [48, 58, 55], [56, 50, 49], [52, 53, 59, 57, 60], [68, 65, 66], [72, 71, 64], [69, 67, 70, 77, 74, 80, 76, 78, 86, 73, 79, 81, 82, 85, 87, 83, 84, 88]]
117: [[19, 75, 7], [38, 42, 5, 4], [30, 33, 3], [10, 1, 6], [2, 8, 9], [15, 14, 12], [22, 13, 28], [25, 11, 17], [18, 21], [16, 20, 31], [24, 29, 23], [63, 27, 47], [54, 26, 32], [37, 35, 51], [34, 39, 44], [36, 41], [40, 45, 43], [62, 46], [61, 48, 58], [55, 56, 50], [49, 52, 53], [59, 57, 60], [68, 65, 66], [72, 71, 64], [69, 67], [70, 77, 74], [80, 76], [78, 86, 73], [79, 81, 82], [85, 87, 83, 84, 88]]
118: [[19, 75, 7], [38, 42, 5], [4, 30, 33], [3, 10, 1], [6, 2, 8], [9, 15, 14], [12, 22, 13], [28, 25, 11], [17, 18, 21, 16], [20, 31, 24], [29, 23, 63], [27, 47, 54], [26, 32, 37], [35, 51, 34], [39, 44, 36], [41, 40, 45], [43, 62, 46], [61, 48, 58], [55, 56, 50], [49, 52, 53], [59, 57, 60], [68, 65, 66], [72, 71, 64], [69, 67, 70], [77, 74, 80], [76, 78, 86], [73, 79, 81], [82, 85, 87], [83, 84, 88]]
119: [[19, 75, 7], [38, 42, 5], [4, 30, 33], [3, 10, 1], [6, 2, 8], [9, 15, 14], [12, 22, 13], [28, 25, 11], [17, 18], [21, 16, 20], [31, 24], [29, 23, 63], [27, 47, 54], [26, 32, 37], [35, 51, 34], [39, 44, 36], [41, 40, 45], [43, 62], [46, 61, 48], [58, 55, 56, 50, 49, 52, 53, 59, 57, 60, 68, 65, 66, 72, 71, 64, 69, 67, 70, 77, 74, 80, 76, 78, 86, 73, 79, 81, 82, 85, 87, 83, 84, 88]]
120: [[19, 75, 7], [38, 42, 5], [4, 30, 33], [3, 10, 1], [6, 2, 8], [9, 15, 14], [12, 22, 13], [28, 25, 11], [17, 18, 21, 16], [20, 31, 24], [29, 23, 63], [27, 47, 54], [26, 32, 37], [35, 51, 34], [39, 44, 36], [41, 40, 45], [43, 62, 46], [61, 48, 58], [55, 56, 50], [49, 52, 53], [59, 57, 60], [68, 65, 66], [72, 71, 64], [69, 67, 70], [77, 74, 80], [76, 78, 86], [73, 79, 81], [82, 85, 87], [83, 84, 88]]
121: [[19, 75, 7], [38, 42, 5], [4, 30, 33], [3, 10, 1], [6, 2, 8], [9, 15, 14], [12, 22, 13], [28, 25, 11], [17, 18, 21], [16, 20, 31], [24, 29, 23], [63, 27, 47], [54, 26, 32], [37, 35, 51], [34, 39], [44, 36, 41], [40, 45, 43], [62, 46, 61], [48, 58, 55], [56, 50, 49], [52, 53], [59, 57, 60], [68, 65], [66, 72, 71], [64, 69, 67, 70, 77, 74, 80, 76, 78, 86, 73, 79, 81, 82, 85, 87, 83, 84, 88]]
122: [[19, 75, 7], [38, 42, 5], [4, 30, 33], [3, 10, 1], [6, 2, 8], [9, 15, 14], [12, 22, 13], [28, 25, 11], [17, 18, 21, 16], [20, 31, 24], [29, 23, 63], [27, 47, 54], [26, 32, 37], [35, 51, 34], [39, 44, 36], [41, 40, 45], [43, 62, 46], [61, 48, 58], [55, 56, 50], [49, 52, 53], [59, 57, 60], [68, 65, 66], [72, 71, 64], [69, 67, 70], [77, 74, 80], [76, 78, 86], [73, 79, 81], [82, 85, 87, 83], [84, 88]]
123: [[19, 75, 7], [38, 42, 5], [4, 30, 33], [3, 10, 1], [6, 2, 8], [9, 15, 14], [12, 22, 13], [28, 25, 11], [17, 18, 21], [16, 20, 31], [24, 29, 23], [63, 27, 47], [54, 26, 32], [37, 35, 51, 34, 39, 44, 36, 41, 40, 45, 43, 62, 46, 61, 48, 58, 55, 56, 50, 49, 52, 53, 59, 57, 60, 68, 65, 66, 72, 71, 64, 69, 67, 70, 77, 74, 80, 76, 78, 86, 73, 79, 81, 82, 85, 87, 83, 84, 88]]
124: [[19, 75, 7], [38, 42, 5], [4, 30, 33], [3, 10, 1], [6, 2, 8], [9, 15, 14], [12, 22, 13], [28, 25, 11], [17, 18, 21], [16, 20, 31], [24, 29, 23, 63], [27, 47], [54, 26, 32], [37, 35, 51, 34, 39, 44, 36, 41, 40, 45, 43, 62, 46, 61, 48, 58, 55, 56, 50, 49, 52, 53, 59, 57, 60, 68, 65, 66, 72, 71, 64, 69, 67, 70, 77, 74, 80, 76, 78, 86, 73, 79, 81, 82, 85, 87, 83, 84, 88]]
125: [[19, 75, 7], [38, 42, 5], [4, 30, 33], [3, 10, 1], [6, 2, 8], [9, 15, 14], [12, 22, 13], [28, 25, 11], [17, 18, 21], [16, 20, 31], [24, 29, 23], [63, 27], [47, 54, 26], [32, 37, 35], [51, 34, 39], [44, 36, 41], [40, 45, 43], [62, 46], [61, 48, 58], [55, 56], [50, 49, 52], [53, 59, 57, 60, 68, 65, 66, 72, 71, 64, 69, 67, 70, 77, 74, 80, 76, 78, 86], [73, 79, 81, 82, 85, 87, 83, 84, 88]]
126: [[19, 75, 7], [38, 42, 5], [4, 30, 33], [3, 10, 1], [6, 2, 8], [9, 15, 14], [12, 22, 13], [28, 25, 11], [17, 18, 21], [16, 20, 31], [24, 29], [23, 63, 27], [47, 54, 26], [32, 37, 35], [51, 34, 39], [44, 36, 41], [40, 45], [43, 62, 46], [61, 48, 58, 55, 56, 50, 49, 52, 53, 59, 57, 60, 68, 65, 66, 72, 71, 64, 69, 67, 70, 77, 74, 80], [76, 78, 86, 73, 79, 81, 82, 85, 87, 83, 84, 88]]
127: [[19, 75, 7], [38, 42, 5], [4, 30, 33], [3, 10, 1], [6, 2, 8], [9, 15, 14], [12, 22, 13], [28, 25, 11], [17, 18, 21], [16, 20, 31], [24, 29, 23], [63, 27], [47, 54, 26], [32, 37, 35], [51, 34, 39], [44, 36, 41], [40, 45, 43], [62, 46, 61], [48, 58, 55], [56, 50, 49], [52, 53, 59], [57, 60], [68, 65, 66], [72, 71, 64], [69, 67, 70], [77, 74, 80, 76], [78, 86, 73], [79, 81, 82], [85, 87, 83], [84, 88]]
128: [[19, 75, 7], [38, 42, 5], [4, 30, 33], [3, 10, 1], [6, 2, 8], [9, 15, 14], [12, 22, 13], [28, 25, 11], [17, 18, 21], [16, 20], [31, 24, 29], [23, 63, 27], [47, 54, 26], [32, 37, 35], [51, 34, 39], [44, 36, 41], [40, 45], [43, 62, 46], [61, 48, 58, 55, 56, 50, 49, 52, 53, 59, 57, 60, 68, 65, 66, 72, 71, 64, 69, 67, 70, 77, 74, 80, 76, 78, 86, 73, 79, 81, 82, 85, 87], [83, 84, 88]]
129: [[19, 75, 7], [38, 42, 5], [4, 30, 33], [3, 10, 1], [6, 2, 8], [9, 15, 14], [12, 22, 13], [28, 25], [11, 17, 18], [21, 16, 20], [31, 24, 29], [23, 63, 27], [47, 54, 26], [32, 37, 35], [51, 34, 39], [44, 36, 41], [40, 45, 43], [62, 46, 61], [48, 58, 55], [56, 50, 49], [52, 53, 59], [57, 60, 68], [65, 66, 72], [71, 64, 69], [67, 70, 77], [74, 80, 76], [78, 86, 73], [79, 81, 82], [85, 87], [83, 84, 88]]
130: [[19, 75, 7], [38, 42, 5], [4, 30, 33], [3, 10, 1], [6, 2, 8], [9, 15, 14], [12, 22, 13], [28, 25], [11, 17, 18], [21, 16, 20], [31, 24, 29], [23, 63, 27], [47, 54, 26], [32, 37, 35], [51, 34, 39], [44, 36, 41], [40, 45, 43], [62, 46, 61], [48, 58, 55], [56, 50, 49], [52, 53, 59], [57, 60, 68], [65, 66, 72], [71, 64, 69], [67, 70, 77], [74, 80, 76], [78, 86, 73], [79, 81, 82], [85, 87], [83, 84, 88]]
131: [[19, 75, 7], [38, 42, 5], [4, 30, 33], [3, 10, 1], [6, 2, 8], [9, 15, 14], [12, 22, 13], [28, 25, 11], [17, 18, 21], [16, 20, 31], [24, 29, 23], [63, 27, 47], [54, 26], [32, 37, 35], [51, 34, 39], [44, 36, 41], [40, 45, 43], [62, 46, 61], [48, 58, 55], [56, 50, 49], [52, 53, 59], [57, 60, 68], [65, 66, 72], [71, 64, 69], [67, 70, 77], [74, 80, 76], [78, 86], [73, 79, 81], [82, 85, 87, 83, 84, 88]]
132: [[19, 75, 7], [38, 42, 5], [4, 30, 33], [3, 10, 1], [6, 2, 8], [9, 15, 14], [12, 22, 13], [28, 25, 11], [17, 18, 21], [16, 20, 31], [24, 29, 23], [63, 27, 47], [54, 26], [32, 37, 35], [51, 34, 39], [44, 36, 41], [40, 45, 43], [62, 46, 61], [48, 58, 55], [56, 50, 49], [52, 53, 59], [57, 60, 68], [65, 66, 72], [71, 64, 69], [67, 70, 77], [74, 80, 76], [78, 86], [73, 79, 81], [82, 85, 87, 83, 84, 88]]
133: [[19, 75, 7], [38, 42, 5], [4, 30, 33], [3, 10, 1], [6, 2, 8], [9, 15, 14], [12, 22, 13], [28, 25, 11], [17, 18, 21], [16, 20, 31], [24, 29, 23], [63, 27, 47], [54, 26, 32], [37, 35], [51, 34, 39], [44, 36, 41], [40, 45, 43], [62, 46, 61], [48, 58, 55], [56, 50, 49], [52, 53, 59], [57, 60, 68], [65, 66, 72], [71, 64, 69], [67, 70, 77], [74, 80, 76], [78, 86, 73], [79, 81], [82, 85, 87], [83, 84, 88]]
134: [[19, 75, 7], [38, 42, 5], [4, 30, 33], [3, 10, 1], [6, 2, 8], [9, 15, 14], [12, 22, 13], [28, 25, 11], [17, 18, 21], [16, 20, 31], [24, 29, 23], [63, 27, 47], [54, 26, 32], [37, 35], [51, 34, 39], [44, 36, 41], [40, 45, 43], [62, 46, 61], [48, 58, 55], [56, 50, 49], [52, 53, 59], [57, 60, 68], [65, 66, 72], [71, 64, 69], [67, 70, 77], [74, 80], [76, 78, 86], [73, 79, 81], [82, 85, 87], [83, 84, 88]]
135: [[19, 75, 7], [38, 42, 5], [4, 30, 33], [3, 10, 1], [6, 2, 8], [9, 15, 14], [12, 22, 13], [28, 25, 11], [17, 18, 21], [16, 20, 31], [24, 29, 23], [63, 27, 47], [54, 26, 32], [37, 35], [51, 34, 39], [44, 36, 41], [40, 45, 43], [62, 46, 61], [48, 58], [55, 56, 50], [49, 52, 53, 59, 57, 60, 68, 65, 66, 72, 71, 64, 69, 67, 70, 77, 74, 80, 76, 78, 86, 73, 79, 81, 82, 85, 87, 83, 84, 88]]
136: [[19, 75, 7], [38, 42, 5], [4, 30, 33], [3, 10, 1], [6, 2, 8], [9, 15, 14], [12, 22, 13], [28, 25, 11], [17, 18, 21], [16, 20, 31], [24, 29, 23], [63, 27, 47], [54, 26, 32], [37, 35], [51, 34, 39], [44, 36, 41], [40, 45, 43], [62, 46, 61], [48, 58, 55], [56, 50, 49], [52, 53, 59], [57, 60, 68], [65, 66, 72], [71, 64, 69], [67, 70, 77], [74, 80, 76], [78, 86, 73], [79, 81], [82, 85, 87], [83, 84, 88]]
137: [[19, 75, 7], [38, 42, 5], [4, 30, 33], [3, 10, 1], [6, 2, 8], [9, 15, 14], [12, 22, 13], [28, 25, 11], [17, 18, 21], [16, 20, 31], [24, 29, 23], [63, 27, 47], [54, 26], [32, 37, 35], [51, 34, 39], [44, 36, 41], [40, 45, 43], [62, 46, 61], [48, 58, 55], [56, 50], [49, 52, 53], [59, 57, 60], [68, 65, 66], [72, 71, 64], [69, 67, 70], [77, 74, 80], [76, 78, 86], [73, 79, 81], [82, 85, 87], [83, 84, 88]]
138: [[19, 75, 7], [38, 42, 5], [4, 30, 33], [3, 10, 1], [6, 2, 8], [9, 15, 14], [12, 22, 13], [28, 25, 11], [17, 18, 21], [16, 20], [31, 24, 29], [23, 63], [27, 47, 54], [26, 32, 37], [35, 51, 34, 39, 44, 36, 41, 40, 45, 43, 62, 46, 61, 48, 58, 55, 56, 50, 49, 52, 53, 59, 57, 60, 68, 65, 66, 72, 71, 64, 69, 67, 70, 77, 74, 80, 76, 78, 86, 73, 79, 81, 82, 85, 87, 83, 84, 88]]
139: [[19, 75, 7], [38, 42, 5], [4, 30, 33], [3, 10, 1], [6, 2, 8], [9, 15, 14], [12, 22, 13], [28, 25, 11], [17, 18, 21], [16, 20], [31, 24, 29], [23, 63], [27, 47, 54], [26, 32, 37, 35, 51, 34, 39, 44, 36, 41, 40, 45, 43, 62, 46, 61, 48, 58, 55, 56, 50, 49, 52, 53, 59, 57, 60, 68, 65, 66, 72, 71, 64, 69, 67, 70, 77, 74, 80, 76, 78, 86, 73, 79, 81, 82, 85, 87, 83, 84, 88]]
140: [[19, 75, 7], [38, 42, 5], [4, 30, 33], [3, 10, 1], [6, 2, 8], [9, 15, 14], [12, 22, 13], [28, 25, 11], [17, 18], [21, 16, 20], [31, 24, 29], [23, 63, 27], [47, 54, 26], [32, 37], [35, 51, 34], [39, 44, 36], [41, 40, 45], [43, 62, 46], [61, 48, 58], [55, 56, 50], [49, 52, 53], [59, 57, 60], [68, 65, 66], [72, 71, 64], [69, 67, 70], [77, 74, 80], [76, 78, 86], [73, 79, 81], [82, 85, 87], [83, 84, 88]]
141: [[19, 75, 7], [38, 42, 5], [4, 30, 33], [3, 10, 1], [6, 2, 8], [9, 15, 14], [12, 22, 13], [28, 25, 11], [17, 18, 21], [16, 20, 31], [24, 29, 23], [63, 27, 47, 54, 26, 32, 37, 35, 51, 34, 39, 44, 36, 41, 40, 45, 43], [62, 46, 61, 48, 58, 55, 56, 50, 49, 52, 53, 59, 57, 60, 68, 65, 66, 72, 71, 64, 69, 67, 70, 77, 74, 80, 76, 78, 86, 73, 79, 81, 82, 85, 87, 83, 84, 88]]
142: [[19, 75, 7], [38, 42, 5], [4, 30, 33], [3, 10, 1], [6, 2], [8, 9, 15], [14, 12, 22], [13, 28, 25], [11, 17, 18], [21, 16], [20, 31, 24], [29, 23, 63], [27, 47, 54], [26, 32, 37], [35, 51, 34], [39, 44], [36, 41, 40], [45, 43, 62], [46, 61], [48, 58, 55], [56, 50, 49, 52], [53, 59, 57, 60], [68, 65, 66], [72, 71, 64, 69], [67, 70, 77], [74, 80, 76], [78, 86, 73], [79, 81, 82, 85], [87, 83, 84, 88]]
143: [[19, 75, 7], [38, 42, 5], [4, 30, 33], [3, 10, 1], [6, 2, 8], [9, 15, 14], [12, 22, 13], [28, 25, 11], [17, 18, 21], [16, 20, 31], [24, 29, 23], [63, 27], [47, 54, 26], [32, 37, 35], [51, 34, 39, 44, 36, 41, 40, 45, 43, 62, 46, 61, 48, 58, 55, 56, 50, 49, 52, 53], [59, 57, 60, 68, 65, 66, 72, 71, 64, 69, 67, 70, 77, 74, 80, 76, 78, 86, 73, 79, 81, 82, 85, 87, 83, 84, 88]]
144: [[19, 75, 7], [38, 42, 5], [4, 30, 33], [3, 10, 1, 6], [2, 8, 9], [15, 14, 12], [22, 13, 28], [25, 11, 17], [18, 21, 16], [20, 31, 24], [29, 23, 63], [27, 47, 54], [26, 32, 37], [35, 51, 34], [39, 44, 36], [41, 40, 45], [43, 62, 46], [61, 48, 58], [55, 56, 50], [49, 52, 53], [59, 57, 60], [68, 65, 66], [72, 71, 64], [69, 67, 70], [77, 74, 80], [76, 78, 86], [73], [79, 81, 82, 85, 87, 83, 84, 88]]
145: [[19, 75, 7], [38, 42, 5], [4, 30, 33], [3, 10, 1], [6, 2, 8], [9, 15, 14], [12, 22, 13], [28, 25], [11, 17, 18], [21, 16, 20], [31, 24, 29, 23, 63, 27, 47, 54, 26, 32, 37, 35, 51, 34, 39, 44, 36, 41, 40, 45], [43, 62, 46, 61, 48, 58, 55, 56, 50, 49, 52, 53, 59, 57, 60, 68, 65, 66, 72, 71, 64, 69, 67, 70, 77, 74, 80, 76, 78, 86, 73, 79, 81, 82, 85, 87, 83, 84, 88]]
146: [[19, 75, 7], [38, 42, 5], [4, 30, 33], [3, 10, 1], [6, 2, 8], [9, 15, 14], [12, 22, 13], [28, 25, 11], [17, 18], [21, 16, 20, 31, 24, 29, 23], [63, 27], [47, 54, 26], [32, 37], [35, 51, 34, 39, 44, 36, 41], [40, 45, 43], [62, 46, 61, 48, 58, 55, 56], [50, 49], [52, 53, 59], [57, 60, 68], [65, 66, 72], [71, 64, 69], [67, 70, 77], [74, 80], [76, 78, 86, 73, 79, 81, 82, 85, 87, 83, 84, 88]]
147: [[19, 75, 7], [38, 42, 5], [4, 30, 33], [3, 10, 1], [6, 2, 8], [9, 15, 14], [12, 22, 13], [28, 25, 11], [17, 18, 21], [16, 20, 31], [24, 29, 23], [63, 27], [47, 54, 26], [32, 37, 35], [51, 34, 39], [44, 36, 41], [40, 45, 43], [62, 46, 61], [48, 58, 55], [56, 50, 49], [52, 53, 59], [57, 60, 68], [65, 66, 72], [71, 64], [69, 67, 70], [77, 74, 80], [76, 78, 86], [73, 79, 81], [82, 85, 87], [83, 84, 88]]
148: [[19, 75, 7], [38, 42, 5], [4, 30, 33], [3, 10, 1], [6, 2, 8], [9, 15, 14], [12, 22], [13, 28, 25], [11, 17, 18], [21, 16, 20], [31, 24, 29], [23, 63, 27], [47, 54, 26], [32, 37], [35, 51, 34], [39, 44, 36, 41, 40, 45, 43, 62, 46, 61, 48, 58], [55, 56, 50, 49, 52, 53, 59, 57, 60, 68, 65, 66, 72, 71, 64, 69, 67, 70, 77, 74, 80, 76, 78, 86, 73, 79, 81, 82, 85, 87, 83, 84, 88]]
149: [[19, 75], [7, 38, 42, 5, 4], [30, 33], [3, 10, 1], [6, 2], [8, 9, 15], [14, 12], [22, 13, 28, 25, 11, 17, 18], [21, 16, 20], [31, 24, 29], [23, 63, 27], [47, 54, 26, 32], [37, 35, 51], [34, 39, 44], [36, 41, 40], [45, 43, 62], [46, 61, 48], [58, 55, 56], [50, 49, 52], [53, 59, 57], [60, 68, 65], [66, 72, 71], [64, 69, 67], [70, 77, 74], [80, 76, 78], [86, 73, 79], [81, 82, 85, 87, 83, 84, 88]]
150: [[19, 75, 7], [38, 42, 5], [4, 30, 33], [3, 10, 1], [6, 2, 8], [9, 15, 14], [12, 22, 13], [28, 25, 11], [17, 18, 21], [16, 20, 31], [24, 29, 23], [63, 27], [47, 54, 26], [32, 37, 35], [51, 34, 39], [44, 36, 41], [40, 45, 43], [62, 46, 61], [48, 58, 55], [56, 50], [49, 52, 53], [59, 57, 60], [68, 65, 66], [72, 71, 64], [69, 67], [70, 77, 74, 80, 76, 78, 86, 73, 79, 81, 82, 85, 87, 83, 84, 88]]
151: [[19, 75, 7], [38, 42, 5], [4, 30, 33], [3, 10, 1], [6, 2, 8], [9, 15, 14], [12, 22, 13], [28, 25], [11, 17, 18], [21, 16, 20], [31, 24, 29], [23, 63, 27], [47, 54, 26], [32, 37, 35], [51, 34, 39], [44, 36, 41], [40, 45, 43], [62, 46, 61], [48, 58, 55, 56], [50, 49, 52], [53, 59, 57], [60, 68, 65], [66, 72, 71], [64, 69, 67], [70, 77, 74], [80, 76, 78], [86, 73, 79, 81], [82, 85, 87, 83], [84, 88]]
152: [[19, 75, 7], [38, 42, 5], [4, 30, 33], [3, 10, 1], [6, 2, 8], [9, 15, 14], [12, 22, 13], [28, 25, 11], [17, 18, 21], [16, 20], [31, 24, 29], [23, 63, 27], [47, 54, 26, 32, 37, 35, 51, 34, 39, 44, 36, 41, 40, 45, 43, 62, 46, 61, 48, 58, 55, 56, 50, 49, 52, 53, 59, 57, 60, 68, 65, 66, 72, 71, 64, 69, 67, 70, 77, 74, 80, 76, 78, 86, 73, 79, 81, 82, 85, 87, 83, 84, 88]]
153: [[19, 75], [7, 38], [42, 5, 4], [30, 33, 3], [10, 1, 6], [2, 8, 9], [15, 14, 12], [22, 13, 28], [25, 11, 17], [18, 21, 16], [20, 31, 24], [29, 23, 63], [27, 47, 54], [26, 32], [37, 35, 51], [34, 39, 44], [36, 41, 40], [45, 43, 62], [46, 61, 48], [58, 55, 56], [50, 49], [52, 53, 59], [57, 60, 68, 65, 66, 72, 71, 64, 69, 67, 70, 77, 74, 80, 76, 78, 86, 73, 79, 81, 82, 85, 87, 83, 84, 88]]
154: [[19, 75, 7], [38, 42, 5, 4], [30, 33, 3], [10, 1, 6], [2, 8, 9], [15, 14, 12], [22, 13, 28], [25, 11, 17], [18, 21, 16], [20, 31, 24], [29, 23, 63], [27, 47, 54], [26, 32, 37], [35, 51, 34], [39, 44, 36], [41, 40, 45], [43, 62, 46], [61, 48, 58, 55], [56, 50, 49], [52, 53, 59], [57, 60, 68], [65, 66, 72], [71, 64, 69], [67, 70, 77], [74, 80, 76], [78, 86, 73, 79], [81, 82, 85, 87], [83, 84, 88]]
155: [[19, 75, 7], [38, 42, 5], [4, 30, 33], [3, 10, 1], [6, 2, 8], [9, 15, 14], [12, 22, 13], [28, 25, 11], [17, 18, 21, 16, 20, 31, 24], [29, 23, 63, 27, 47, 54, 26, 32, 37, 35, 51, 34, 39, 44, 36, 41, 40, 45, 43, 62, 46, 61, 48, 58, 55, 56, 50, 49, 52, 53], [59, 57, 60, 68, 65, 66, 72, 71, 64, 69, 67, 70, 77, 74, 80, 76, 78, 86, 73, 79, 81, 82, 85, 87, 83, 84, 88]]
156: [[19, 75, 7], [38, 42], [5, 4], [30, 33, 3], [10, 1, 6], [2, 8, 9], [15, 14, 12], [22, 13, 28], [25, 11, 17], [18, 21, 16], [20, 31, 24], [29, 23, 63], [27, 47, 54], [26, 32, 37], [35, 51, 34], [39, 44, 36], [41, 40, 45], [43, 62, 46], [61, 48, 58], [55, 56, 50], [49, 52, 53], [59, 57, 60], [68, 65, 66], [72, 71, 64], [69, 67, 70], [77, 74, 80], [76, 78, 86, 73], [79, 81, 82, 85], [87, 83, 84, 88]]
157: [[19, 75, 7], [38, 42, 5], [4, 30, 33], [3, 10, 1], [6, 2, 8], [9, 15, 14], [12, 22, 13, 28], [25, 11, 17], [18, 21, 16], [20, 31, 24, 29], [23, 63, 27], [47, 54, 26, 32, 37, 35, 51, 34, 39, 44, 36, 41, 40, 45, 43, 62, 46, 61, 48, 58, 55, 56, 50, 49, 52, 53, 59, 57, 60, 68, 65, 66, 72, 71, 64, 69, 67, 70, 77, 74, 80, 76, 78, 86, 73, 79, 81, 82, 85, 87, 83, 84, 88]]
158: [[19, 75, 7], [38, 42, 5], [4, 30, 33], [3, 10, 1], [6, 2], [8, 9, 15], [14, 12, 22], [13, 28, 25], [11, 17], [18, 21, 16], [20, 31, 24], [29, 23, 63], [27, 47, 54], [26, 32, 37, 35], [51, 34, 39], [44, 36, 41], [40, 45, 43], [62, 46, 61, 48, 58, 55, 56, 50, 49, 52, 53, 59, 57, 60, 68, 65, 66, 72], [71, 64, 69, 67, 70, 77, 74, 80, 76, 78, 86, 73, 79, 81, 82, 85, 87, 83, 84, 88]]
159: [[19, 75, 7], [38, 42, 5], [4, 30, 33], [3, 10, 1], [6, 2, 8], [9, 15, 14], [12, 22, 13], [28, 25, 11], [17, 18], [21, 16, 20], [31, 24, 29], [23, 63, 27, 47, 54, 26, 32, 37, 35, 51, 34, 39, 44, 36, 41, 40, 45, 43, 62, 46], [61, 48, 58, 55, 56, 50, 49, 52, 53, 59, 57, 60, 68, 65, 66, 72, 71, 64, 69, 67, 70, 77, 74, 80, 76, 78, 86, 73, 79, 81, 82, 85, 87, 83, 84, 88]]
160: [[19, 75, 7], [38, 42, 5], [4, 30, 33], [3, 10, 1], [6, 2, 8], [9, 15, 14], [12, 22, 13], [28, 25, 11], [17, 18], [21, 16, 20], [31, 24, 29], [23, 63, 27], [47, 54, 26], [32, 37, 35], [51, 34, 39], [44, 36, 41], [40, 45, 43], [62, 46, 61], [48, 58, 55], [56, 50, 49, 52], [53, 59, 57], [60, 68, 65], [66, 72, 71, 64], [69, 67, 70], [77, 74, 80], [76, 78, 86], [73, 79, 81, 82, 85, 87, 83, 84, 88]]
161: [[19, 75], [7, 38, 42, 5, 4], [30, 33], [3, 10, 1, 6], [2, 8], [9, 15, 14], [12, 22], [13, 28, 25, 11, 17, 18, 21], [16, 20, 31], [24, 29, 23, 63, 27, 47, 54], [26, 32], [37, 35], [51, 34, 39], [44, 36, 41], [40, 45, 43], [62, 46, 61], [48, 58, 55], [56, 50, 49], [52, 53, 59], [57, 60], [68, 65, 66], [72, 71, 64, 69, 67, 70, 77, 74, 80, 76, 78, 86, 73, 79, 81, 82, 85, 87, 83, 84, 88]]
162: [[19, 75, 7], [38, 42, 5], [4, 30, 33], [3, 10, 1], [6, 2, 8], [9, 15, 14], [12, 22, 13], [28, 25, 11], [17, 18], [21, 16, 20], [31, 24, 29], [23, 63, 27], [47, 54, 26], [32, 37, 35], [51, 34, 39], [44, 36, 41], [40, 45, 43], [62, 46, 61], [48, 58, 55], [56, 50, 49], [52, 53, 59], [57, 60, 68], [65, 66, 72], [71, 64, 69], [67, 70, 77], [74, 80], [76, 78, 86], [73, 79, 81], [82, 85, 87], [83, 84, 88]]
163: [[19, 75, 7], [38, 42, 5], [4, 30, 33], [3, 10, 1], [6, 2, 8], [9, 15, 14], [12, 22, 13], [28, 25, 11], [17, 18], [21, 16, 20], [31, 24, 29], [23, 63, 27], [47, 54, 26], [32, 37, 35], [51, 34, 39], [44, 36, 41], [40, 45, 43], [62, 46, 61], [48, 58, 55], [56, 50, 49], [52, 53, 59], [57, 60, 68], [65, 66, 72], [71, 64], [69, 67, 70], [77, 74, 80], [76, 78, 86], [73, 79, 81], [82, 85, 87], [83, 84, 88]]
164: [[19, 75, 7], [38, 42, 5], [4, 30, 33], [3, 10, 1], [6, 2, 8], [9, 15, 14], [12, 22, 13], [28, 25, 11], [17, 18], [21, 16, 20], [31, 24, 29], [23, 63, 27], [47, 54, 26], [32, 37, 35], [51, 34, 39], [44, 36, 41], [40, 45, 43], [62, 46, 61], [48, 58, 55], [56, 50, 49], [52, 53, 59], [57, 60, 68], [65, 66, 72], [71, 64, 69], [67, 70, 77, 74], [80, 76, 78], [86, 73, 79, 81], [82, 85, 87], [83, 84, 88]]
165: [[19, 75], [7, 38, 42, 5, 4], [30, 33], [3, 10, 1, 6, 2, 8], [9, 15], [14, 12, 22], [13, 28], [25, 11, 17, 18, 21, 16, 20], [31, 24, 29], [23, 63, 27, 47, 54, 26, 32], [37, 35], [51, 34, 39], [44, 36, 41], [40, 45, 43], [62, 46, 61], [48, 58, 55], [56, 50, 49], [52, 53, 59], [57, 60], [68, 65, 66], [72, 71, 64], [69, 67, 70], [77, 74], [80, 76, 78], [86, 73, 79, 81, 82], [85, 87, 83, 84, 88]]
166: [[19, 75, 7], [38, 42, 5], [4, 30, 33], [3, 10, 1], [6, 2, 8], [9, 15, 14], [12, 22], [13, 28, 25, 11, 17, 18, 21, 16, 20, 31, 24, 29, 23, 63, 27, 47, 54, 26, 32, 37, 35, 51, 34, 39, 44, 36, 41, 40, 45, 43, 62, 46, 61, 48, 58, 55, 56, 50, 49, 52, 53, 59, 57, 60, 68, 65, 66, 72, 71, 64, 69, 67, 70, 77, 74, 80, 76, 78, 86, 73, 79, 81, 82, 85, 87, 83, 84, 88]]
167: [[19, 75, 7], [38, 42], [5, 4, 30], [33, 3, 10], [1, 6], [2, 8, 9], [15, 14], [12, 22, 13], [28, 25], [11, 17, 18], [21, 16, 20], [31, 24, 29], [23, 63, 27], [47, 54, 26], [32, 37, 35], [51, 34, 39], [44, 36, 41], [40, 45, 43], [62, 46, 61], [48, 58, 55], [56, 50, 49], [52, 53, 59], [57, 60, 68], [65, 66, 72], [71, 64, 69], [67, 70, 77], [74, 80, 76], [78, 86, 73], [79, 81], [82, 85, 87], [83, 84, 88]]
168: [[19, 75, 7], [38, 42, 5], [4, 30, 33], [3, 10, 1], [6, 2, 8], [9, 15], [14, 12, 22], [13, 28, 25], [11, 17, 18], [21, 16, 20], [31, 24, 29], [23, 63], [27, 47, 54, 26, 32, 37, 35, 51, 34, 39, 44, 36, 41, 40, 45, 43, 62, 46, 61, 48, 58, 55, 56, 50, 49, 52, 53, 59, 57, 60, 68, 65, 66, 72, 71, 64, 69, 67, 70, 77, 74, 80, 76, 78, 86, 73, 79, 81, 82, 85, 87, 83, 84, 88]]
169: [[19, 75], [7, 38, 42, 5, 4], [30, 33, 3], [10, 1, 6], [2, 8], [9, 15, 14], [12, 22, 13], [28, 25, 11, 17, 18, 21, 16, 20, 31, 24, 29, 23, 63, 27, 47, 54, 26, 32, 37, 35, 51, 34, 39, 44, 36, 41, 40, 45, 43, 62, 46, 61, 48, 58, 55, 56, 50, 49, 52, 53, 59, 57, 60, 68, 65, 66, 72, 71, 64, 69], [67, 70, 77, 74, 80, 76, 78, 86, 73, 79, 81, 82, 85, 87, 83, 84, 88]]
170: [[19, 75, 7], [38, 42, 5], [4, 30, 33], [3, 10, 1, 6, 2, 8, 9, 15, 14, 12, 22], [13, 28, 25, 11, 17, 18, 21, 16, 20, 31, 24, 29], [23, 63, 27, 47, 54, 26, 32, 37, 35, 51, 34, 39, 44, 36, 41, 40, 45, 43, 62, 46, 61, 48, 58, 55, 56, 50, 49, 52, 53, 59, 57, 60, 68, 65, 66, 72, 71, 64, 69, 67, 70, 77, 74, 80, 76, 78, 86, 73, 79, 81, 82, 85, 87, 83, 84, 88]]
171: [[19, 75, 7], [38, 42, 5], [4, 30, 33], [3, 10, 1], [6, 2, 8], [9, 15], [14, 12, 22], [13, 28, 25], [11, 17, 18], [21, 16, 20], [31, 24, 29], [23, 63, 27], [47, 54, 26], [32, 37, 35], [51, 34, 39], [44, 36, 41], [40, 45, 43], [62, 46, 61], [48, 58, 55], [56, 50, 49], [52, 53, 59], [57, 60, 68, 65], [66, 72, 71], [64, 69, 67], [70, 77, 74], [80, 76, 78], [86, 73, 79], [81, 82], [85, 87], [83, 84, 88]]
172: [[19, 75, 7], [38, 42, 5], [4, 30, 33], [3, 10, 1, 6, 2, 8, 9, 15, 14, 12, 22], [13, 28, 25, 11, 17, 18, 21, 16, 20, 31, 24, 29, 23, 63, 27, 47, 54, 26, 32, 37, 35, 51, 34, 39, 44, 36, 41, 40, 45, 43, 62, 46, 61, 48, 58, 55, 56, 50, 49, 52, 53, 59, 57, 60, 68, 65, 66, 72, 71, 64, 69, 67, 70, 77, 74, 80, 76, 78, 86, 73, 79, 81, 82, 85, 87, 83, 84, 88]]
173: [[19, 75, 7], [38, 42, 5], [4, 30, 33], [3, 10, 1], [6, 2, 8], [9, 15], [14, 12, 22], [13, 28, 25, 11, 17, 18, 21, 16, 20, 31, 24, 29, 23, 63, 27, 47, 54, 26, 32, 37, 35, 51, 34, 39, 44, 36, 41, 40, 45, 43, 62, 46, 61, 48, 58, 55, 56, 50, 49, 52, 53, 59, 57, 60, 68, 65, 66, 72, 71, 64, 69, 67, 70, 77, 74, 80, 76, 78, 86, 73, 79, 81, 82, 85, 87, 83, 84, 88]]
174: [[19, 75, 7], [38, 42, 5], [4, 30, 33], [3, 10, 1], [6, 2], [8, 9, 15, 14, 12, 22, 13, 28, 25, 11, 17, 18, 21, 16, 20, 31, 24, 29, 23, 63, 27, 47, 54, 26, 32, 37, 35, 51, 34, 39, 44, 36, 41, 40, 45, 43, 62, 46, 61, 48, 58, 55, 56, 50, 49, 52, 53, 59, 57, 60, 68, 65, 66, 72, 71, 64, 69, 67, 70, 77, 74, 80, 76, 78, 86, 73, 79, 81, 82, 85, 87, 83, 84, 88]]
175: [[19, 75, 7], [38, 42, 5], [4, 30], [33, 3, 10, 1, 6, 2, 8, 9, 15, 14, 12, 22, 13, 28, 25, 11, 17, 18, 21, 16, 20, 31, 24, 29, 23, 63, 27, 47, 54, 26, 32, 37, 35, 51, 34, 39, 44, 36, 41, 40, 45, 43, 62, 46, 61, 48, 58, 55, 56, 50, 49, 52, 53, 59, 57, 60, 68, 65, 66, 72, 71, 64, 69, 67, 70, 77, 74, 80, 76, 78, 86, 73, 79, 81, 82, 85, 87, 83, 84, 88]]
