0: [[9, 50, 80, 19, 45, 37, 77], [85, 54, 26, 64, 62, 73, 7], [65, 40, 6, 78, 59, 57, 53], [43, 41, 25, 18, 67, 60, 36], [39, 10, 11, 56, 72, 3, 4, 74], [14, 71, 5, 15, 24, 8, 1, 44], [12, 13, 22, 2, 31, 23, 34, 16], [47, 17, 76, 21, 27, 55, 20, 70], [28, 29, 51, 30, 33, 35, 32], [46, 49, 38, 63, 81, 42, 88], [79, 52, 61, 48, 66, 86, 68], [58, 75, 87, 83, 69, 82, 84]]
1: [[9, 50, 80, 19, 45, 37, 77], [85, 54, 26, 64, 62, 73, 7], [65, 40, 6, 78, 59, 57, 53], [43, 41, 25, 18, 67, 60, 36], [39, 10, 11, 56, 72, 3, 4, 74], [14, 71, 5, 15, 24, 8, 1, 44], [12, 13, 22, 2, 31, 23, 34, 16], [47, 17, 76, 21, 27, 55, 20, 70], [28, 29, 51, 30, 33, 35, 32], [46, 49, 38, 63, 81, 42, 88], [79, 52, 61, 48, 66, 86, 68], [58, 75, 87, 83, 69, 82, 84]]
2: [[9, 50, 80, 19, 45, 37, 77], [85, 54, 26, 64, 62, 73, 7], [65, 40, 6, 78, 59, 57, 53], [43, 41, 25, 18, 67, 60, 36], [39, 10, 11, 56, 72, 3, 4, 74], [14, 71, 5, 15, 24, 8, 1, 44], [12, 13, 22, 2, 31, 23, 34, 16], [47, 17, 76, 21, 27, 55, 20, 70], [28, 29, 51, 30, 33, 35, 32], [46, 49, 38, 63, 81, 42, 88], [79, 52, 61, 48, 66, 86, 68], [58, 75, 87, 83, 69, 82, 84]]
3: [[9, 50, 80, 19, 45, 37, 77], [85, 54, 26, 64, 62, 73, 7], [65, 40, 6, 78, 59, 57, 53], [43, 41, 25, 18, 67, 60, 36], [39, 10, 11, 56, 72, 3, 4, 74], [14, 71, 5, 15, 24, 8, 1, 44], [12, 13, 22, 2, 31, 23, 34, 16], [47, 17, 76, 21, 27, 55, 20, 70], [28, 29, 51, 30, 33, 35, 32], [46, 49, 38, 63, 81, 42, 88], [79, 52, 61, 48, 66, 86, 68], [58, 75, 87, 83, 69, 82, 84]]
4: [[9, 50, 80, 19, 45, 37, 77], [85, 54, 26, 64, 62, 73, 7], [65, 40, 6, 78, 59, 57, 53], [43, 41, 25, 18, 67, 60, 36], [39, 10, 11, 56, 72, 3, 4, 74], [14, 71, 5, 15, 24, 8, 1, 44], [12, 13, 22, 2, 31, 23, 34, 16], [47, 17, 76, 21, 27, 55, 20, 70], [28, 29, 51, 30, 33, 35, 32], [46, 49, 38, 63, 81, 42, 88], [79, 52, 61, 48, 66, 86, 68], [58, 75, 87, 83, 69, 82, 84]]
5: [[9, 50, 80, 19, 45, 37, 77], [85, 54, 26, 64, 62, 73, 7], [65, 40, 6, 78, 59, 57, 53], [43, 41, 25, 18, 67, 60, 36], [39, 10, 11, 56, 72, 3, 4, 74], [14, 71, 5, 15, 24, 8, 1, 44], [12, 13, 22, 2, 31, 23, 34, 16], [47, 17, 76, 21, 27, 55, 20, 70], [28, 29, 51, 30, 33, 35, 32], [46, 49, 38, 63, 81, 42, 88], [79, 52, 61, 48, 66, 86, 68], [58, 75, 87, 83, 69, 82, 84]]
6: [[9, 50, 80, 19, 45, 37, 77], [85, 54, 26, 64, 62, 73, 7], [65, 40, 6, 78, 59, 57, 53], [43, 41, 25, 18, 67, 60, 36], [39, 10, 11, 56, 72, 3, 4, 74], [14, 71, 5, 15, 24, 8, 1, 44], [12, 13, 22, 2, 31, 23, 34, 16], [47, 17, 76, 21, 27, 55, 20, 70], [28, 29, 51, 30, 33, 35, 32], [46, 49, 38, 63, 81, 42, 88], [79, 52, 61, 48, 66, 86, 68], [58, 75, 87, 83, 69, 82, 84]]
7: [[9, 50, 80, 19, 45, 37, 77], [85, 54, 26, 64, 62, 73, 7], [65, 40, 6, 78, 59, 57, 53], [43, 41, 25, 18, 67, 60, 36], [39, 10, 11, 56, 72, 3, 4, 74], [14, 71, 5, 15, 24, 8, 1, 44], [12, 13, 22, 2, 31, 23, 34, 16], [47, 17, 76, 21, 27, 55, 20, 70], [28, 29, 51, 30, 33, 35, 32], [46, 49, 38, 63, 81, 42, 88], [79, 52, 61, 48, 66, 86, 68], [58, 75, 87, 83, 69, 82, 84]]
8: [[9, 50, 80, 19, 45, 37, 77], [85, 54, 26, 64, 62, 73, 7], [65, 40, 6, 78, 59, 57, 53], [43, 41, 25, 18, 67, 60, 36], [39, 10, 11, 56, 72, 3, 4, 74], [14, 71, 5, 15, 24, 8, 1, 44], [12, 13, 22, 2, 31, 23, 34, 16], [47, 17, 76, 21, 27, 55, 20, 70], [28, 29, 51, 30, 33, 35, 32], [46, 49, 38, 63, 81, 42, 88], [79, 52, 61, 48, 66, 86, 68], [58, 75, 87, 83, 69, 82, 84]]
9: [[9, 50, 80, 19, 45, 37, 77], [85, 54, 26, 64, 62, 73, 7], [65, 40, 6, 78, 59, 57, 53], [43, 41, 25, 18, 67, 60, 36], [39, 10, 11, 56, 72, 3, 4, 74], [14, 71, 5, 15, 24, 8, 1, 44], [12, 13, 22, 2, 31, 23, 34, 16], [47, 17, 76, 21, 27, 55, 20, 70], [28, 29, 51, 30, 33, 35, 32], [46, 49, 38, 63, 81, 42, 88], [79, 52, 61, 48, 66, 86, 68], [58, 75, 87, 83, 69, 82, 84]]
10: [[9, 50, 80, 19, 45, 37, 77], [85, 54, 26, 64, 62, 73, 7], [65, 40, 6, 78, 59, 57, 53], [43, 41, 25, 18, 67, 60, 36], [39, 10, 11, 56, 72, 3, 4, 74], [14, 71, 5, 15, 24, 8, 1, 44], [12, 13, 22, 2, 31, 23, 34, 16], [47, 17, 76, 21, 27, 55, 20, 70], [28, 29, 51, 30, 33, 35, 32], [46, 49, 38, 63, 81, 42, 88], [79, 52, 61, 48, 66, 86, 68], [58, 75, 87, 83, 69, 82, 84]]
11: [[9, 50, 80, 19, 45, 37, 77], [85, 54, 26, 64, 62, 73, 7], [65, 40, 6, 78, 59, 57, 53], [43, 41, 25, 18, 67, 60, 36], [39, 10, 11, 56, 72, 3, 4, 74], [14, 71, 5, 15, 24, 8, 1, 44], [12, 13, 22, 2, 31, 23, 34, 16], [47, 17, 76, 21, 27, 55, 20, 70], [28, 29, 51, 30, 33, 35, 32], [46, 49, 38, 63, 81, 42, 88], [79, 52, 61, 48, 66, 86, 68], [58, 75, 87, 83, 69, 82, 84]]
12: [[9, 50, 80, 19, 45, 37, 77], [85, 54, 26, 64, 62, 73, 7], [65, 40, 6, 78, 59, 57, 53], [43, 41, 25, 18, 67, 60, 36], [39, 10, 11, 56, 72, 3, 4, 74], [14, 71, 5, 15, 24, 8, 1, 44], [12, 13, 22, 2, 31, 23, 34, 16], [47, 17, 76, 21, 27, 55, 20, 70], [28, 29, 51, 30, 33, 35, 32], [46, 49, 38, 63, 81, 42, 88], [79, 52, 61, 48, 66, 86, 68], [58, 75, 87, 83, 69, 82, 84]]
13: [[9, 50, 80, 19, 45, 37, 77], [85, 54, 26, 64, 62, 73, 7], [65, 40, 6, 78, 59, 57, 53], [43, 41, 25, 18, 67, 60, 36], [39, 10, 11, 56, 72, 3, 4, 74], [14, 71, 5, 15, 24, 8, 1, 44], [12, 13, 22, 2, 31, 23, 34, 16], [47, 17, 76, 21, 27, 55, 20, 70], [28, 29, 51, 30, 33, 35, 32], [46, 49, 38, 63, 81, 42, 88], [79, 52, 61, 48, 66, 86, 68], [58, 75, 87, 83, 69, 82, 84]]
14: [[9, 50, 80, 19, 45, 37, 77], [85, 54, 26, 64, 62, 73, 7], [65, 40, 6, 78, 59, 57, 53], [43, 41, 25, 18, 67, 60, 36], [39, 10, 11, 56, 72, 3, 4, 74], [14, 71, 5, 15, 24, 8, 1, 44], [12, 13, 22, 2, 31, 23, 34, 16], [47, 17, 76, 21, 27, 55, 20, 70], [28, 29, 51, 30, 33, 35, 32], [46, 49, 38, 63, 81, 42, 88], [79, 52, 61, 48, 66, 86, 68], [58, 75, 87, 83, 69, 82, 84]]
15: [[9, 50, 80, 19, 45, 37, 77], [85, 54, 26, 64, 62, 73, 7], [65, 40, 6, 78, 59, 57, 53], [43, 41, 25, 18, 67, 60, 36], [39, 10, 11, 56, 72, 3, 4, 74], [14, 71, 5, 15, 24, 8, 1, 44], [12, 13, 22, 2, 31, 23, 34, 16], [47, 17, 76, 21, 27, 55, 20, 70], [28, 29, 51, 30, 33, 35, 32], [46, 49, 38, 63, 81, 42, 88], [79, 52, 61, 48, 66, 86, 68], [58, 75, 87, 83, 69, 82, 84]]
16: [[9, 50, 80, 19, 45, 37, 77], [85, 54, 26, 64, 62, 73, 7], [65, 40, 6, 78, 59, 57, 53], [43, 41, 25, 18, 67, 60, 36], [39, 10, 11, 56, 72, 3, 4, 74], [14, 71, 5, 15, 24, 8, 1, 44], [12, 13, 22, 2, 31, 23, 34, 16], [47, 17, 76, 21, 27, 55, 20, 70], [28, 29, 51, 30, 33, 35, 32], [46, 49, 38, 63, 81, 42, 88], [79, 52, 61, 48, 66, 86, 68], [58, 75, 87, 83, 69, 82, 84]]
17: [[9, 50, 80, 19, 45, 37, 77], [85, 54, 26, 64, 62, 73, 7], [65, 40, 6, 78, 59, 57, 53], [43, 41, 25, 18, 67, 60, 36], [39, 10, 11, 56, 72, 3, 4, 74], [14, 71, 5, 15, 24, 8, 1, 44], [12, 13, 22, 2, 31, 23, 34, 16], [47, 17, 76, 21, 27, 55, 20, 70], [28, 29, 51, 30, 33, 35, 32], [46, 49, 38, 63, 81, 42, 88], [79, 52, 61, 48, 66, 86, 68], [58, 75, 87, 83, 69, 82, 84]]
18: [[9, 50, 80, 19, 45, 37, 77], [85, 54, 26, 64, 62, 73, 7], [65, 40, 6, 78, 59, 57, 53], [43, 41, 25, 18, 67, 60, 36], [39, 10, 11, 56, 72, 3, 4, 74], [14, 71, 5, 15, 24, 8, 1, 44], [12, 13, 22, 2, 31, 23, 34, 16], [47, 17, 76, 21, 27, 55, 20, 70], [28, 29, 51, 30, 33, 35, 32], [46, 49, 38, 63, 81, 42, 88], [79, 52, 61, 48, 66, 86, 68], [58, 75, 87, 83, 69, 82, 84]]
19: [[9, 50, 80, 19, 45, 37, 77], [85, 54, 26, 64, 62, 73, 7], [65, 40, 6, 78, 59, 57, 53], [43, 41, 25, 18, 67, 60, 36], [39, 10, 11, 56, 72, 3, 4, 74], [14, 71, 5, 15, 24, 8, 1, 44], [12, 13, 22, 2, 31, 23, 34, 16], [47, 17, 76, 21, 27, 55, 20, 70], [28, 29, 51, 30, 33, 35, 32], [46, 49, 38, 63, 81, 42, 88], [79, 52, 61, 48, 66, 86, 68], [58, 75, 87, 83, 69, 82, 84]]
20: [[9, 50, 80, 19, 45, 37, 77], [85, 54, 26, 64, 62, 73, 7], [65, 40, 6, 78, 59, 57, 53], [43, 41, 25, 18, 67, 60, 36], [39, 10, 11, 56, 72, 3, 4, 74], [14, 71, 5, 15, 24, 8, 1, 44], [12, 13, 22, 2, 31, 23, 34, 16], [47, 17, 76, 21, 27, 55, 20, 70], [28, 29, 51, 30, 33, 35, 32], [46, 49, 38, 63, 81, 42, 88], [79, 52, 61, 48, 66, 86, 68], [58, 75, 87, 83, 69, 82, 84]]
21: [[9, 50, 80, 19, 45, 37, 77], [85, 54, 26, 64, 62, 73, 7], [65, 40, 6, 78, 59, 57, 53], [43, 41, 25, 18, 67, 60, 36], [39, 10, 11, 56, 72, 3, 4, 74], [14, 71, 5, 15, 24, 8, 1, 44], [12, 13, 22, 2, 31, 23, 34, 16], [47, 17, 76, 21, 27, 55, 20, 70], [28, 29, 51, 30, 33, 35, 32], [46, 49, 38, 63, 81, 42, 88], [79, 52, 61, 48, 66, 86, 68], [58, 75, 87, 83, 69, 82, 84]]
22: [[9, 50, 80, 19, 45, 37, 77], [85, 54, 26, 64, 62, 73, 7], [65, 40, 6, 78, 59, 57, 53], [43, 41, 25, 18, 67, 60, 36], [39, 10, 11, 56, 72, 3, 4, 74], [14, 71, 5, 15, 24, 8, 1, 44], [12, 13, 22, 2, 31, 23, 34, 16], [47, 17, 76, 21, 27, 55, 20, 70], [28, 29, 51, 30, 33, 35, 32], [46, 49, 38, 63, 81, 42, 88], [79, 52, 61, 48, 66, 86, 68], [58, 75, 87, 83, 69, 82, 84]]
23: [[9, 50, 80, 19, 45, 37, 77], [85, 54, 26, 64, 62, 73, 7], [65, 40, 6, 78, 59, 57, 53], [43, 41, 25, 18, 67, 60, 36], [39, 10, 11, 56, 72, 3, 4, 74], [14, 71, 5, 15, 24, 8, 1, 44], [12, 13, 22, 2, 31, 23, 34, 16], [47, 17, 76, 21, 27, 55, 20, 70], [28, 29, 51, 30, 33, 35, 32], [46, 49, 38, 63, 81, 42, 88], [79, 52, 61, 48, 66, 86, 68], [58, 75, 87, 83, 69, 82, 84]]
24: [[9, 50, 80, 19, 45, 37, 77], [85, 54, 26, 64, 62, 73, 7], [65, 40, 6, 78, 59, 57, 53], [43, 41, 25, 18, 67, 60, 36], [39, 10, 11, 56, 72, 3, 4, 74], [14, 71, 5, 15, 24, 8, 1, 44], [12, 13, 22, 2, 31, 23, 34, 16], [47, 17, 76, 21, 27, 55, 20, 70], [28, 29, 51, 30, 33, 35, 32], [46, 49, 38, 63, 81, 42, 88], [79, 52, 61, 48, 66, 86, 68], [58, 75, 87, 83, 69, 82, 84]]
25: [[9, 50, 80, 19, 45, 37, 77], [85, 54, 26, 64, 62, 73, 7], [65, 40, 6, 78, 59, 57, 53], [43, 41, 25, 18, 67, 60, 36], [39, 10, 11, 56, 72, 3, 4, 74], [14, 71, 5, 15, 24, 8, 1, 44], [12, 13, 22, 2, 31, 23, 34, 16], [47, 17, 76, 21, 27, 55, 20, 70], [28, 29, 51, 30, 33, 35, 32], [46, 49, 38, 63, 81, 42, 88], [79, 52, 61, 48, 66, 86, 68], [58, 75, 87, 83, 69, 82, 84]]
26: [[9, 50, 80, 19, 45, 37, 77], [85, 54, 26, 64, 62, 73, 7], [65, 40, 6, 78, 59, 57, 53], [43, 41, 25, 18, 67, 60, 36], [39, 10, 11, 56, 72, 3, 4, 74], [14, 71, 5, 15, 24, 8, 1, 44], [12, 13, 22, 2, 31, 23, 34, 16], [47, 17, 76, 21, 27, 55, 20, 70], [28, 29, 51, 30, 33, 35, 32], [46, 49, 38, 63, 81, 42, 88], [79, 52, 61, 48, 66, 86, 68], [58, 75, 87, 83, 69, 82, 84]]
27: [[9, 50, 80, 19, 45, 37, 77], [85, 54, 26, 64, 62, 73, 7], [65, 40, 6, 78, 59, 57, 53], [43, 41, 25, 18, 67, 60, 36], [39, 10, 11, 56, 72, 3, 4, 74], [14, 71, 5, 15, 24, 8, 1, 44], [12, 13, 22, 2, 31, 23, 34, 16], [47, 17, 76, 21, 27, 55, 20, 70], [28, 29, 51, 30, 33, 35, 32], [46, 49, 38, 63, 81, 42, 88], [79, 52, 61, 48, 66, 86, 68], [58, 75, 87, 83, 69, 82, 84]]
28: [[9, 50, 80, 19, 45, 37, 77], [85, 54, 26, 64, 62, 73, 7], [65, 40, 6, 78, 59, 57, 53], [43, 41, 25, 18, 67, 60, 36], [39, 10, 11, 56, 72, 3, 4, 74], [14, 71, 5, 15, 24, 8, 1, 44], [12, 13, 22, 2, 31, 23, 34, 16], [47, 17, 76, 21, 27, 55, 20, 70], [28, 29, 51, 30, 33, 35, 32], [46, 49, 38, 63, 81, 42, 88], [79, 52, 61, 48, 66, 86, 68], [58, 75, 87, 83, 69, 82, 84]]
29: [[9, 50, 80, 19, 45, 37, 77], [85, 54, 26, 64, 62, 73, 7], [65, 40, 6, 78, 59, 57, 53], [43, 41, 25, 18, 67, 60, 36], [39, 10, 11, 56, 72, 3, 4, 74], [14, 71, 5, 15, 24, 8, 1, 44], [12, 13, 22, 2, 31, 23, 34, 16], [47, 17, 76, 21, 27, 55, 20, 70], [28, 29, 51, 30, 33, 35, 32], [46, 49, 38, 63, 81, 42, 88], [79, 52, 61, 48, 66, 86, 68], [58, 75, 87, 83, 69, 82, 84]]
30: [[9, 50, 80, 19, 45, 37, 77], [85, 54, 26, 64, 62, 73, 7], [65, 40, 6, 78, 59, 57, 53], [43, 41, 25, 18, 67, 60, 36], [39, 10, 11, 56, 72, 3, 4, 74], [14, 71, 5, 15, 24, 8, 1, 44], [12, 13, 22, 2, 31, 23, 34, 16], [47, 17, 76, 21, 27, 55, 20, 70], [28, 29, 51, 30, 33, 35, 32], [46, 49, 38, 63, 81, 42, 88], [79, 52, 61, 48, 66, 86, 68], [58, 75, 87, 83, 69, 82, 84]]
31: [[9, 50, 80, 19, 45, 37, 77], [85, 54, 26, 64, 62, 73, 7], [65, 40, 6, 78, 59, 57, 53], [43, 41, 25, 18, 67, 60, 36], [39, 10, 11, 56, 72, 3, 4, 74], [14, 71, 5, 15, 24, 8, 1, 44], [12, 13, 22, 2, 31, 23, 34, 16], [47, 17, 76, 21, 27, 55, 20, 70], [28, 29, 51, 30, 33, 35, 32], [46, 49, 38, 63, 81, 42, 88], [79, 52, 61, 48, 66, 86, 68], [58, 75, 87, 83, 69, 82, 84]]
32: [[9, 50, 80, 19, 45, 37, 77], [85, 54, 26, 64, 62, 73, 7], [65, 40, 6, 78, 59, 57, 53], [43, 41, 25, 18, 67, 60, 36], [39, 10, 11, 56, 72, 3, 4, 74], [14, 71, 5, 15, 24, 8, 1, 44], [12, 13, 22, 2, 31, 23, 34, 16], [47, 17, 76, 21, 27, 55, 20, 70], [28, 29, 51, 30, 33, 35, 32], [46, 49, 38, 63, 81, 42, 88], [79, 52, 61, 48, 66, 86, 68], [58, 75, 87, 83, 69, 82, 84]]
33: [[9, 50, 80, 19, 45, 37, 77], [85, 54, 26, 64, 62, 73, 7], [65, 40, 6, 78, 59, 57, 53], [43, 41, 25, 18, 67, 60, 36], [39, 10, 11, 56, 72, 3, 4, 74], [14, 71, 5, 15, 24, 8, 1, 44], [12, 13, 22, 2, 31, 23, 34, 16], [47, 17, 76, 21, 27, 55, 20, 70], [28, 29, 51, 30, 33, 35, 32], [46, 49, 38, 63, 81, 42, 88], [79, 52, 61, 48, 66, 86, 68], [58, 75, 87, 83, 69, 82, 84]]
34: [[9, 50, 80, 19, 45, 37, 77], [85, 54, 26, 64, 62, 73, 7], [65, 40, 6, 78, 59, 57, 53], [43, 41, 25, 18, 67, 60, 36], [39, 10, 11, 56, 72, 3, 4, 74], [14, 71, 5, 15, 24, 8, 1, 44], [12, 13, 22, 2, 31, 23, 34, 16], [47, 17, 76, 21, 27, 55, 20, 70], [28, 29, 51, 30, 33, 35, 32], [46, 49, 38, 63, 81, 42, 88], [79, 52, 61, 48, 66, 86, 68], [58, 75, 87, 83, 69, 82, 84]]
35: [[9, 50, 80, 19, 45, 37, 77], [85, 54, 26, 64, 62, 73, 7], [65, 40, 6, 78, 59, 57, 53], [43, 41, 25, 18, 67, 60, 36], [39, 10, 11, 56, 72, 3, 4, 74], [14, 71, 5, 15, 24, 8, 1, 44], [12, 13, 22, 2, 31, 23, 34, 16], [47, 17, 76, 21, 27, 55, 20, 70], [28, 29, 51, 30, 33, 35, 32], [46, 49, 38, 63, 81, 42, 88], [79, 52, 61, 48, 66, 86, 68], [58, 75, 87, 83, 69, 82, 84]]
36: [[9, 50, 80, 19, 45, 37, 77], [85, 54, 26, 64, 62, 73, 7], [65, 40, 6, 78, 59, 57, 53], [43, 41, 25, 18, 67, 60, 36], [39, 10, 11, 56, 72, 3, 4, 74], [14, 71, 5, 15, 24, 8, 1, 44], [12, 13, 22, 2, 31, 23, 34, 16], [47, 17, 76, 21, 27, 55, 20, 70], [28, 29, 51, 30, 33, 35, 32], [46, 49, 38, 63, 81, 42, 88], [79, 52, 61, 48, 66, 86, 68], [58, 75, 87, 83, 69, 82, 84]]
37: [[9, 50, 80, 19, 45, 37, 77], [85, 54, 26, 64, 62, 73, 7], [65, 40, 6, 78, 59, 57, 53], [43, 41, 25, 18, 67, 60, 36], [39, 10, 11, 56, 72, 3, 4, 74], [14, 71, 5, 15, 24, 8, 1, 44], [12, 13, 22, 2, 31, 23, 34, 16], [47, 17, 76, 21, 27, 55, 20, 70], [28, 29, 51, 30, 33, 35, 32], [46, 49, 38, 63, 81, 42, 88], [79, 52, 61, 48, 66, 86, 68], [58, 75, 87, 83, 69, 82, 84]]
38: [[9, 50, 80, 19, 45, 37, 77], [85, 54, 26, 64, 62, 73, 7], [65, 40, 6, 78, 59, 57, 53], [43, 41, 25, 18, 67, 60, 36], [39, 10, 11, 56, 72, 3, 4, 74], [14, 71, 5, 15, 24, 8, 1, 44], [12, 13, 22, 2, 31, 23, 34, 16], [47, 17, 76, 21, 27, 55, 20, 70], [28, 29, 51, 30, 33, 35, 32], [46, 49, 38, 63, 81, 42, 88], [79, 52, 61, 48, 66, 86, 68], [58, 75, 87, 83, 69, 82, 84]]
39: [[9, 50, 80, 19, 45, 37, 77], [85, 54, 26, 64, 62, 73, 7], [65, 40, 6, 78, 59, 57, 53], [43, 41, 25, 18, 67, 60, 36], [39, 10, 11, 56, 72, 3, 4, 74], [14, 71, 5, 15, 24, 8, 1, 44], [12, 13, 22, 2, 31, 23, 34, 16], [47, 17, 76, 21, 27, 55, 20, 70], [28, 29, 51, 30, 33, 35, 32], [46, 49, 38, 63, 81, 42, 88], [79, 52, 61, 48, 66, 86, 68], [58, 75, 87, 83, 69, 82, 84]]
40: [[9, 50, 80, 19, 45, 37, 77], [85, 54, 26, 64, 62, 73, 7], [65, 40, 6, 78, 59, 57, 53], [43, 41, 25, 18, 67, 60, 36], [39, 10, 11, 56, 72, 3, 4, 74], [14, 71, 5, 15, 24, 8, 1, 44], [12, 13, 22, 2, 31, 23, 34, 16], [47, 17, 76, 21, 27, 55, 20, 70], [28, 29, 51, 30, 33, 35, 32], [46, 49, 38, 63, 81, 42, 88], [79, 52, 61, 48, 66, 86, 68], [58, 75, 87, 83, 69, 82, 84]]
41: [[9, 50, 80, 19, 45, 37, 77], [85, 54, 26, 64, 62, 73, 7], [65, 40, 6, 78, 59, 57, 53], [43, 41, 25, 18, 67, 60, 36], [39, 10, 11, 56, 72, 3, 4, 74], [14, 71, 5, 15, 24, 8, 1, 44], [12, 13, 22, 2, 31, 23, 34, 16], [47, 17, 76, 21, 27, 55, 20, 70], [28, 29, 51, 30, 33, 35, 32], [46, 49, 38, 63, 81, 42, 88], [79, 52, 61, 48, 66, 86, 68], [58, 75, 87, 83, 69, 82, 84]]
42: [[9, 50, 80, 19, 45, 37, 77], [85, 54, 26, 64, 62, 73, 7], [65, 40, 6, 78, 59, 57, 53], [43, 41, 25, 18, 67, 60, 36], [39, 10, 11, 56, 72, 3, 4, 74], [14, 71, 5, 15, 24, 8, 1, 44], [12, 13, 22, 2, 31, 23, 34, 16], [47, 17, 76, 21, 27, 55, 20, 70], [28, 29, 51, 30, 33, 35, 32], [46, 49, 38, 63, 81, 42, 88], [79, 52, 61, 48, 66, 86, 68], [58, 75, 87, 83, 69, 82, 84]]
43: [[9, 50, 80, 19, 45, 37, 77], [85, 54, 26, 64, 62, 73, 7], [65, 40, 6, 78, 59, 57, 53], [43, 41, 25, 18, 67, 60, 36], [39, 10, 11, 56, 72, 3, 4, 74], [14, 71, 5, 15, 24, 8, 1, 44], [12, 13, 22, 2, 31, 23, 34, 16], [47, 17, 76, 21, 27, 55, 20, 70], [28, 29, 51, 30, 33, 35, 32], [46, 49, 38, 63, 81, 42, 88], [79, 52, 61, 48, 66, 86, 68], [58, 75, 87, 83, 69, 82, 84]]
44: [[9, 50, 80, 19, 45, 37, 77], [85, 54, 26, 64, 62, 73, 7], [65, 40, 6, 78, 59, 57, 53], [43, 41, 25, 18, 67, 60, 36], [39, 10, 11, 56, 72, 3, 4, 74], [14, 71, 5, 15, 24, 8, 1, 44], [12, 13, 22, 2, 31, 23, 34, 16], [47, 17, 76, 21, 27, 55, 20, 70], [28, 29, 51, 30, 33, 35, 32], [46, 49, 38, 63, 81, 42, 88], [79, 52, 61, 48, 66, 86, 68], [58, 75, 87, 83, 69, 82, 84]]
45: [[9, 50, 80, 19, 45, 37, 77], [85, 54, 26, 64, 62, 73, 7], [65, 40, 6, 78, 59, 57, 53], [43, 41, 25, 18, 67, 60, 36], [39, 10, 11, 56, 72, 3, 4, 74], [14, 71, 5, 15, 24, 8, 1, 44], [12, 13, 22, 2, 31, 23, 34, 16], [47, 17, 76, 21, 27, 55, 20, 70], [28, 29, 51, 30, 33, 35, 32], [46, 49, 38, 63, 81, 42, 88], [79, 52, 61, 48, 66, 86, 68], [58, 75, 87, 83, 69, 82, 84]]
46: [[9, 50, 80, 19, 45, 37, 77], [85, 54, 26, 64, 62, 73, 7], [65, 40, 6, 78, 59, 57, 53], [43, 41, 25, 18, 67, 60, 36], [39, 10, 11, 56, 72, 3, 4, 74], [14, 71, 5, 15, 24, 8, 1, 44], [12, 13, 22, 2, 31, 23, 34, 16], [47, 17, 76, 21, 27, 55, 20, 70], [28, 29, 51, 30, 33, 35, 32], [46, 49, 38, 63, 81, 42, 88], [79, 52, 61, 48, 66, 86, 68], [58, 75, 87, 83, 69, 82, 84]]
47: [[9, 50, 80, 19, 45, 37, 77], [85, 54, 26, 64, 62, 73, 7], [65, 40, 6, 78, 59, 57, 53], [43, 41, 25, 18, 67, 60, 36], [39, 10, 11, 56, 72, 3, 4, 74], [14, 71, 5, 15, 24, 8, 1, 44], [12, 13, 22, 2, 31, 23, 34, 16], [47, 17, 76, 21, 27, 55, 20, 70], [28, 29, 51, 30, 33, 35, 32], [46, 49, 38, 63, 81, 42, 88], [79, 52, 61, 48, 66, 86, 68], [58, 75, 87, 83, 69, 82, 84]]
48: [[9, 50, 80, 19, 45, 37, 77], [85, 54, 26, 64, 62, 73, 7], [65, 40, 6, 78, 59, 57, 53], [43, 41, 25, 18, 67, 60, 36], [39, 10, 11, 56, 72, 3, 4, 74], [14, 71, 5, 15, 24, 8, 1, 44], [12, 13, 22, 2, 31, 23, 34, 16], [47, 17, 76, 21, 27, 55, 20, 70], [28, 29, 51, 30, 33, 35, 32], [46, 49, 38, 63, 81, 42, 88], [79, 52, 61, 48, 66, 86, 68], [58, 75, 87, 83, 69, 82, 84]]
49: [[9, 50, 80, 19, 45, 37, 77], [85, 54, 26, 64, 62, 73, 7], [65, 40, 6, 78, 59, 57, 53], [43, 41, 25, 18, 67, 60, 36], [39, 10, 11, 56, 72, 3, 4, 74], [14, 71, 5, 15, 24, 8, 1, 44], [12, 13, 22, 2, 31, 23, 34, 16], [47, 17, 76, 21, 27, 55, 20, 70], [28, 29, 51, 30, 33, 35, 32], [46, 49, 38, 63, 81, 42, 88], [79, 52, 61, 48, 66, 86, 68], [58, 75, 87, 83, 69, 82, 84]]
50: [[9, 50, 80, 19, 45, 37, 77], [85, 54, 26, 64, 62, 73, 7], [65, 40, 6, 78, 59, 57, 53], [43, 41, 25, 18, 67, 60, 36], [39, 10, 11, 56, 72, 3, 4, 74], [14, 71, 5, 15, 24, 8, 1, 44], [12, 13, 22, 2, 31, 23, 34, 16], [47, 17, 76, 21, 27, 55, 20, 70], [28, 29, 51, 30, 33, 35, 32], [46, 49, 38, 63, 81, 42, 88], [79, 52, 61, 48, 66, 86, 68], [58, 75, 87, 83, 69, 82, 84]]
51: [[9, 50, 80, 19, 45, 37, 77], [85, 54, 26, 64, 62, 73, 7], [65, 40, 6, 78, 59, 57, 53], [43, 41, 25, 18, 67, 60, 36], [39, 10, 11, 56, 72, 3, 4, 74], [14, 71, 5, 15, 24, 8, 1, 44], [12, 13, 22, 2, 31, 23, 34, 16], [47, 17, 76, 21, 27, 55, 20, 70], [28, 29, 51, 30, 33, 35, 32], [46, 49, 38, 63, 81, 42, 88], [79, 52, 61, 48, 66, 86, 68], [58, 75, 87, 83, 69, 82, 84]]
52: [[9, 50, 80, 19, 45, 37, 77], [85, 54, 26, 64, 62, 73, 7], [65, 40, 6, 78, 59, 57, 53], [43, 41, 25, 18, 67, 60, 36], [39, 10, 11, 56, 72, 3, 4, 74], [14, 71, 5, 15, 24, 8, 1, 44], [12, 13, 22, 2, 31, 23, 34, 16], [47, 17, 76, 21, 27, 55, 20, 70], [28, 29, 51, 30, 33, 35, 32], [46, 49, 38, 63, 81, 42, 88], [79, 52, 61, 48, 66, 86, 68], [58, 75, 87, 83, 69, 82, 84]]
53: [[9, 50, 80, 19, 45, 37, 77], [85, 54, 26, 64, 62, 73, 7], [65, 40, 6, 78, 59, 57, 53], [43, 41, 25, 18, 67, 60, 36], [39, 10, 11, 56, 72, 3, 4, 74], [14, 71, 5, 15, 24, 8, 1, 44], [12, 13, 22, 2, 31, 23, 34, 16], [47, 17, 76, 21, 27, 55, 20, 70], [28, 29, 51, 30, 33, 35, 32], [46, 49, 38, 63, 81, 42, 88], [79, 52, 61, 48, 66, 86, 68], [58, 75, 87, 83, 69, 82, 84]]
54: [[9, 50, 80, 19, 45, 37, 77], [85, 54, 26, 64, 62, 73, 7], [65, 40, 6, 78, 59, 57, 53], [43, 41, 25, 18, 67, 60, 36], [39, 10, 11, 56, 72, 3, 4, 74], [14, 71, 5, 15, 24, 8, 1, 44], [12, 13, 22, 2, 31, 23, 34, 16], [47, 17, 76, 21, 27, 55, 20, 70], [28, 29, 51, 30, 33, 35, 32], [46, 49, 38, 63, 81, 42, 88], [79, 52, 61, 48, 66, 86, 68], [58, 75, 87, 83, 69, 82, 84]]
55: [[9, 50, 80, 19, 45, 37, 77], [85, 54, 26, 64, 62, 73, 7], [65, 40, 6, 78, 59, 57, 53], [43, 41, 25, 18, 67, 60, 36], [39, 10, 11, 56, 72, 3, 4, 74], [14, 71, 5, 15, 24, 8, 1, 44], [12, 13, 22, 2, 31, 23, 34, 16], [47, 17, 76, 21, 27, 55, 20, 70], [28, 29, 51, 30, 33, 35, 32], [46, 49, 38, 63, 81, 42, 88], [79, 52, 61, 48, 66, 86, 68], [58, 75, 87, 83, 69, 82, 84]]
56: [[9, 50, 80, 19, 45, 37, 77], [85, 54, 26, 64, 62, 73, 7], [65, 40, 6, 78, 59, 57, 53], [43, 41, 25, 18, 67, 60, 36], [39, 10, 11, 56, 72, 3, 4, 74], [14, 71, 5, 15, 24, 8, 1, 44], [12, 13, 22, 2, 31, 23, 34, 16], [47, 17, 76, 21, 27, 55, 20, 70], [28, 29, 51, 30, 33, 35, 32], [46, 49, 38, 63, 81, 42, 88], [79, 52, 61, 48, 66, 86, 68], [58, 75, 87, 83, 69, 82, 84]]
57: [[9, 50, 80, 19, 45, 37, 77], [85, 54, 26, 64, 62, 73, 7], [65, 40, 6, 78, 59, 57, 53], [43, 41, 25, 18, 67, 60, 36], [39, 10, 11, 56, 72, 3, 4, 74], [14, 71, 5, 15, 24, 8, 1, 44], [12, 13, 22, 2, 31, 23, 34, 16], [47, 17, 76, 21, 27, 55, 20, 70], [28, 29, 51, 30, 33, 35, 32], [46, 49, 38, 63, 81, 42, 88], [79, 52, 61, 48, 66, 86, 68], [58, 75, 87, 83, 69, 82, 84]]
58: [[9, 50, 80, 19, 45, 37, 77], [85, 54, 26, 64, 62, 73, 7], [65, 40, 6, 78, 59, 57, 53], [43, 41, 25, 18, 67, 60, 36], [39, 10, 11, 56, 72, 3, 4, 74], [14, 71, 5, 15, 24, 8, 1, 44], [12, 13, 22, 2, 31, 23, 34, 16], [47, 17, 76, 21, 27, 55, 20, 70], [28, 29, 51, 30, 33, 35, 32], [46, 49, 38, 63, 81, 42, 88], [79, 52, 61, 48, 66, 86, 68], [58, 75, 87, 83, 69, 82, 84]]
59: [[9, 50, 80, 19, 45, 37, 77], [85, 54, 26, 64, 62, 73, 7], [65, 40, 6, 78, 59, 57, 53], [43, 41, 25, 18, 67, 60, 36], [39, 10, 11, 56, 72, 3, 4, 74], [14, 71, 5, 15, 24, 8, 1, 44], [12, 13, 22, 2, 31, 23, 34, 16], [47, 17, 76, 21, 27, 55, 20, 70], [28, 29, 51, 30, 33, 35, 32], [46, 49, 38, 63, 81, 42, 88], [79, 52, 61, 48, 66, 86, 68], [58, 75, 87, 83, 69, 82, 84]]
60: [[9, 50, 80, 19, 45, 37, 77], [85, 54, 26, 64, 62, 73, 7], [65, 40, 6, 78, 59, 57, 53], [43, 41, 25, 18, 67, 60, 36], [39, 10, 11, 56, 72, 3, 4, 74], [14, 71, 5, 15, 24, 8, 1, 44], [12, 13, 22, 2, 31, 23, 34, 16], [47, 17, 76, 21, 27, 55, 20, 70], [28, 29, 51, 30, 33, 35, 32], [46, 49, 38, 63, 81, 42, 88], [79, 52, 61, 48, 66, 86, 68], [58, 75, 87, 83, 69, 82, 84]]
61: [[9, 50, 80, 19, 45, 37, 77], [85, 54, 26, 64, 62, 73, 7], [65, 40, 6, 78, 59, 57, 53], [43, 41, 25, 18, 67, 60, 36], [39, 10, 11, 56, 72, 3, 4, 74], [14, 71, 5, 15, 24, 8, 1, 44], [12, 13, 22, 2, 31, 23, 34, 16], [47, 17, 76, 21, 27, 55, 20, 70], [28, 29, 51, 30, 33, 35, 32], [46, 49, 38, 63, 81, 42, 88], [79, 52, 61, 48, 66, 86, 68], [58, 75, 87, 83, 69, 82, 84]]
62: [[9, 50, 80, 19, 45, 37, 77], [85, 54, 26, 64, 62, 73, 7], [65, 40, 6, 78, 59, 57, 53], [43, 41, 25, 18, 67, 60, 36], [39, 10, 11, 56, 72, 3, 4, 74], [14, 71, 5, 15, 24, 8, 1, 44], [12, 13, 22, 2, 31, 23, 34, 16], [47, 17, 76, 21, 27, 55, 20, 70], [28, 29, 51, 30, 33, 35, 32], [46, 49, 38, 63, 81, 42, 88], [79, 52, 61, 48, 66, 86, 68], [58, 75, 87, 83, 69, 82, 84]]
63: [[9, 50, 80, 19, 45, 37, 77], [85, 54, 26, 64, 62, 73, 7], [65, 40, 6, 78, 59, 57, 53], [43, 41, 25, 18, 67, 60, 36], [39, 10, 11, 56, 72, 3, 4, 74], [14, 71, 5, 15, 24, 8, 1, 44], [12, 13, 22, 2, 31, 23, 34, 16], [47, 17, 76, 21, 27, 55, 20, 70], [28, 29, 51, 30, 33, 35, 32], [46, 49, 38, 63, 81, 42, 88], [79, 52, 61, 48, 66, 86, 68], [58, 75, 87, 83, 69, 82, 84]]
64: [[9, 50, 80, 19, 45, 37, 77], [85, 54, 26, 64, 62, 73, 7], [65, 40, 6, 78, 59, 57, 53], [43, 41, 25, 18, 67, 60, 36], [39, 10, 11, 56, 72, 3, 4, 74], [14, 71, 5, 15, 24, 8, 1, 44], [12, 13, 22, 2, 31, 23, 34, 16], [47, 17, 76, 21, 27, 55, 20, 70], [28, 29, 51, 30, 33, 35, 32], [46, 49, 38, 63, 81, 42, 88], [79, 52, 61, 48, 66, 86, 68], [58, 75, 87, 83, 69, 82, 84]]
65: [[9, 50, 80, 19, 45, 37, 77], [85, 54, 26, 64, 62, 73, 7], [65, 40, 6, 78, 59, 57, 53], [43, 41, 25, 18, 67, 60, 36], [39, 10, 11, 56, 72, 3, 4, 74], [14, 71, 5, 15, 24, 8, 1, 44], [12, 13, 22, 2, 31, 23, 34, 16], [47, 17, 76, 21, 27, 55, 20, 70], [28, 29, 51, 30, 33, 35, 32], [46, 49, 38, 63, 81, 42, 88], [79, 52, 61, 48, 66, 86, 68], [58, 75, 87, 83, 69, 82, 84]]
66: [[9, 50, 80, 19, 45, 37, 77], [85, 54, 26, 64, 62, 73, 7], [65, 40, 6, 78, 59, 57, 53], [43, 41, 25, 18, 67, 60, 36], [39, 10, 11, 56, 72, 3, 4, 74], [14, 71, 5, 15, 24, 8, 1, 44], [12, 13, 22, 2, 31, 23, 34, 16], [47, 17, 76, 21, 27, 55, 20, 70], [28, 29, 51, 30, 33, 35, 32], [46, 49, 38, 63, 81, 42, 88], [79, 52, 61, 48, 66, 86, 68], [58, 75, 87, 83, 69, 82, 84]]
67: [[9, 50, 80, 19, 45, 37, 77], [85, 54, 26, 64, 62, 73, 7], [65, 40, 6, 78, 59, 57, 53], [43, 41, 25, 18, 67, 60, 36], [39, 10, 11, 56, 72, 3, 4, 74], [14, 71, 5, 15, 24, 8, 1, 44], [12, 13, 22, 2, 31, 23, 34, 16], [47, 17, 76, 21, 27, 55, 20, 70], [28, 29, 51, 30, 33, 35, 32], [46, 49, 38, 63, 81, 42, 88], [79, 52, 61, 48, 66, 86, 68], [58, 75, 87, 83, 69, 82, 84]]
68: [[9, 50, 80, 19, 45, 37, 77], [85, 54, 26, 64, 62, 73, 7], [65, 40, 6, 78, 59, 57, 53], [43, 41, 25, 18, 67, 60, 36], [39, 10, 11, 56, 72, 3, 4, 74], [14, 71, 5, 15, 24, 8, 1, 44], [12, 13, 22, 2, 31, 23, 34, 16], [47, 17, 76, 21, 27, 55, 20, 70], [28, 29, 51, 30, 33, 35, 32], [46, 49, 38, 63, 81, 42, 88], [79, 52, 61, 48, 66, 86, 68], [58, 75, 87, 83, 69, 82, 84]]
69: [[9, 50, 80, 19, 45, 37, 77], [85, 54, 26, 64, 62, 73, 7], [65, 40, 6, 78, 59, 57, 53], [43, 41, 25, 18, 67, 60, 36], [39, 10, 11, 56, 72, 3, 4, 74], [14, 71, 5, 15, 24, 8, 1, 44], [12, 13, 22, 2, 31, 23, 34, 16], [47, 17, 76, 21, 27, 55, 20, 70], [28, 29, 51, 30, 33, 35, 32], [46, 49, 38, 63, 81, 42, 88], [79, 52, 61, 48, 66, 86, 68], [58, 75, 87, 83, 69, 82, 84]]
70: [[9, 50, 80, 19, 45, 37, 77], [85, 54, 26, 64, 62, 73, 7], [65, 40, 6, 78, 59, 57, 53], [43, 41, 25, 18, 67, 60, 36], [39, 10, 11, 56, 72, 3, 4, 74], [14, 71, 5, 15, 24, 8, 1, 44], [12, 13, 22, 2, 31, 23, 34, 16], [47, 17, 76, 21, 27, 55, 20, 70], [28, 29, 51, 30, 33, 35, 32], [46, 49, 38, 63, 81, 42, 88], [79, 52, 61, 48, 66, 86, 68], [58, 75, 87, 83, 69, 82, 84]]
71: [[9, 50, 80, 19, 45, 37, 77], [85, 54, 26, 64, 62, 73, 7], [65, 40, 6, 78, 59, 57, 53], [43, 41, 25, 18, 67, 60, 36], [39, 10, 11, 56, 72, 3, 4, 74], [14, 71, 5, 15, 24, 8, 1, 44], [12, 13, 22, 2, 31, 23, 34, 16], [47, 17, 76, 21, 27, 55, 20, 70], [28, 29, 51, 30, 33, 35, 32], [46, 49, 38, 63, 81, 42, 88], [79, 52, 61, 48, 66, 86, 68], [58, 75, 87, 83, 69, 82, 84]]
72: [[9, 50, 80, 19, 45, 37, 77], [85, 54, 26, 64, 62, 73, 7], [65, 40, 6, 78, 59, 57, 53], [43, 41, 25, 18, 67, 60, 36], [39, 10, 11, 56, 72, 3, 4, 74], [14, 71, 5, 15, 24, 8, 1, 44], [12, 13, 22, 2, 31, 23, 34, 16], [47, 17, 76, 21, 27, 55, 20, 70], [28, 29, 51, 30, 33, 35, 32], [46, 49, 38, 63, 81, 42, 88], [79, 52, 61, 48, 66, 86, 68], [58, 75, 87, 83, 69, 82, 84]]
73: [[9, 50, 80, 19, 45, 37, 77], [85, 54, 26, 64, 62, 73, 7], [65, 40, 6, 78, 59, 57, 53], [43, 41, 25, 18, 67, 60, 36], [39, 10, 11, 56, 72, 3, 4, 74], [14, 71, 5, 15, 24, 8, 1, 44], [12, 13, 22, 2, 31, 23, 34, 16], [47, 17, 76, 21, 27, 55, 20, 70], [28, 29, 51, 30, 33, 35, 32], [46, 49, 38, 63, 81, 42, 88], [79, 52, 61, 48, 66, 86, 68], [58, 75, 87, 83, 69, 82, 84]]
74: [[9, 50, 80, 19, 45, 37, 77], [85, 54, 26, 64, 62, 73, 7], [65, 40, 6, 78, 59, 57, 53], [43, 41, 25, 18, 67, 60, 36], [39, 10, 11, 56, 72, 3, 4, 74], [14, 71, 5, 15, 24, 8, 1, 44], [12, 13, 22, 2, 31, 23, 34, 16], [47, 17, 76, 21, 27, 55, 20, 70], [28, 29, 51, 30, 33, 35, 32], [46, 49, 38, 63, 81, 42, 88], [79, 52, 61, 48, 66, 86, 68], [58, 75, 87, 83, 69, 82, 84]]
75: [[9, 50, 80, 19, 45, 37, 77], [85, 54, 26, 64, 62, 73, 7], [65, 40, 6, 78, 59, 57, 53], [43, 41, 25, 18, 67, 60, 36], [39, 10, 11, 56, 72, 3, 4, 74], [14, 71, 5, 15, 24, 8, 1, 44], [12, 13, 22, 2, 31, 23, 34, 16], [47, 17, 76, 21, 27, 55, 20, 70], [28, 29, 51, 30, 33, 35, 32], [46, 49, 38, 63, 81, 42, 88], [79, 52, 61, 48, 66, 86, 68], [58, 75, 87, 83, 69, 82, 84]]
76: [[9, 50, 80, 19, 45, 37, 77], [85, 54, 26, 64, 62, 73, 7], [65, 40, 6, 78, 59, 57, 53], [43, 41, 25, 18, 67, 60, 36], [39, 10, 11, 56, 72, 3, 4, 74], [14, 71, 5, 15, 24, 8, 1, 44], [12, 13, 22, 2, 31, 23, 34, 16], [47, 17, 76, 21, 27, 55, 20, 70], [28, 29, 51, 30, 33, 35, 32], [46, 49, 38, 63, 81, 42, 88], [79, 52, 61, 48, 66, 86, 68], [58, 75, 87, 83, 69, 82, 84]]
77: [[9, 50, 80, 19, 45, 37, 77], [85, 54, 26, 64, 62, 73, 7], [65, 40, 6, 78, 59, 57, 53], [43, 41, 25, 18, 67, 60, 36], [39, 10, 11, 56, 72, 3, 4, 74], [14, 71, 5, 15, 24, 8, 1, 44], [12, 13, 22, 2, 31, 23, 34, 16], [47, 17, 76, 21, 27, 55, 20, 70], [28, 29, 51, 30, 33, 35, 32], [46, 49, 38, 63, 81, 42, 88], [79, 52, 61, 48, 66, 86, 68], [58, 75, 87, 83, 69, 82, 84]]
78: [[9, 50, 80, 19, 45, 37, 77], [85, 54, 26, 64, 62, 73, 7], [65, 40, 6, 78, 59, 57, 53], [43, 41, 25, 18, 67, 60, 36], [39, 10, 11, 56, 72, 3, 4, 74], [14, 71, 5, 15, 24, 8, 1, 44], [12, 13, 22, 2, 31, 23, 34, 16], [47, 17, 76, 21, 27, 55, 20, 70], [28, 29, 51, 30, 33, 35, 32], [46, 49, 38, 63, 81, 42, 88], [79, 52, 61, 48, 66, 86, 68], [58, 75, 87, 83, 69, 82, 84]]
79: [[9, 50, 80, 19, 45, 37, 77], [85, 54, 26, 64, 62, 73, 7], [65, 40, 6, 78, 59, 57, 53], [43, 41, 25, 18, 67, 60, 36], [39, 10, 11, 56, 72, 3, 4, 74], [14, 71, 5, 15, 24, 8, 1, 44], [12, 13, 22, 2, 31, 23, 34, 16], [47, 17, 76, 21, 27, 55, 20, 70], [28, 29, 51, 30, 33, 35, 32], [46, 49, 38, 63, 81, 42, 88], [79, 52, 61, 48, 66, 86, 68], [58, 75, 87, 83, 69, 82, 84]]
80: [[9, 50, 80, 19, 45, 37, 77], [85, 54, 26, 64, 62, 73, 7], [65, 40, 6, 78, 59, 57, 53], [43, 41, 25, 18, 67, 60, 36], [39, 10, 11, 56, 72, 3, 4, 74], [14, 71, 5, 15, 24, 8, 1, 44], [12, 13, 22, 2, 31, 23, 34, 16], [47, 17, 76, 21, 27, 55, 20, 70], [28, 29, 51, 30, 33, 35, 32], [46, 49, 38, 63, 81, 42, 88], [79, 52, 61, 48, 66, 86, 68], [58, 75, 87, 83, 69, 82, 84]]
81: [[9, 50, 80, 19, 45, 37, 77], [85, 54, 26, 64, 62, 73, 7], [65, 40, 6, 78, 59, 57, 53], [43, 41, 25, 18, 67, 60, 36], [39, 10, 11, 56, 72, 3, 4, 74], [14, 71, 5, 15, 24, 8, 1, 44], [12, 13, 22, 2, 31, 23, 34, 16], [47, 17, 76, 21, 27, 55, 20, 70], [28, 29, 51, 30, 33, 35, 32], [46, 49, 38, 63, 81, 42, 88], [79, 52, 61, 48, 66, 86, 68], [58, 75, 87, 83, 69, 82, 84]]
82: [[9, 50, 80, 19, 45, 37, 77], [85, 54, 26, 64, 62, 73, 7], [65, 40, 6, 78, 59, 57, 53], [43, 41, 25, 18, 67, 60, 36], [39, 10, 11, 56, 72, 3, 4, 74], [14, 71, 5, 15, 24, 8, 1, 44], [12, 13, 22, 2, 31, 23, 34, 16], [47, 17, 76, 21, 27, 55, 20, 70], [28, 29, 51, 30, 33, 35, 32], [46, 49, 38, 63, 81, 42, 88], [79, 52, 61, 48, 66, 86, 68], [58, 75, 87, 83, 69, 82, 84]]
83: [[9, 50, 80, 19, 45, 37, 77], [85, 54, 26, 64, 62, 73, 7], [65, 40, 6, 78, 59, 57, 53], [43, 41, 25, 18, 67, 60, 36], [39, 10, 11, 56, 72, 3, 4, 74], [14, 71, 5, 15, 24, 8, 1, 44], [12, 13, 22, 2, 31, 23, 34, 16], [47, 17, 76, 21, 27, 55, 20, 70], [28, 29, 51, 30, 33, 35, 32], [46, 49, 38, 63, 81, 42, 88], [79, 52, 61, 48, 66, 86, 68], [58, 75, 87, 83, 69, 82, 84]]
84: [[9, 50, 80, 19, 45, 37, 77], [85, 54, 26, 64, 62, 73, 7], [65, 40, 6, 78, 59, 57, 53], [43, 41, 25, 18, 67, 60, 36], [39, 10, 11, 56, 72, 3, 4, 74], [14, 71, 5, 15, 24, 8, 1, 44], [12, 13, 22, 2, 31, 23, 34, 16], [47, 17, 76, 21, 27, 55, 20, 70], [28, 29, 51, 30, 33, 35, 32], [46, 49, 38, 63, 81, 42, 88], [79, 52, 61, 48, 66, 86, 68], [58, 75, 87, 83, 69, 82, 84]]
85: [[9, 50, 80, 19, 45, 37, 77], [85, 54, 26, 64, 62, 73, 7], [65, 40, 6, 78, 59, 57, 53], [43, 41, 25, 18, 67, 60, 36], [39, 10, 11, 56, 72, 3, 4, 74], [14, 71, 5, 15, 24, 8, 1, 44], [12, 13, 22, 2, 31, 23, 34, 16], [47, 17, 76, 21, 27, 55, 20, 70], [28, 29, 51, 30, 33, 35, 32], [46, 49, 38, 63, 81, 42, 88], [79, 52, 61, 48, 66, 86, 68], [58, 75, 87, 83, 69, 82, 84]]
86: [[9, 50, 80, 19, 45, 37, 77], [85, 54, 26, 64, 62, 73, 7], [65, 40, 6, 78, 59, 57, 53], [43, 41, 25, 18, 67, 60, 36], [39, 10, 11, 56, 72, 3, 4, 74], [14, 71, 5, 15, 24, 8, 1, 44], [12, 13, 22, 2, 31, 23, 34, 16], [47, 17, 76, 21, 27, 55, 20, 70], [28, 29, 51, 30, 33, 35, 32], [46, 49, 38, 63, 81, 42, 88], [79, 52, 61, 48, 66, 86, 68], [58, 75, 87, 83, 69, 82, 84]]
87: [[9, 50, 80, 19, 45, 37, 77], [85, 54, 26, 64, 62, 73, 7], [65, 40, 6, 78, 59, 57, 53], [43, 41, 25, 18, 67, 60, 36], [39, 10, 11, 56, 72, 3, 4, 74], [14, 71, 5, 15, 24, 8, 1, 44], [12, 13, 22, 2, 31, 23, 34, 16], [47, 17, 76, 21, 27, 55, 20, 70], [28, 29, 51, 30, 33, 35, 32], [46, 49, 38, 63, 81, 42, 88], [79, 52, 61, 48, 66, 86, 68], [58, 75, 87, 83, 69, 82, 84]]
88: [[9, 50, 80, 19, 45, 37, 77], [85, 54, 26, 64, 62, 73, 7], [65, 40, 6, 78, 59, 57, 53], [43, 41, 25, 18, 67, 60, 36], [39, 10, 11, 56, 72, 3, 4, 74], [14, 71, 5, 15, 24, 8, 1, 44], [12, 13, 22, 2, 31, 23, 34, 16], [47, 17, 76, 21, 27, 55, 20, 70], [28, 29, 51, 30, 33, 35, 32], [46, 49, 38, 63, 81, 42, 88], [79, 52, 61, 48, 66, 86, 68], [58, 75, 87, 83, 69, 82, 84]]
89: [[9, 50, 80, 19, 45, 37, 77], [85, 54, 26, 64, 62, 73, 7], [65, 40, 6, 78, 59, 57, 53], [43, 41, 25, 18, 67, 60, 36], [39, 10, 11, 56, 72, 3, 4, 74], [14, 71, 5, 15, 24, 8, 1, 44], [12, 13, 22, 2, 31, 23, 34, 16], [47, 17, 76, 21, 27, 55, 20, 70], [28, 29, 51, 30, 33, 35, 32], [46, 49, 38, 63, 81, 42, 88], [79, 52, 61, 48, 66, 86, 68], [58, 75, 87, 83, 69, 82, 84]]
90: [[9, 50, 80, 19, 45, 37, 77], [85, 54, 26, 64, 62, 73, 7], [65, 40, 6, 78, 59, 57, 53], [43, 41, 25, 18, 67, 60, 36], [39, 10, 11, 56, 72, 3, 4, 74], [14, 71, 5, 15, 24, 8, 1, 44], [12, 13, 22, 2, 31, 23, 34, 16], [47, 17, 76, 21, 27, 55, 20, 70], [28, 29, 51, 30, 33, 35, 32], [46, 49, 38, 63, 81, 42, 88], [79, 52, 61, 48, 66, 86, 68], [58, 75, 87, 83, 69, 82, 84]]
91: [[9, 50, 80, 19, 45, 37, 77], [85, 54, 26, 64, 62, 73, 7], [65, 40, 6, 78, 59, 57, 53], [43, 41, 25, 18, 67, 60, 36], [39, 10, 11, 56, 72, 3, 4, 74], [14, 71, 5, 15, 24, 8, 1, 44], [12, 13, 22, 2, 31, 23, 34, 16], [47, 17, 76, 21, 27, 55, 20, 70], [28, 29, 51, 30, 33, 35, 32], [46, 49, 38, 63, 81, 42, 88], [79, 52, 61, 48, 66, 86, 68], [58, 75, 87, 83, 69, 82, 84]]
92: [[9, 50, 80, 19, 45, 37, 77], [85, 54, 26, 64, 62, 73, 7], [65, 40, 6, 78, 59, 57, 53], [43, 41, 25, 18, 67, 60, 36], [39, 10, 11, 56, 72, 3, 4, 74], [14, 71, 5, 15, 24, 8, 1, 44], [12, 13, 22, 2, 31, 23, 34, 16], [47, 17, 76, 21, 27, 55, 20, 70], [28, 29, 51, 30, 33, 35, 32], [46, 49, 38, 63, 81, 42, 88], [79, 52, 61, 48, 66, 86, 68], [58, 75, 87, 83, 69, 82, 84]]
93: [[9, 50, 80, 19, 45, 37, 77], [85, 54, 26, 64, 62, 73, 7], [65, 40, 6, 78, 59, 57, 53], [43, 41, 25, 18, 67, 60, 36], [39, 10, 11, 56, 72, 3, 4, 74], [14, 71, 5, 15, 24, 8, 1, 44], [12, 13, 22, 2, 31, 23, 34, 16], [47, 17, 76, 21, 27, 55, 20, 70], [28, 29, 51, 30, 33, 35, 32], [46, 49, 38, 63, 81, 42, 88], [79, 52, 61, 48, 66, 86, 68], [58, 75, 87, 83, 69, 82, 84]]
94: [[9, 50, 80, 19, 45, 37, 77], [85, 54, 26, 64, 62, 73, 7], [65, 40, 6, 78, 59, 57, 53], [43, 41, 25, 18, 67, 60, 36], [39, 10, 11, 56, 72, 3, 4, 74], [14, 71, 5, 15, 24, 8, 1, 44], [12, 13, 22, 2, 31, 23, 34, 16], [47, 17, 76, 21, 27, 55, 20, 70], [28, 29, 51, 30, 33, 35, 32], [46, 49, 38, 63, 81, 42, 88], [79, 52, 61, 48, 66, 86, 68], [58, 75, 87, 83, 69, 82, 84]]
95: [[9, 50, 80, 19, 45, 37, 77], [85, 54, 26, 64, 62, 73, 7], [65, 40, 6, 78, 59, 57, 53], [43, 41, 25, 18, 67, 60, 36], [39, 10, 11, 56, 72, 3, 4, 74], [14, 71, 5, 15, 24, 8, 1, 44], [12, 13, 22, 2, 31, 23, 34, 16], [47, 17, 76, 21, 27, 55, 20, 70], [28, 29, 51, 30, 33, 35, 32], [46, 49, 38, 63, 81, 42, 88], [79, 52, 61, 48, 66, 86, 68], [58, 75, 87, 83, 69, 82, 84]]
96: [[9, 50, 80, 19, 45, 37, 77], [85, 54, 26, 64, 62, 73, 7], [65, 40, 6, 78, 59, 57, 53], [43, 41, 25, 18, 67, 60, 36], [39, 10, 11, 56, 72, 3, 4, 74], [14, 71, 5, 15, 24, 8, 1, 44], [12, 13, 22, 2, 31, 23, 34, 16], [47, 17, 76, 21, 27, 55, 20, 70], [28, 29, 51, 30, 33, 35, 32], [46, 49, 38, 63, 81, 42, 88], [79, 52, 61, 48, 66, 86, 68], [58, 75, 87, 83, 69, 82, 84]]
97: [[9, 50, 80, 19, 45, 37, 77], [85, 54, 26, 64, 62, 73, 7], [65, 40, 6, 78, 59, 57, 53], [43, 41, 25, 18, 67, 60, 36], [39, 10, 11, 56, 72, 3, 4, 74], [14, 71, 5, 15, 24, 8, 1, 44], [12, 13, 22, 2, 31, 23, 34, 16], [47, 17, 76, 21, 27, 55, 20, 70], [28, 29, 51, 30, 33, 35, 32], [46, 49, 38, 63, 81, 42, 88], [79, 52, 61, 48, 66, 86, 68], [58, 75, 87, 83, 69, 82, 84]]
98: [[9, 50, 80, 19, 45, 37, 77], [85, 54, 26, 64, 62, 73, 7], [65, 40, 6, 78, 59, 57, 53], [43, 41, 25, 18, 67, 60, 36], [39, 10, 11, 56, 72, 3, 4, 74], [14, 71, 5, 15, 24, 8, 1, 44], [12, 13, 22, 2, 31, 23, 34, 16], [47, 17, 76, 21, 27, 55, 20, 70], [28, 29, 51, 30, 33, 35, 32], [46, 49, 38, 63, 81, 42, 88], [79, 52, 61, 48, 66, 86, 68], [58, 75, 87, 83, 69, 82, 84]]
99: [[9, 50, 80, 19, 45, 37, 77], [85, 54, 26, 64, 62, 73, 7], [65, 40, 6, 78, 59, 57, 53], [43, 41, 25, 18, 67, 60, 36], [39, 10, 11, 56, 72, 3, 4, 74], [14, 71, 5, 15, 24, 8, 1, 44], [12, 13, 22, 2, 31, 23, 34, 16], [47, 17, 76, 21, 27, 55, 20, 70], [28, 29, 51, 30, 33, 35, 32], [46, 49, 38, 63, 81, 42, 88], [79, 52, 61, 48, 66, 86, 68], [58, 75, 87, 83, 69, 82, 84]]
100: [[9, 50, 80, 19, 45, 37, 77], [85, 54, 26, 64, 62, 73, 7], [65, 40, 6, 78, 59, 57, 53], [43, 41, 25, 18, 67, 60, 36], [39, 10, 11, 56, 72, 3, 4, 74], [14, 71, 5, 15, 24, 8, 1, 44], [12, 13, 22, 2, 31, 23, 34, 16], [47, 17, 76, 21, 27, 55, 20, 70], [28, 29, 51, 30, 33, 35, 32], [46, 49, 38, 63, 81, 42, 88], [79, 52, 61, 48, 66, 86, 68], [58, 75, 87, 83, 69, 82, 84]]
101: [[9, 50, 80, 19, 45, 37, 77], [85, 54, 26, 64, 62, 73, 7], [65, 40, 6, 78, 59, 57, 53], [43, 41, 25, 18, 67, 60, 36], [39, 10, 11, 56, 72, 3, 4, 74], [14, 71, 5, 15, 24, 8, 1, 44], [12, 13, 22, 2, 31, 23, 34, 16], [47, 17, 76, 21, 27, 55, 20, 70], [28, 29, 51, 30, 33, 35, 32], [46, 49, 38, 63, 81, 42, 88], [79, 52, 61, 48, 66, 86, 68], [58, 75, 87, 83, 69, 82, 84]]
102: [[9, 50, 80, 19, 45, 37, 77], [85, 54, 26, 64, 62, 73, 7], [65, 40, 6, 78, 59, 57, 53], [43, 41, 25, 18, 67, 60, 36], [39, 10, 11, 56, 72, 3, 4, 74], [14, 71, 5, 15, 24, 8, 1, 44], [12, 13, 22, 2, 31, 23, 34, 16], [47, 17, 76, 21, 27, 55, 20, 70], [28, 29, 51, 30, 33, 35, 32], [46, 49, 38, 63, 81, 42, 88], [79, 52, 61, 48, 66, 86, 68], [58, 75, 87, 83, 69, 82, 84]]
103: [[9, 50, 80, 19, 45, 37, 77], [85, 54, 26, 64, 62, 73, 7], [65, 40, 6, 78, 59, 57, 53], [43, 41, 25, 18, 67, 60, 36], [39, 10, 11, 56, 72, 3, 4, 74], [14, 71, 5, 15, 24, 8, 1, 44], [12, 13, 22, 2, 31, 23, 34, 16], [47, 17, 76, 21, 27, 55, 20, 70], [28, 29, 51, 30, 33, 35, 32], [46, 49, 38, 63, 81, 42, 88], [79, 52, 61, 48, 66, 86, 68], [58, 75, 87, 83, 69, 82, 84]]
104: [[9, 50, 80, 19, 45, 37, 77], [85, 54, 26, 64, 62, 73, 7], [65, 40, 6, 78, 59, 57, 53], [43, 41, 25, 18, 67, 60, 36], [39, 10, 11, 56, 72, 3, 4, 74], [14, 71, 5, 15, 24, 8, 1, 44], [12, 13, 22, 2, 31, 23, 34, 16], [47, 17, 76, 21, 27, 55, 20, 70], [28, 29, 51, 30, 33, 35, 32], [46, 49, 38, 63, 81, 42, 88], [79, 52, 61, 48, 66, 86, 68], [58, 75, 87, 83, 69, 82, 84]]
105: [[9, 50, 80, 19, 45, 37, 77], [85, 54, 26, 64, 62, 73, 7], [65, 40, 6, 78, 59, 57, 53], [43, 41, 25, 18, 67, 60, 36], [39, 10, 11, 56, 72, 3, 4, 74], [14, 71, 5, 15, 24, 8, 1, 44], [12, 13, 22, 2, 31, 23, 34, 16], [47, 17, 76, 21, 27, 55, 20, 70], [28, 29, 51, 30, 33, 35, 32], [46, 49, 38, 63, 81, 42, 88], [79, 52, 61, 48, 66, 86, 68], [58, 75, 87, 83, 69, 82, 84]]
106: [[9, 50, 80, 19, 45, 37, 77], [85, 54, 26, 64, 62, 73, 7], [65, 40, 6, 78, 59, 57, 53], [43, 41, 25, 18, 67, 60, 36], [39, 10, 11, 56, 72, 3, 4, 74], [14, 71, 5, 15, 24, 8, 1, 44], [12, 13, 22, 2, 31, 23, 34, 16], [47, 17, 76, 21, 27, 55, 20, 70], [28, 29, 51, 30, 33, 35, 32], [46, 49, 38, 63, 81, 42, 88], [79, 52, 61, 48, 66, 86, 68], [58, 75, 87, 83, 69, 82, 84]]
107: [[9, 50, 80, 19, 45, 37, 77], [85, 54, 26, 64, 62, 73, 7], [65, 40, 6, 78, 59, 57, 53], [43, 41, 25, 18, 67, 60, 36], [39, 10, 11, 56, 72, 3, 4, 74], [14, 71, 5, 15, 24, 8, 1, 44], [12, 13, 22, 2, 31, 23, 34, 16], [47, 17, 76, 21, 27, 55, 20, 70], [28, 29, 51, 30, 33, 35, 32], [46, 49, 38, 63, 81, 42, 88], [79, 52, 61, 48, 66, 86, 68], [58, 75, 87, 83, 69, 82, 84]]
108: [[9, 50, 80, 19, 45, 37, 77], [85, 54, 26, 64, 62, 73, 7], [65, 40, 6, 78, 59, 57, 53], [43, 41, 25, 18, 67, 60, 36], [39, 10, 11, 56, 72, 3, 4, 74], [14, 71, 5, 15, 24, 8, 1, 44], [12, 13, 22, 2, 31, 23, 34, 16], [47, 17, 76, 21, 27, 55, 20, 70], [28, 29, 51, 30, 33, 35, 32], [46, 49, 38, 63, 81, 42, 88], [79, 52, 61, 48, 66, 86, 68], [58, 75, 87, 83, 69, 82, 84]]
109: [[9, 50, 80, 19, 45, 37, 77], [85, 54, 26, 64, 62, 73, 7], [65, 40, 6, 78, 59, 57, 53], [43, 41, 25, 18, 67, 60, 36], [39, 10, 11, 56, 72, 3, 4, 74], [14, 71, 5, 15, 24, 8, 1, 44], [12, 13, 22, 2, 31, 23, 34, 16], [47, 17, 76, 21, 27, 55, 20, 70], [28, 29, 51, 30, 33, 35, 32], [46, 49, 38, 63, 81, 42, 88], [79, 52, 61, 48, 66, 86, 68], [58, 75, 87, 83, 69, 82, 84]]
110: [[9, 50, 80, 19, 45, 37, 77], [85, 54, 26, 64, 62, 73, 7], [65, 40, 6, 78, 59, 57, 53], [43, 41, 25, 18, 67, 60, 36], [39, 10, 11, 56, 72, 3, 4, 74], [14, 71, 5, 15, 24, 8, 1, 44], [12, 13, 22, 2, 31, 23, 34, 16], [47, 17, 76, 21, 27, 55, 20, 70], [28, 29, 51, 30, 33, 35, 32], [46, 49, 38, 63, 81, 42, 88], [79, 52, 61, 48, 66, 86, 68], [58, 75, 87, 83, 69, 82, 84]]
111: [[9, 50, 80, 19, 45, 37, 77], [85, 54, 26, 64, 62, 73, 7], [65, 40, 6, 78, 59, 57, 53], [43, 41, 25, 18, 67, 60, 36], [39, 10, 11, 56, 72, 3, 4, 74], [14, 71, 5, 15, 24, 8, 1, 44], [12, 13, 22, 2, 31, 23, 34, 16], [47, 17, 76, 21, 27, 55, 20, 70], [28, 29, 51, 30, 33, 35, 32], [46, 49, 38, 63, 81, 42, 88], [79, 52, 61, 48, 66, 86, 68], [58, 75, 87, 83, 69, 82, 84]]
112: [[9, 50, 80, 19, 45, 37, 77], [85, 54, 26, 64, 62, 73, 7], [65, 40, 6, 78, 59, 57, 53], [43, 41, 25, 18, 67, 60, 36], [39, 10, 11, 56, 72, 3, 4, 74], [14, 71, 5, 15, 24, 8, 1, 44], [12, 13, 22, 2, 31, 23, 34, 16], [47, 17, 76, 21, 27, 55, 20, 70], [28, 29, 51, 30, 33, 35, 32], [46, 49, 38, 63, 81, 42, 88], [79, 52, 61, 48, 66, 86, 68], [58, 75, 87, 83, 69, 82, 84]]
113: [[9, 50, 80, 19, 45, 37, 77], [85, 54, 26, 64, 62, 73, 7], [65, 40, 6, 78, 59, 57, 53], [43, 41, 25, 18, 67, 60, 36], [39, 10, 11, 56, 72, 3, 4, 74], [14, 71, 5, 15, 24, 8, 1, 44], [12, 13, 22, 2, 31, 23, 34, 16], [47, 17, 76, 21, 27, 55, 20, 70], [28, 29, 51, 30, 33, 35, 32], [46, 49, 38, 63, 81, 42, 88], [79, 52, 61, 48, 66, 86, 68], [58, 75, 87, 83, 69, 82, 84]]
114: [[9, 50, 80, 19, 45, 37, 77], [85, 54, 26, 64, 62, 73, 7], [65, 40, 6, 78, 59, 57, 53], [43, 41, 25, 18, 67, 60, 36], [39, 10, 11, 56, 72, 3, 4, 74], [14, 71, 5, 15, 24, 8, 1, 44], [12, 13, 22, 2, 31, 23, 34, 16], [47, 17, 76, 21, 27, 55, 20, 70], [28, 29, 51, 30, 33, 35, 32], [46, 49, 38, 63, 81, 42, 88], [79, 52, 61, 48, 66, 86, 68], [58, 75, 87, 83, 69, 82, 84]]
115: [[9, 50, 80, 19, 45, 37, 77], [85, 54, 26, 64, 62, 73, 7], [65, 40, 6, 78, 59, 57, 53], [43, 41, 25, 18, 67, 60, 36], [39, 10, 11, 56, 72, 3, 4, 74], [14, 71, 5, 15, 24, 8, 1, 44], [12, 13, 22, 2, 31, 23, 34, 16], [47, 17, 76, 21, 27, 55, 20, 70], [28, 29, 51, 30, 33, 35, 32], [46, 49, 38, 63, 81, 42, 88], [79, 52, 61, 48, 66, 86, 68], [58, 75, 87, 83, 69, 82, 84]]
116: [[9, 50, 80, 19, 45, 37, 77], [85, 54, 26, 64, 62, 73, 7], [65, 40, 6, 78, 59, 57, 53], [43, 41, 25, 18, 67, 60, 36], [39, 10, 11, 56, 72, 3, 4, 74], [14, 71, 5, 15, 24, 8, 1, 44], [12, 13, 22, 2, 31, 23, 34, 16], [47, 17, 76, 21, 27, 55, 20, 70], [28, 29, 51, 30, 33, 35, 32], [46, 49, 38, 63, 81, 42, 88], [79, 52, 61, 48, 66, 86, 68], [58, 75, 87, 83, 69, 82, 84]]
117: [[9, 50, 80, 19, 45, 37, 77], [85, 54, 26, 64, 62, 73, 7], [65, 40, 6, 78, 59, 57, 53], [43, 41, 25, 18, 67, 60, 36], [39, 10, 11, 56, 72, 3, 4, 74], [14, 71, 5, 15, 24, 8, 1, 44], [12, 13, 22, 2, 31, 23, 34, 16], [47, 17, 76, 21, 27, 55, 20, 70], [28, 29, 51, 30, 33, 35, 32], [46, 49, 38, 63, 81, 42, 88], [79, 52, 61, 48, 66, 86, 68], [58, 75, 87, 83, 69, 82, 84]]
118: [[9, 50, 80, 19, 45, 37, 77], [85, 54, 26, 64, 62, 73, 7], [65, 40, 6, 78, 59, 57, 53], [43, 41, 25, 18, 67, 60, 36], [39, 10, 11, 56, 72, 3, 4, 74], [14, 71, 5, 15, 24, 8, 1, 44], [12, 13, 22, 2, 31, 23, 34, 16], [47, 17, 76, 21, 27, 55, 20, 70], [28, 29, 51, 30, 33, 35, 32], [46, 49, 38, 63, 81, 42, 88], [79, 52, 61, 48, 66, 86, 68], [58, 75, 87, 83, 69, 82, 84]]
119: [[9, 50, 80, 19, 45, 37, 77], [85, 54, 26, 64, 62, 73, 7], [65, 40, 6, 78, 59, 57, 53], [43, 41, 25, 18, 67, 60, 36], [39, 10, 11, 56, 72, 3, 4, 74], [14, 71, 5, 15, 24, 8, 1, 44], [12, 13, 22, 2, 31, 23, 34, 16], [47, 17, 76, 21, 27, 55, 20, 70], [28, 29, 51, 30, 33, 35, 32], [46, 49, 38, 63, 81, 42, 88], [79, 52, 61, 48, 66, 86, 68], [58, 75, 87, 83, 69, 82, 84]]
120: [[9, 50, 80, 19, 45, 37, 77], [85, 54, 26, 64, 62, 73, 7], [65, 40, 6, 78, 59, 57, 53], [43, 41, 25, 18, 67, 60, 36], [39, 10, 11, 56, 72, 3, 4, 74], [14, 71, 5, 15, 24, 8, 1, 44], [12, 13, 22, 2, 31, 23, 34, 16], [47, 17, 76, 21, 27, 55, 20, 70], [28, 29, 51, 30, 33, 35, 32], [46, 49, 38, 63, 81, 42, 88], [79, 52, 61, 48, 66, 86, 68], [58, 75, 87, 83, 69, 82, 84]]
121: [[9, 50, 80, 19, 45, 37, 77], [85, 54, 26, 64, 62, 73, 7], [65, 40, 6, 78, 59, 57, 53], [43, 41, 25, 18, 67, 60, 36], [39, 10, 11, 56, 72, 3, 4, 74], [14, 71, 5, 15, 24, 8, 1, 44], [12, 13, 22, 2, 31, 23, 34, 16], [47, 17, 76, 21, 27, 55, 20, 70], [28, 29, 51, 30, 33, 35, 32], [46, 49, 38, 63, 81, 42, 88], [79, 52, 61, 48, 66, 86, 68], [58, 75, 87, 83, 69, 82, 84]]
122: [[9, 50, 80, 19, 45, 37, 77], [85, 54, 26, 64, 62, 73, 7], [65, 40, 6, 78, 59, 57, 53], [43, 41, 25, 18, 67, 60, 36], [39, 10, 11, 56, 72, 3, 4, 74], [14, 71, 5, 15, 24, 8, 1, 44], [12, 13, 22, 2, 31, 23, 34, 16], [47, 17, 76, 21, 27, 55, 20, 70], [28, 29, 51, 30, 33, 35, 32], [46, 49, 38, 63, 81, 42, 88], [79, 52, 61, 48, 66, 86, 68], [58, 75, 87, 83, 69, 82, 84]]
123: [[9, 50, 80, 19, 45, 37, 77], [85, 54, 26, 64, 62, 73, 7], [65, 40, 6, 78, 59, 57, 53], [43, 41, 25, 18, 67, 60, 36], [39, 10, 11, 56, 72, 3, 4, 74], [14, 71, 5, 15, 24, 8, 1, 44], [12, 13, 22, 2, 31, 23, 34, 16], [47, 17, 76, 21, 27, 55, 20, 70], [28, 29, 51, 30, 33, 35, 32], [46, 49, 38, 63, 81, 42, 88], [79, 52, 61, 48, 66, 86, 68], [58, 75, 87, 83, 69, 82, 84]]
124: [[9, 50, 80, 19, 45, 37, 77], [85, 54, 26, 64, 62, 73, 7], [65, 40, 6, 78, 59, 57, 53], [43, 41, 25, 18, 67, 60, 36], [39, 10, 11, 56, 72, 3, 4, 74], [14, 71, 5, 15, 24, 8, 1, 44], [12, 13, 22, 2, 31, 23, 34, 16], [47, 17, 76, 21, 27, 55, 20, 70], [28, 29, 51, 30, 33, 35, 32], [46, 49, 38, 63, 81, 42, 88], [79, 52, 61, 48, 66, 86, 68], [58, 75, 87, 83, 69, 82, 84]]
125: [[9, 50, 80, 19, 45, 37, 77], [85, 54, 26, 64, 62, 73, 7], [65, 40, 6, 78, 59, 57, 53], [43, 41, 25, 18, 67, 60, 36], [39, 10, 11, 56, 72, 3, 4, 74], [14, 71, 5, 15, 24, 8, 1, 44], [12, 13, 22, 2, 31, 23, 34, 16], [47, 17, 76, 21, 27, 55, 20, 70], [28, 29, 51, 30, 33, 35, 32], [46, 49, 38, 63, 81, 42, 88], [79, 52, 61, 48, 66, 86, 68], [58, 75, 87, 83, 69, 82, 84]]
126: [[9, 50, 80, 19, 45, 37, 77], [85, 54, 26, 64, 62, 73, 7], [65, 40, 6, 78, 59, 57, 53], [43, 41, 25, 18, 67, 60, 36], [39, 10, 11, 56, 72, 3, 4, 74], [14, 71, 5, 15, 24, 8, 1, 44], [12, 13, 22, 2, 31, 23, 34, 16], [47, 17, 76, 21, 27, 55, 20, 70], [28, 29, 51, 30, 33, 35, 32], [46, 49, 38, 63, 81, 42, 88], [79, 52, 61, 48, 66, 86, 68], [58, 75, 87, 83, 69, 82, 84]]
127: [[9, 50, 80, 19, 45, 37, 77], [85, 54, 26, 64, 62, 73, 7], [65, 40, 6, 78, 59, 57, 53], [43, 41, 25, 18, 67, 60, 36], [39, 10, 11, 56, 72, 3, 4, 74], [14, 71, 5, 15, 24, 8, 1, 44], [12, 13, 22, 2, 31, 23, 34, 16], [47, 17, 76, 21, 27, 55, 20, 70], [28, 29, 51, 30, 33, 35, 32], [46, 49, 38, 63, 81, 42, 88], [79, 52, 61, 48, 66, 86, 68], [58, 75, 87, 83, 69, 82, 84]]
128: [[9, 50, 80, 19, 45, 37, 77], [85, 54, 26, 64, 62, 73, 7], [65, 40, 6, 78, 59, 57, 53], [43, 41, 25, 18, 67, 60, 36], [39, 10, 11, 56, 72, 3, 4, 74], [14, 71, 5, 15, 24, 8, 1, 44], [12, 13, 22, 2, 31, 23, 34, 16], [47, 17, 76, 21, 27, 55, 20, 70], [28, 29, 51, 30, 33, 35, 32], [46, 49, 38, 63, 81, 42, 88], [79, 52, 61, 48, 66, 86, 68], [58, 75, 87, 83, 69, 82, 84]]
129: [[9, 50, 80, 19, 45, 37, 77], [85, 54, 26, 64, 62, 73, 7], [65, 40, 6, 78, 59, 57, 53], [43, 41, 25, 18, 67, 60, 36], [39, 10, 11, 56, 72, 3, 4, 74], [14, 71, 5, 15, 24, 8, 1, 44], [12, 13, 22, 2, 31, 23, 34, 16], [47, 17, 76, 21, 27, 55, 20, 70], [28, 29, 51, 30, 33, 35, 32], [46, 49, 38, 63, 81, 42, 88], [79, 52, 61, 48, 66, 86, 68], [58, 75, 87, 83, 69, 82, 84]]
130: [[9, 50, 80, 19, 45, 37, 77], [85, 54, 26, 64, 62, 73, 7], [65, 40, 6, 78, 59, 57, 53], [43, 41, 25, 18, 67, 60, 36], [39, 10, 11, 56, 72, 3, 4, 74], [14, 71, 5, 15, 24, 8, 1, 44], [12, 13, 22, 2, 31, 23, 34, 16], [47, 17, 76, 21, 27, 55, 20, 70], [28, 29, 51, 30, 33, 35, 32], [46, 49, 38, 63, 81, 42, 88], [79, 52, 61, 48, 66, 86, 68], [58, 75, 87, 83, 69, 82, 84]]
131: [[9, 50, 80, 19, 45, 37, 77], [85, 54, 26, 64, 62, 73, 7], [65, 40, 6, 78, 59, 57, 53], [43, 41, 25, 18, 67, 60, 36], [39, 10, 11, 56, 72, 3, 4, 74], [14, 71, 5, 15, 24, 8, 1, 44], [12, 13, 22, 2, 31, 23, 34, 16], [47, 17, 76, 21, 27, 55, 20, 70], [28, 29, 51, 30, 33, 35, 32], [46, 49, 38, 63, 81, 42, 88], [79, 52, 61, 48, 66, 86, 68], [58, 75, 87, 83, 69, 82, 84]]
132: [[9, 50, 80, 19, 45, 37, 77], [85, 54, 26, 64, 62, 73, 7], [65, 40, 6, 78, 59, 57, 53], [43, 41, 25, 18, 67, 60, 36], [39, 10, 11, 56, 72, 3, 4, 74], [14, 71, 5, 15, 24, 8, 1, 44], [12, 13, 22, 2, 31, 23, 34, 16], [47, 17, 76, 21, 27, 55, 20, 70], [28, 29, 51, 30, 33, 35, 32], [46, 49, 38, 63, 81, 42, 88], [79, 52, 61, 48, 66, 86, 68], [58, 75, 87, 83, 69, 82, 84]]
133: [[9, 50, 80, 19, 45, 37, 77], [85, 54, 26, 64, 62, 73, 7], [65, 40, 6, 78, 59, 57, 53], [43, 41, 25, 18, 67, 60, 36], [39, 10, 11, 56, 72, 3, 4, 74], [14, 71, 5, 15, 24, 8, 1, 44], [12, 13, 22, 2, 31, 23, 34, 16], [47, 17, 76, 21, 27, 55, 20, 70], [28, 29, 51, 30, 33, 35, 32], [46, 49, 38, 63, 81, 42, 88], [79, 52, 61, 48, 66, 86, 68], [58, 75, 87, 83, 69, 82, 84]]
134: [[9, 50, 80, 19, 45, 37, 77], [85, 54, 26, 64, 62, 73, 7], [65, 40, 6, 78, 59, 57, 53], [43, 41, 25, 18, 67, 60, 36], [39, 10, 11, 56, 72, 3, 4, 74], [14, 71, 5, 15, 24, 8, 1, 44], [12, 13, 22, 2, 31, 23, 34, 16], [47, 17, 76, 21, 27, 55, 20, 70], [28, 29, 51, 30, 33, 35, 32], [46, 49, 38, 63, 81, 42, 88], [79, 52, 61, 48, 66, 86, 68], [58, 75, 87, 83, 69, 82, 84]]
135: [[9, 50, 80, 19, 45, 37, 77], [85, 54, 26, 64, 62, 73, 7], [65, 40, 6, 78, 59, 57, 53], [43, 41, 25, 18, 67, 60, 36], [39, 10, 11, 56, 72, 3, 4, 74], [14, 71, 5, 15, 24, 8, 1, 44], [12, 13, 22, 2, 31, 23, 34, 16], [47, 17, 76, 21, 27, 55, 20, 70], [28, 29, 51, 30, 33, 35, 32], [46, 49, 38, 63, 81, 42, 88], [79, 52, 61, 48, 66, 86, 68], [58, 75, 87, 83, 69, 82, 84]]
136: [[9, 50, 80, 19, 45, 37, 77], [85, 54, 26, 64, 62, 73, 7], [65, 40, 6, 78, 59, 57, 53], [43, 41, 25, 18, 67, 60, 36], [39, 10, 11, 56, 72, 3, 4, 74], [14, 71, 5, 15, 24, 8, 1, 44], [12, 13, 22, 2, 31, 23, 34, 16], [47, 17, 76, 21, 27, 55, 20, 70], [28, 29, 51, 30, 33, 35, 32], [46, 49, 38, 63, 81, 42, 88], [79, 52, 61, 48, 66, 86, 68], [58, 75, 87, 83, 69, 82, 84]]
137: [[9, 50, 80, 19, 45, 37, 77], [85, 54, 26, 64, 62, 73, 7], [65, 40, 6, 78, 59, 57, 53], [43, 41, 25, 18, 67, 60, 36], [39, 10, 11, 56, 72, 3, 4, 74], [14, 71, 5, 15, 24, 8, 1, 44], [12, 13, 22, 2, 31, 23, 34, 16], [47, 17, 76, 21, 27, 55, 20, 70], [28, 29, 51, 30, 33, 35, 32], [46, 49, 38, 63, 81, 42, 88], [79, 52, 61, 48, 66, 86, 68], [58, 75, 87, 83, 69, 82, 84]]
138: [[9, 50, 80, 19, 45, 37, 77], [85, 54, 26, 64, 62, 73, 7], [65, 40, 6, 78, 59, 57, 53], [43, 41, 25, 18, 67, 60, 36], [39, 10, 11, 56, 72, 3, 4, 74], [14, 71, 5, 15, 24, 8, 1, 44], [12, 13, 22, 2, 31, 23, 34, 16], [47, 17, 76, 21, 27, 55, 20, 70], [28, 29, 51, 30, 33, 35, 32], [46, 49, 38, 63, 81, 42, 88], [79, 52, 61, 48, 66, 86, 68], [58, 75, 87, 83, 69, 82, 84]]
139: [[9, 50, 80, 19, 45, 37, 77], [85, 54, 26, 64, 62, 73, 7], [65, 40, 6, 78, 59, 57, 53], [43, 41, 25, 18, 67, 60, 36], [39, 10, 11, 56, 72, 3, 4, 74], [14, 71, 5, 15, 24, 8, 1, 44], [12, 13, 22, 2, 31, 23, 34, 16], [47, 17, 76, 21, 27, 55, 20, 70], [28, 29, 51, 30, 33, 35, 32], [46, 49, 38, 63, 81, 42, 88], [79, 52, 61, 48, 66, 86, 68], [58, 75, 87, 83, 69, 82, 84]]
140: [[9, 50, 80, 19, 45, 37, 77], [85, 54, 26, 64, 62, 73, 7], [65, 40, 6, 78, 59, 57, 53], [43, 41, 25, 18, 67, 60, 36], [39, 10, 11, 56, 72, 3, 4, 74], [14, 71, 5, 15, 24, 8, 1, 44], [12, 13, 22, 2, 31, 23, 34, 16], [47, 17, 76, 21, 27, 55, 20, 70], [28, 29, 51, 30, 33, 35, 32], [46, 49, 38, 63, 81, 42, 88], [79, 52, 61, 48, 66, 86, 68], [58, 75, 87, 83, 69, 82, 84]]
141: [[9, 50, 80, 19, 45, 37, 77], [85, 54, 26, 64, 62, 73, 7], [65, 40, 6, 78, 59, 57, 53], [43, 41, 25, 18, 67, 60, 36], [39, 10, 11, 56, 72, 3, 4, 74], [14, 71, 5, 15, 24, 8, 1, 44], [12, 13, 22, 2, 31, 23, 34, 16], [47, 17, 76, 21, 27, 55, 20, 70], [28, 29, 51, 30, 33, 35, 32], [46, 49, 38, 63, 81, 42, 88], [79, 52, 61, 48, 66, 86, 68], [58, 75, 87, 83, 69, 82, 84]]
142: [[9, 50, 80, 19, 45, 37, 77], [85, 54, 26, 64, 62, 73, 7], [65, 40, 6, 78, 59, 57, 53], [43, 41, 25, 18, 67, 60, 36], [39, 10, 11, 56, 72, 3, 4, 74], [14, 71, 5, 15, 24, 8, 1, 44], [12, 13, 22, 2, 31, 23, 34, 16], [47, 17, 76, 21, 27, 55, 20, 70], [28, 29, 51, 30, 33, 35, 32], [46, 49, 38, 63, 81, 42, 88], [79, 52, 61, 48, 66, 86, 68], [58, 75, 87, 83, 69, 82, 84]]
143: [[9, 50, 80, 19, 45, 37, 77], [85, 54, 26, 64, 62, 73, 7], [65, 40, 6, 78, 59, 57, 53], [43, 41, 25, 18, 67, 60, 36], [39, 10, 11, 56, 72, 3, 4, 74], [14, 71, 5, 15, 24, 8, 1, 44], [12, 13, 22, 2, 31, 23, 34, 16], [47, 17, 76, 21, 27, 55, 20, 70], [28, 29, 51, 30, 33, 35, 32], [46, 49, 38, 63, 81, 42, 88], [79, 52, 61, 48, 66, 86, 68], [58, 75, 87, 83, 69, 82, 84]]
144: [[9, 50, 80, 19, 45, 37, 77], [85, 54, 26, 64, 62, 73, 7], [65, 40, 6, 78, 59, 57, 53], [43, 41, 25, 18, 67, 60, 36], [39, 10, 11, 56, 72, 3, 4, 74], [14, 71, 5, 15, 24, 8, 1, 44], [12, 13, 22, 2, 31, 23, 34, 16], [47, 17, 76, 21, 27, 55, 20, 70], [28, 29, 51, 30, 33, 35, 32], [46, 49, 38, 63, 81, 42, 88], [79, 52, 61, 48, 66, 86, 68], [58, 75, 87, 83, 69, 82, 84]]
145: [[9, 50, 80, 19, 45, 37, 77], [85, 54, 26, 64, 62, 73, 7], [65, 40, 6, 78, 59, 57, 53], [43, 41, 25, 18, 67, 60, 36], [39, 10, 11, 56, 72, 3, 4, 74], [14, 71, 5, 15, 24, 8, 1, 44], [12, 13, 22, 2, 31, 23, 34, 16], [47, 17, 76, 21, 27, 55, 20, 70], [28, 29, 51, 30, 33, 35, 32], [46, 49, 38, 63, 81, 42, 88], [79, 52, 61, 48, 66, 86, 68], [58, 75, 87, 83, 69, 82, 84]]
146: [[9, 50, 80, 19, 45, 37, 77], [85, 54, 26, 64, 62, 73, 7], [65, 40, 6, 78, 59, 57, 53], [43, 41, 25, 18, 67, 60, 36], [39, 10, 11, 56, 72, 3, 4, 74], [14, 71, 5, 15, 24, 8, 1, 44], [12, 13, 22, 2, 31, 23, 34, 16], [47, 17, 76, 21, 27, 55, 20, 70], [28, 29, 51, 30, 33, 35, 32], [46, 49, 38, 63, 81, 42, 88], [79, 52, 61, 48, 66, 86, 68], [58, 75, 87, 83, 69, 82, 84]]
147: [[9, 50, 80, 19, 45, 37, 77], [85, 54, 26, 64, 62, 73, 7], [65, 40, 6, 78, 59, 57, 53], [43, 41, 25, 18, 67, 60, 36], [39, 10, 11, 56, 72, 3, 4, 74], [14, 71, 5, 15, 24, 8, 1, 44], [12, 13, 22, 2, 31, 23, 34, 16], [47, 17, 76, 21, 27, 55, 20, 70], [28, 29, 51, 30, 33, 35, 32], [46, 49, 38, 63, 81, 42, 88], [79, 52, 61, 48, 66, 86, 68], [58, 75, 87, 83, 69, 82, 84]]
148: [[9, 50, 80, 19, 45, 37, 77], [85, 54, 26, 64, 62, 73, 7], [65, 40, 6, 78, 59, 57, 53], [43, 41, 25, 18, 67, 60, 36], [39, 10, 11, 56, 72, 3, 4, 74], [14, 71, 5, 15, 24, 8, 1, 44], [12, 13, 22, 2, 31, 23, 34, 16], [47, 17, 76, 21, 27, 55, 20, 70], [28, 29, 51, 30, 33, 35, 32], [46, 49, 38, 63, 81, 42, 88], [79, 52, 61, 48, 66, 86, 68], [58, 75, 87, 83, 69, 82, 84]]
149: [[9, 50, 80, 19, 45, 37, 77], [85, 54, 26, 64, 62, 73, 7], [65, 40, 6, 78, 59, 57, 53], [43, 41, 25, 18, 67, 60, 36], [39, 10, 11, 56, 72, 3, 4, 74], [14, 71, 5, 15, 24, 8, 1, 44], [12, 13, 22, 2, 31, 23, 34, 16], [47, 17, 76, 21, 27, 55, 20, 70], [28, 29, 51, 30, 33, 35, 32], [46, 49, 38, 63, 81, 42, 88], [79, 52, 61, 48, 66, 86, 68], [58, 75, 87, 83, 69, 82, 84]]
150: [[9, 50, 80, 19, 45, 37, 77], [85, 54, 26, 64, 62, 73, 7], [65, 40, 6, 78, 59, 57, 53], [43, 41, 25, 18, 67, 60, 36], [39, 10, 11, 56, 72, 3, 4, 74], [14, 71, 5, 15, 24, 8, 1, 44], [12, 13, 22, 2, 31, 23, 34, 16], [47, 17, 76, 21, 27, 55, 20, 70], [28, 29, 51, 30, 33, 35, 32], [46, 49, 38, 63, 81, 42, 88], [79, 52, 61, 48, 66, 86, 68], [58, 75, 87, 83, 69, 82, 84]]
151: [[9, 50, 80, 19, 45, 37, 77], [85, 54, 26, 64, 62, 73, 7], [65, 40, 6, 78, 59, 57, 53], [43, 41, 25, 18, 67, 60, 36], [39, 10, 11, 56, 72, 3, 4, 74], [14, 71, 5, 15, 24, 8, 1, 44], [12, 13, 22, 2, 31, 23, 34, 16], [47, 17, 76, 21, 27, 55, 20, 70], [28, 29, 51, 30, 33, 35, 32], [46, 49, 38, 63, 81, 42, 88], [79, 52, 61, 48, 66, 86, 68], [58, 75, 87, 83, 69, 82, 84]]
152: [[9, 50, 80, 19, 45, 37, 77], [85, 54, 26, 64, 62, 73, 7], [65, 40, 6, 78, 59, 57, 53], [43, 41, 25, 18, 67, 60, 36], [39, 10, 11, 56, 72, 3, 4, 74], [14, 71, 5, 15, 24, 8, 1, 44], [12, 13, 22, 2, 31, 23, 34, 16], [47, 17, 76, 21, 27, 55, 20, 70], [28, 29, 51, 30, 33, 35, 32], [46, 49, 38, 63, 81, 42, 88], [79, 52, 61, 48, 66, 86, 68], [58, 75, 87, 83, 69, 82, 84]]
153: [[9, 50, 80, 19, 45, 37, 77], [85, 54, 26, 64, 62, 73, 7], [65, 40, 6, 78, 59, 57, 53], [43, 41, 25, 18, 67, 60, 36], [39, 10, 11, 56, 72, 3, 4, 74], [14, 71, 5, 15, 24, 8, 1, 44], [12, 13, 22, 2, 31, 23, 34, 16], [47, 17, 76, 21, 27, 55, 20, 70], [28, 29, 51, 30, 33, 35, 32], [46, 49, 38, 63, 81, 42, 88], [79, 52, 61, 48, 66, 86, 68], [58, 75, 87, 83, 69, 82, 84]]
154: [[9, 50, 80, 19, 45, 37, 77], [85, 54, 26, 64, 62, 73, 7], [65, 40, 6, 78, 59, 57, 53], [43, 41, 25, 18, 67, 60, 36], [39, 10, 11, 56, 72, 3, 4, 74], [14, 71, 5, 15, 24, 8, 1, 44], [12, 13, 22, 2, 31, 23, 34, 16], [47, 17, 76, 21, 27, 55, 20, 70], [28, 29, 51, 30, 33, 35, 32], [46, 49, 38, 63, 81, 42, 88], [79, 52, 61, 48, 66, 86, 68], [58, 75, 87, 83, 69, 82, 84]]
155: [[9, 50, 80, 19, 45, 37, 77], [85, 54, 26, 64, 62, 73, 7], [65, 40, 6, 78, 59, 57, 53], [43, 41, 25, 18, 67, 60, 36], [39, 10, 11, 56, 72, 3, 4, 74], [14, 71, 5, 15, 24, 8, 1, 44], [12, 13, 22, 2, 31, 23, 34, 16], [47, 17, 76, 21, 27, 55, 20, 70], [28, 29, 51, 30, 33, 35, 32], [46, 49, 38, 63, 81, 42, 88], [79, 52, 61, 48, 66, 86, 68], [58, 75, 87, 83, 69, 82, 84]]
156: [[9, 50, 80, 19, 45, 37, 77], [85, 54, 26, 64, 62, 73, 7], [65, 40, 6, 78, 59, 57, 53], [43, 41, 25, 18, 67, 60, 36], [39, 10, 11, 56, 72, 3, 4, 74], [14, 71, 5, 15, 24, 8, 1, 44], [12, 13, 22, 2, 31, 23, 34, 16], [47, 17, 76, 21, 27, 55, 20, 70], [28, 29, 51, 30, 33, 35, 32], [46, 49, 38, 63, 81, 42, 88], [79, 52, 61, 48, 66, 86, 68], [58, 75, 87, 83, 69, 82, 84]]
157: [[9, 50, 80, 19, 45, 37, 77], [85, 54, 26, 64, 62, 73, 7], [65, 40, 6, 78, 59, 57, 53], [43, 41, 25, 18, 67, 60, 36], [39, 10, 11, 56, 72, 3, 4, 74], [14, 71, 5, 15, 24, 8, 1, 44], [12, 13, 22, 2, 31, 23, 34, 16], [47, 17, 76, 21, 27, 55, 20, 70], [28, 29, 51, 30, 33, 35, 32], [46, 49, 38, 63, 81, 42, 88], [79, 52, 61, 48, 66, 86, 68], [58, 75, 87, 83, 69, 82, 84]]
158: [[9, 50, 80, 19, 45, 37, 77], [85, 54, 26, 64, 62, 73, 7], [65, 40, 6, 78, 59, 57, 53], [43, 41, 25, 18, 67, 60, 36], [39, 10, 11, 56, 72, 3, 4, 74], [14, 71, 5, 15, 24, 8, 1, 44], [12, 13, 22, 2, 31, 23, 34, 16], [47, 17, 76, 21, 27, 55, 20, 70], [28, 29, 51, 30, 33, 35, 32], [46, 49, 38, 63, 81, 42, 88], [79, 52, 61, 48, 66, 86, 68], [58, 75, 87, 83, 69, 82, 84]]
159: [[9, 50, 80, 19, 45, 37, 77], [85, 54, 26, 64, 62, 73, 7], [65, 40, 6, 78, 59, 57, 53], [43, 41, 25, 18, 67, 60, 36], [39, 10, 11, 56, 72, 3, 4, 74], [14, 71, 5, 15, 24, 8, 1, 44], [12, 13, 22, 2, 31, 23, 34, 16], [47, 17, 76, 21, 27, 55, 20, 70], [28, 29, 51, 30, 33, 35, 32], [46, 49, 38, 63, 81, 42, 88], [79, 52, 61, 48, 66, 86, 68], [58, 75, 87, 83, 69, 82, 84]]
160: [[9, 50, 80, 19, 45, 37, 77], [85, 54, 26, 64, 62, 73, 7], [65, 40, 6, 78, 59, 57, 53], [43, 41, 25, 18, 67, 60, 36], [39, 10, 11, 56, 72, 3, 4, 74], [14, 71, 5, 15, 24, 8, 1, 44], [12, 13, 22, 2, 31, 23, 34, 16], [47, 17, 76, 21, 27, 55, 20, 70], [28, 29, 51, 30, 33, 35, 32], [46, 49, 38, 63, 81, 42, 88], [79, 52, 61, 48, 66, 86, 68], [58, 75, 87, 83, 69, 82, 84]]
161: [[9, 50, 80, 19, 45, 37, 77], [85, 54, 26, 64, 62, 73, 7], [65, 40, 6, 78, 59, 57, 53], [43, 41, 25, 18, 67, 60, 36], [39, 10, 11, 56, 72, 3, 4, 74], [14, 71, 5, 15, 24, 8, 1, 44], [12, 13, 22, 2, 31, 23, 34, 16], [47, 17, 76, 21, 27, 55, 20, 70], [28, 29, 51, 30, 33, 35, 32], [46, 49, 38, 63, 81, 42, 88], [79, 52, 61, 48, 66, 86, 68], [58, 75, 87, 83, 69, 82, 84]]
162: [[9, 50, 80, 19, 45, 37, 77], [85, 54, 26, 64, 62, 73, 7], [65, 40, 6, 78, 59, 57, 53], [43, 41, 25, 18, 67, 60, 36], [39, 10, 11, 56, 72, 3, 4, 74], [14, 71, 5, 15, 24, 8, 1, 44], [12, 13, 22, 2, 31, 23, 34, 16], [47, 17, 76, 21, 27, 55, 20, 70], [28, 29, 51, 30, 33, 35, 32], [46, 49, 38, 63, 81, 42, 88], [79, 52, 61, 48, 66, 86, 68], [58, 75, 87, 83, 69, 82, 84]]
163: [[9, 50, 80, 19, 45, 37, 77], [85, 54, 26, 64, 62, 73, 7], [65, 40, 6, 78, 59, 57, 53], [43, 41, 25, 18, 67, 60, 36], [39, 10, 11, 56, 72, 3, 4, 74], [14, 71, 5, 15, 24, 8, 1, 44], [12, 13, 22, 2, 31, 23, 34, 16], [47, 17, 76, 21, 27, 55, 20, 70], [28, 29, 51, 30, 33, 35, 32], [46, 49, 38, 63, 81, 42, 88], [79, 52, 61, 48, 66, 86, 68], [58, 75, 87, 83, 69, 82, 84]]
164: [[9, 50, 80, 19, 45, 37, 77], [85, 54, 26, 64, 62, 73, 7], [65, 40, 6, 78, 59, 57, 53], [43, 41, 25, 18, 67, 60, 36], [39, 10, 11, 56, 72, 3, 4, 74], [14, 71, 5, 15, 24, 8, 1, 44], [12, 13, 22, 2, 31, 23, 34, 16], [47, 17, 76, 21, 27, 55, 20, 70], [28, 29, 51, 30, 33, 35, 32], [46, 49, 38, 63, 81, 42, 88], [79, 52, 61, 48, 66, 86, 68], [58, 75, 87, 83, 69, 82, 84]]
165: [[9, 50, 80, 19, 45, 37, 77], [85, 54, 26, 64, 62, 73, 7], [65, 40, 6, 78, 59, 57, 53], [43, 41, 25, 18, 67, 60, 36], [39, 10, 11, 56, 72, 3, 4, 74], [14, 71, 5, 15, 24, 8, 1, 44], [12, 13, 22, 2, 31, 23, 34, 16], [47, 17, 76, 21, 27, 55, 20, 70], [28, 29, 51, 30, 33, 35, 32], [46, 49, 38, 63, 81, 42, 88], [79, 52, 61, 48, 66, 86, 68], [58, 75, 87, 83, 69, 82, 84]]
166: [[9, 50, 80, 19, 45, 37, 77], [85, 54, 26, 64, 62, 73, 7], [65, 40, 6, 78, 59, 57, 53], [43, 41, 25, 18, 67, 60, 36], [39, 10, 11, 56, 72, 3, 4, 74], [14, 71, 5, 15, 24, 8, 1, 44], [12, 13, 22, 2, 31, 23, 34, 16], [47, 17, 76, 21, 27, 55, 20, 70], [28, 29, 51, 30, 33, 35, 32], [46, 49, 38, 63, 81, 42, 88], [79, 52, 61, 48, 66, 86, 68], [58, 75, 87, 83, 69, 82, 84]]
167: [[9, 50, 80, 19, 45, 37, 77], [85, 54, 26, 64, 62, 73, 7], [65, 40, 6, 78, 59, 57, 53], [43, 41, 25, 18, 67, 60, 36], [39, 10, 11, 56, 72, 3, 4, 74], [14, 71, 5, 15, 24, 8, 1, 44], [12, 13, 22, 2, 31, 23, 34, 16], [47, 17, 76, 21, 27, 55, 20, 70], [28, 29, 51, 30, 33, 35, 32], [46, 49, 38, 63, 81, 42, 88], [79, 52, 61, 48, 66, 86, 68], [58, 75, 87, 83, 69, 82, 84]]
168: [[9, 50, 80, 19, 45, 37, 77], [85, 54, 26, 64, 62, 73, 7], [65, 40, 6, 78, 59, 57, 53], [43, 41, 25, 18, 67, 60, 36], [39, 10, 11, 56, 72, 3, 4, 74], [14, 71, 5, 15, 24, 8, 1, 44], [12, 13, 22, 2, 31, 23, 34, 16], [47, 17, 76, 21, 27, 55, 20, 70], [28, 29, 51, 30, 33, 35, 32], [46, 49, 38, 63, 81, 42, 88], [79, 52, 61, 48, 66, 86, 68], [58, 75, 87, 83, 69, 82, 84]]
169: [[9, 50, 80, 19, 45, 37, 77], [85, 54, 26, 64, 62, 73, 7], [65, 40, 6, 78, 59, 57, 53], [43, 41, 25, 18, 67, 60, 36], [39, 10, 11, 56, 72, 3, 4, 74], [14, 71, 5, 15, 24, 8, 1, 44], [12, 13, 22, 2, 31, 23, 34, 16], [47, 17, 76, 21, 27, 55, 20, 70], [28, 29, 51, 30, 33, 35, 32], [46, 49, 38, 63, 81, 42, 88], [79, 52, 61, 48, 66, 86, 68], [58, 75, 87, 83, 69, 82, 84]]
170: [[9, 50, 80, 19, 45, 37, 77], [85, 54, 26, 64, 62, 73, 7], [65, 40, 6, 78, 59, 57, 53], [43, 41, 25, 18, 67, 60, 36], [39, 10, 11, 56, 72, 3, 4, 74], [14, 71, 5, 15, 24, 8, 1, 44], [12, 13, 22, 2, 31, 23, 34, 16], [47, 17, 76, 21, 27, 55, 20, 70], [28, 29, 51, 30, 33, 35, 32], [46, 49, 38, 63, 81, 42, 88], [79, 52, 61, 48, 66, 86, 68], [58, 75, 87, 83, 69, 82, 84]]
171: [[9, 50, 80, 19, 45, 37, 77], [85, 54, 26, 64, 62, 73, 7], [65, 40, 6, 78, 59, 57, 53], [43, 41, 25, 18, 67, 60, 36], [39, 10, 11, 56, 72, 3, 4, 74], [14, 71, 5, 15, 24, 8, 1, 44], [12, 13, 22, 2, 31, 23, 34, 16], [47, 17, 76, 21, 27, 55, 20, 70], [28, 29, 51, 30, 33, 35, 32], [46, 49, 38, 63, 81, 42, 88], [79, 52, 61, 48, 66, 86, 68], [58, 75, 87, 83, 69, 82, 84]]
172: [[9, 50, 80, 19, 45, 37, 77], [85, 54, 26, 64, 62, 73, 7], [65, 40, 6, 78, 59, 57, 53], [43, 41, 25, 18, 67, 60, 36], [39, 10, 11, 56, 72, 3, 4, 74], [14, 71, 5, 15, 24, 8, 1, 44], [12, 13, 22, 2, 31, 23, 34, 16], [47, 17, 76, 21, 27, 55, 20, 70], [28, 29, 51, 30, 33, 35, 32], [46, 49, 38, 63, 81, 42, 88], [79, 52, 61, 48, 66, 86, 68], [58, 75, 87, 83, 69, 82, 84]]
173: [[9, 50, 80, 19, 45, 37, 77], [85, 54, 26, 64, 62, 73, 7], [65, 40, 6, 78, 59, 57, 53], [43, 41, 25, 18, 67, 60, 36], [39, 10, 11, 56, 72, 3, 4, 74], [14, 71, 5, 15, 24, 8, 1, 44], [12, 13, 22, 2, 31, 23, 34, 16], [47, 17, 76, 21, 27, 55, 20, 70], [28, 29, 51, 30, 33, 35, 32], [46, 49, 38, 63, 81, 42, 88], [79, 52, 61, 48, 66, 86, 68], [58, 75, 87, 83, 69, 82, 84]]
174: [[9, 50, 80, 19, 45, 37, 77], [85, 54, 26, 64, 62, 73, 7], [65, 40, 6, 78, 59, 57, 53], [43, 41, 25, 18, 67, 60, 36], [39, 10, 11, 56, 72, 3, 4, 74], [14, 71, 5, 15, 24, 8, 1, 44], [12, 13, 22, 2, 31, 23, 34, 16], [47, 17, 76, 21, 27, 55, 20, 70], [28, 29, 51, 30, 33, 35, 32], [46, 49, 38, 63, 81, 42, 88], [79, 52, 61, 48, 66, 86, 68], [58, 75, 87, 83, 69, 82, 84]]
175: [[9, 50, 80, 19, 45, 37, 77], [85, 54, 26, 64, 62, 73, 7], [65, 40, 6, 78, 59, 57, 53], [43, 41, 25, 18, 67, 60, 36], [39, 10, 11, 56, 72, 3, 4, 74], [14, 71, 5, 15, 24, 8, 1, 44], [12, 13, 22, 2, 31, 23, 34, 16], [47, 17, 76, 21, 27, 55, 20, 70], [28, 29, 51, 30, 33, 35, 32], [46, 49, 38, 63, 81, 42, 88], [79, 52, 61, 48, 66, 86, 68], [58, 75, 87, 83, 69, 82, 84]]
