0: [[43, 22, 7, 3, 2, 12, 14, 5, 1, 15, 6, 13, 29, 70, 36, 31, 24, 4, 25, 23, 28, 16], [19, 8, 10, 11, 9, 21, 17, 18, 20, 59, 27, 50, 30, 26, 39, 44, 33, 35, 34, 51, 45, 40], [38, 32, 37, 46, 57, 42, 61, 47, 48, 49, 41, 52, 55, 53, 54, 60, 58, 56, 62, 63, 64, 65], [67, 77, 69, 74, 68, 66, 73, 79, 71, 72, 76, 78, 82, 75, 85, 84, 83, 81, 80, 86, 87, 88]]
1: [[43, 22, 7, 3, 2, 12, 14, 5, 1, 15, 6, 13, 29, 70, 36, 31, 24, 4, 25, 23, 28, 16], [19, 8, 10, 11, 9, 21, 17, 18, 20, 59, 27, 50, 30, 26, 39, 44, 33, 35, 34, 51, 45, 40], [38, 32, 37, 46, 57, 42, 61, 47, 48, 49, 41, 52, 55, 53, 54, 60, 58, 56, 62, 63, 64, 65], [67, 77, 69, 74, 68, 66, 73, 79, 71, 72, 76, 78, 82, 75, 85, 84, 83, 81, 80, 86, 87, 88]]
2: [[43, 22, 7, 3, 2, 12, 14, 5, 1, 15, 6, 13, 29, 70, 36, 31, 24, 4, 25, 23, 28, 16], [19, 8, 10, 11, 9, 21, 17, 18, 20, 59, 27, 50, 30, 26, 39, 44, 33, 35, 34, 51, 45, 40], [38, 32, 37, 46, 57, 42, 61, 47, 48, 49, 41, 52, 55, 53, 54, 60, 58, 56, 62, 63, 64, 65], [67, 77, 69, 74, 68, 66, 73, 79, 71, 72, 76, 78, 82, 75, 85, 84, 83, 81, 80, 86, 87, 88]]
3: [[43, 22, 7, 3, 2, 12, 14, 5, 1, 15, 6, 13, 29, 70, 36, 31, 24, 4, 25, 23, 28, 16], [19, 8, 10, 11, 9, 21, 17, 18, 20, 59, 27, 50, 30, 26, 39, 44, 33, 35, 34, 51, 45, 40], [38, 32, 37, 46, 57, 42, 61, 47, 48, 49, 41, 52, 55, 53, 54, 60, 58, 56, 62, 63, 64, 65], [67, 77, 69, 74, 68, 66, 73, 79, 71, 72, 76, 78, 82, 75, 85, 84, 83, 81, 80, 86, 87, 88]]
4: [[43, 22, 7, 3, 2, 12, 14, 5, 1, 15, 6, 13, 29, 70, 36, 31, 24, 4, 25, 23, 28, 16], [19, 8, 10, 11, 9, 21, 17, 18, 20, 59, 27, 50, 30, 26, 39, 44, 33, 35, 34, 51, 45, 40], [38, 32, 37, 46, 57, 42, 61, 47, 48, 49, 41, 52, 55, 53, 54, 60, 58, 56, 62, 63, 64, 65], [67, 77, 69, 74, 68, 66, 73, 79, 71, 72, 76, 78, 82, 75, 85, 84, 83, 81, 80, 86, 87, 88]]
5: [[43, 22, 7, 3, 2, 12, 14, 5, 1, 15, 6, 13, 29, 70, 36, 31, 24, 4, 25, 23, 28, 16], [19, 8, 10, 11, 9, 21, 17, 18, 20, 59, 27, 50, 30, 26, 39, 44, 33, 35, 34, 51, 45, 40], [38, 32, 37, 46, 57, 42, 61, 47, 48, 49, 41, 52, 55, 53, 54, 60, 58, 56, 62, 63, 64, 65], [67, 77, 69, 74, 68, 66, 73, 79, 71, 72, 76, 78, 82, 75, 85, 84, 83, 81, 80, 86, 87, 88]]
6: [[43, 22, 7, 3, 2, 12, 14, 5, 1, 15, 6, 13, 29, 70, 36, 31, 24, 4, 25, 23, 28, 16], [19, 8, 10, 11, 9, 21, 17, 18, 20, 59, 27, 50, 30, 26, 39, 44, 33, 35, 34, 51, 45, 40], [38, 32, 37, 46, 57, 42, 61, 47, 48, 49, 41, 52, 55, 53, 54, 60, 58, 56, 62, 63, 64, 65], [67, 77, 69, 74, 68, 66, 73, 79, 71, 72, 76, 78, 82, 75, 85, 84, 83, 81, 80, 86, 87, 88]]
7: [[43, 22, 7, 3, 2, 12, 14, 5, 1, 15, 6, 13, 29, 70, 36, 31, 24, 4, 25, 23, 28, 16], [19, 8, 10, 11, 9, 21, 17, 18, 20, 59, 27, 50, 30, 26, 39, 44, 33, 35, 34, 51, 45, 40], [38, 32, 37, 46, 57, 42, 61, 47, 48, 49, 41, 52, 55, 53, 54, 60, 58, 56, 62, 63, 64, 65], [67, 77, 69, 74, 68, 66, 73, 79, 71, 72, 76, 78, 82, 75, 85, 84, 83, 81, 80, 86, 87, 88]]
8: [[43, 22, 7, 3, 2, 12, 14, 5, 1, 15, 6, 13, 29, 70, 36, 31, 24, 4, 25, 23, 28, 16], [19, 8, 10, 11, 9, 21, 17, 18, 20, 59, 27, 50, 30, 26, 39, 44, 33, 35, 34, 51, 45, 40], [38, 32, 37, 46, 57, 42, 61, 47, 48, 49, 41, 52, 55, 53, 54, 60, 58, 56, 62, 63, 64, 65], [67, 77, 69, 74, 68, 66, 73, 79, 71, 72, 76, 78, 82, 75, 85, 84, 83, 81, 80, 86, 87, 88]]
9: [[43, 22, 7, 3, 2, 12, 14, 5, 1, 15, 6, 13, 29, 70, 36, 31, 24, 4, 25, 23, 28, 16], [19, 8, 10, 11, 9, 21, 17, 18, 20, 59, 27, 50, 30, 26, 39, 44, 33, 35, 34, 51, 45, 40], [38, 32, 37, 46, 57, 42, 61, 47, 48, 49, 41, 52, 55, 53, 54, 60, 58, 56, 62, 63, 64, 65], [67, 77, 69, 74, 68, 66, 73, 79, 71, 72, 76, 78, 82, 75, 85, 84, 83, 81, 80, 86, 87, 88]]
10: [[43, 22, 7, 3, 2, 12, 14, 5, 1, 15, 6, 13, 29, 70, 36, 31, 24, 4, 25, 23, 28, 16], [19, 8, 10, 11, 9, 21, 17, 18, 20, 59, 27, 50, 30, 26, 39, 44, 33, 35, 34, 51, 45, 40], [38, 32, 37, 46, 57, 42, 61, 47, 48, 49, 41, 52, 55, 53, 54, 60, 58, 56, 62, 63, 64, 65], [67, 77, 69, 74, 68, 66, 73, 79, 71, 72, 76, 78, 82, 75, 85, 84, 83, 81, 80, 86, 87, 88]]
11: [[43, 22, 7, 3, 2, 12, 14, 5, 1, 15, 6, 13, 29, 70, 36, 31, 24, 4, 25, 23, 28, 16], [19, 8, 10, 11, 9, 21, 17, 18, 20, 59, 27, 50, 30, 26, 39, 44, 33, 35, 34, 51, 45, 40], [38, 32, 37, 46, 57, 42, 61, 47, 48, 49, 41, 52, 55, 53, 54, 60, 58, 56, 62, 63, 64, 65], [67, 77, 69, 74, 68, 66, 73, 79, 71, 72, 76, 78, 82, 75, 85, 84, 83, 81, 80, 86, 87, 88]]
12: [[43, 22, 7, 3, 2, 12, 14, 5, 1, 15, 6, 13, 29, 70, 36, 31, 24, 4, 25, 23, 28, 16], [19, 8, 10, 11, 9, 21, 17, 18, 20, 59, 27, 50, 30, 26, 39, 44, 33, 35, 34, 51, 45, 40], [38, 32, 37, 46, 57, 42, 61, 47, 48, 49, 41, 52, 55, 53, 54, 60, 58, 56, 62, 63, 64, 65], [67, 77, 69, 74, 68, 66, 73, 79, 71, 72, 76, 78, 82, 75, 85, 84, 83, 81, 80, 86, 87, 88]]
13: [[43, 22, 7, 3, 2, 12, 14, 5, 1, 15, 6, 13, 29, 70, 36, 31, 24, 4, 25, 23, 28, 16], [19, 8, 10, 11, 9, 21, 17, 18, 20, 59, 27, 50, 30, 26, 39, 44, 33, 35, 34, 51, 45, 40], [38, 32, 37, 46, 57, 42, 61, 47, 48, 49, 41, 52, 55, 53, 54, 60, 58, 56, 62, 63, 64, 65], [67, 77, 69, 74, 68, 66, 73, 79, 71, 72, 76, 78, 82, 75, 85, 84, 83, 81, 80, 86, 87, 88]]
14: [[43, 22, 7, 3, 2, 12, 14, 5, 1, 15, 6, 13, 29, 70, 36, 31, 24, 4, 25, 23, 28, 16], [19, 8, 10, 11, 9, 21, 17, 18, 20, 59, 27, 50, 30, 26, 39, 44, 33, 35, 34, 51, 45, 40], [38, 32, 37, 46, 57, 42, 61, 47, 48, 49, 41, 52, 55, 53, 54, 60, 58, 56, 62, 63, 64, 65], [67, 77, 69, 74, 68, 66, 73, 79, 71, 72, 76, 78, 82, 75, 85, 84, 83, 81, 80, 86, 87, 88]]
15: [[43, 22, 7, 3, 2, 12, 14, 5, 1, 15, 6, 13, 29, 70, 36, 31, 24, 4, 25, 23, 28, 16], [19, 8, 10, 11, 9, 21, 17, 18, 20, 59, 27, 50, 30, 26, 39, 44, 33, 35, 34, 51, 45, 40], [38, 32, 37, 46, 57, 42, 61, 47, 48, 49, 41, 52, 55, 53, 54, 60, 58, 56, 62, 63, 64, 65], [67, 77, 69, 74, 68, 66, 73, 79, 71, 72, 76, 78, 82, 75, 85, 84, 83, 81, 80, 86, 87, 88]]
16: [[43, 22, 7, 3, 2, 12, 14, 5, 1, 15, 6, 13, 29, 70, 36, 31, 24, 4, 25, 23, 28, 16], [19, 8, 10, 11, 9, 21, 17, 18, 20, 59, 27, 50, 30, 26, 39, 44, 33, 35, 34, 51, 45, 40], [38, 32, 37, 46, 57, 42, 61, 47, 48, 49, 41, 52, 55, 53, 54, 60, 58, 56, 62, 63, 64, 65], [67, 77, 69, 74, 68, 66, 73, 79, 71, 72, 76, 78, 82, 75, 85, 84, 83, 81, 80, 86, 87, 88]]
17: [[43, 22, 7, 3, 2, 12, 14, 5, 1, 15, 6, 13, 29, 70, 36, 31, 24, 4, 25, 23, 28, 16], [19, 8, 10, 11, 9, 21, 17, 18, 20, 59, 27, 50, 30, 26, 39, 44, 33, 35, 34, 51, 45, 40], [38, 32, 37, 46, 57, 42, 61, 47, 48, 49, 41, 52, 55, 53, 54, 60, 58, 56, 62, 63, 64, 65], [67, 77, 69, 74, 68, 66, 73, 79, 71, 72, 76, 78, 82, 75, 85, 84, 83, 81, 80, 86, 87, 88]]
18: [[43, 22, 7, 3, 2, 12, 14, 5, 1, 15, 6, 13, 29, 70, 36, 31, 24, 4, 25, 23, 28, 16], [19, 8, 10, 11, 9, 21, 17, 18, 20, 59, 27, 50, 30, 26, 39, 44, 33, 35, 34, 51, 45, 40], [38, 32, 37, 46, 57, 42, 61, 47, 48, 49, 41, 52, 55, 53, 54, 60, 58, 56, 62, 63, 64, 65], [67, 77, 69, 74, 68, 66, 73, 79, 71, 72, 76, 78, 82, 75, 85, 84, 83, 81, 80, 86, 87, 88]]
19: [[43, 22, 7, 3, 2, 12, 14, 5, 1, 15, 6, 13, 29, 70, 36, 31, 24, 4, 25, 23, 28, 16], [19, 8, 10, 11, 9, 21, 17, 18, 20, 59, 27, 50, 30, 26, 39, 44, 33, 35, 34, 51, 45, 40], [38, 32, 37, 46, 57, 42, 61, 47, 48, 49, 41, 52, 55, 53, 54, 60, 58, 56, 62, 63, 64, 65], [67, 77, 69, 74, 68, 66, 73, 79, 71, 72, 76, 78, 82, 75, 85, 84, 83, 81, 80, 86, 87, 88]]
20: [[43, 22, 7, 3, 2, 12, 14, 5, 1, 15, 6, 13, 29, 70, 36, 31, 24, 4, 25, 23, 28, 16], [19, 8, 10, 11, 9, 21, 17, 18, 20, 59, 27, 50, 30, 26, 39, 44, 33, 35, 34, 51, 45, 40], [38, 32, 37, 46, 57, 42, 61, 47, 48, 49, 41, 52, 55, 53, 54, 60, 58, 56, 62, 63, 64, 65], [67, 77, 69, 74, 68, 66, 73, 79, 71, 72, 76, 78, 82, 75, 85, 84, 83, 81, 80, 86, 87, 88]]
21: [[43, 22, 7, 3, 2, 12, 14, 5, 1, 15, 6, 13, 29, 70, 36, 31, 24, 4, 25, 23, 28, 16], [19, 8, 10, 11, 9, 21, 17, 18, 20, 59, 27, 50, 30, 26, 39, 44, 33, 35, 34, 51, 45, 40], [38, 32, 37, 46, 57, 42, 61, 47, 48, 49, 41, 52, 55, 53, 54, 60, 58, 56, 62, 63, 64, 65], [67, 77, 69, 74, 68, 66, 73, 79, 71, 72, 76, 78, 82, 75, 85, 84, 83, 81, 80, 86, 87, 88]]
22: [[43, 22, 7, 3, 2, 12, 14, 5, 1, 15, 6, 13, 29, 70, 36, 31, 24, 4, 25, 23, 28, 16], [19, 8, 10, 11, 9, 21, 17, 18, 20, 59, 27, 50, 30, 26, 39, 44, 33, 35, 34, 51, 45, 40], [38, 32, 37, 46, 57, 42, 61, 47, 48, 49, 41, 52, 55, 53, 54, 60, 58, 56, 62, 63, 64, 65], [67, 77, 69, 74, 68, 66, 73, 79, 71, 72, 76, 78, 82, 75, 85, 84, 83, 81, 80, 86, 87, 88]]
23: [[43, 22, 7, 3, 2, 12, 14, 5, 1, 15, 6, 13, 29, 70, 36, 31, 24, 4, 25, 23, 28, 16], [19, 8, 10, 11, 9, 21, 17, 18, 20, 59, 27, 50, 30, 26, 39, 44, 33, 35, 34, 51, 45, 40], [38, 32, 37, 46, 57, 42, 61, 47, 48, 49, 41, 52, 55, 53, 54, 60, 58, 56, 62, 63, 64, 65], [67, 77, 69, 74, 68, 66, 73, 79, 71, 72, 76, 78, 82, 75, 85, 84, 83, 81, 80, 86, 87, 88]]
24: [[43, 22, 7, 3, 2, 12, 14, 5, 1, 15, 6, 13, 29, 70, 36, 31, 24, 4, 25, 23, 28, 16], [19, 8, 10, 11, 9, 21, 17, 18, 20, 59, 27, 50, 30, 26, 39, 44, 33, 35, 34, 51, 45, 40], [38, 32, 37, 46, 57, 42, 61, 47, 48, 49, 41, 52, 55, 53, 54, 60, 58, 56, 62, 63, 64, 65], [67, 77, 69, 74, 68, 66, 73, 79, 71, 72, 76, 78, 82, 75, 85, 84, 83, 81, 80, 86, 87, 88]]
25: [[43, 22, 7, 3, 2, 12, 14, 5, 1, 15, 6, 13, 29, 70, 36, 31, 24, 4, 25, 23, 28, 16], [19, 8, 10, 11, 9, 21, 17, 18, 20, 59, 27, 50, 30, 26, 39, 44, 33, 35, 34, 51, 45, 40], [38, 32, 37, 46, 57, 42, 61, 47, 48, 49, 41, 52, 55, 53, 54, 60, 58, 56, 62, 63, 64, 65], [67, 77, 69, 74, 68, 66, 73, 79, 71, 72, 76, 78, 82, 75, 85, 84, 83, 81, 80, 86, 87, 88]]
26: [[43, 22, 7, 3, 2, 12, 14, 5, 1, 15, 6, 13, 29, 70, 36, 31, 24, 4, 25, 23, 28, 16], [19, 8, 10, 11, 9, 21, 17, 18, 20, 59, 27, 50, 30, 26, 39, 44, 33, 35, 34, 51, 45, 40], [38, 32, 37, 46, 57, 42, 61, 47, 48, 49, 41, 52, 55, 53, 54, 60, 58, 56, 62, 63, 64, 65], [67, 77, 69, 74, 68, 66, 73, 79, 71, 72, 76, 78, 82, 75, 85, 84, 83, 81, 80, 86, 87, 88]]
27: [[43, 22, 7, 3, 2, 12, 14, 5, 1, 15, 6, 13, 29, 70, 36, 31, 24, 4, 25, 23, 28, 16], [19, 8, 10, 11, 9, 21, 17, 18, 20, 59, 27, 50, 30, 26, 39, 44, 33, 35, 34, 51, 45, 40], [38, 32, 37, 46, 57, 42, 61, 47, 48, 49, 41, 52, 55, 53, 54, 60, 58, 56, 62, 63, 64, 65], [67, 77, 69, 74, 68, 66, 73, 79, 71, 72, 76, 78, 82, 75, 85, 84, 83, 81, 80, 86, 87, 88]]
28: [[43, 22, 7, 3, 2, 12, 14, 5, 1, 15, 6, 13, 29, 70, 36, 31, 24, 4, 25, 23, 28, 16], [19, 8, 10, 11, 9, 21, 17, 18, 20, 59, 27, 50, 30, 26, 39, 44, 33, 35, 34, 51, 45, 40], [38, 32, 37, 46, 57, 42, 61, 47, 48, 49, 41, 52, 55, 53, 54, 60, 58, 56, 62, 63, 64, 65], [67, 77, 69, 74, 68, 66, 73, 79, 71, 72, 76, 78, 82, 75, 85, 84, 83, 81, 80, 86, 87, 88]]
29: [[43, 22, 7, 3, 2, 12, 14, 5, 1, 15, 6, 13, 29, 70, 36, 31, 24, 4, 25, 23, 28, 16], [19, 8, 10, 11, 9, 21, 17, 18, 20, 59, 27, 50, 30, 26, 39, 44, 33, 35, 34, 51, 45, 40], [38, 32, 37, 46, 57, 42, 61, 47, 48, 49, 41, 52, 55, 53, 54, 60, 58, 56, 62, 63, 64, 65], [67, 77, 69, 74, 68, 66, 73, 79, 71, 72, 76, 78, 82, 75, 85, 84, 83, 81, 80, 86, 87, 88]]
30: [[43, 22, 7, 3, 2, 12, 14, 5, 1, 15, 6, 13, 29, 70, 36, 31, 24, 4, 25, 23, 28, 16], [19, 8, 10, 11, 9, 21, 17, 18, 20, 59, 27, 50, 30, 26, 39, 44, 33, 35, 34, 51, 45, 40], [38, 32, 37, 46, 57, 42, 61, 47, 48, 49, 41, 52, 55, 53, 54, 60, 58, 56, 62, 63, 64, 65], [67, 77, 69, 74, 68, 66, 73, 79, 71, 72, 76, 78, 82, 75, 85, 84, 83, 81, 80, 86, 87, 88]]
31: [[43, 22, 7, 3, 2, 12, 14, 5, 1, 15, 6, 13, 29, 70, 36, 31, 24, 4, 25, 23, 28, 16], [19, 8, 10, 11, 9, 21, 17, 18, 20, 59, 27, 50, 30, 26, 39, 44, 33, 35, 34, 51, 45, 40], [38, 32, 37, 46, 57, 42, 61, 47, 48, 49, 41, 52, 55, 53, 54, 60, 58, 56, 62, 63, 64, 65], [67, 77, 69, 74, 68, 66, 73, 79, 71, 72, 76, 78, 82, 75, 85, 84, 83, 81, 80, 86, 87, 88]]
32: [[43, 22, 7, 3, 2, 12, 14, 5, 1, 15, 6, 13, 29, 70, 36, 31, 24, 4, 25, 23, 28, 16], [19, 8, 10, 11, 9, 21, 17, 18, 20, 59, 27, 50, 30, 26, 39, 44, 33, 35, 34, 51, 45, 40], [38, 32, 37, 46, 57, 42, 61, 47, 48, 49, 41, 52, 55, 53, 54, 60, 58, 56, 62, 63, 64, 65], [67, 77, 69, 74, 68, 66, 73, 79, 71, 72, 76, 78, 82, 75, 85, 84, 83, 81, 80, 86, 87, 88]]
33: [[43, 22, 7, 3, 2, 12, 14, 5, 1, 15, 6, 13, 29, 70, 36, 31, 24, 4, 25, 23, 28, 16], [19, 8, 10, 11, 9, 21, 17, 18, 20, 59, 27, 50, 30, 26, 39, 44, 33, 35, 34, 51, 45, 40], [38, 32, 37, 46, 57, 42, 61, 47, 48, 49, 41, 52, 55, 53, 54, 60, 58, 56, 62, 63, 64, 65], [67, 77, 69, 74, 68, 66, 73, 79, 71, 72, 76, 78, 82, 75, 85, 84, 83, 81, 80, 86, 87, 88]]
34: [[43, 22, 7, 3, 2, 12, 14, 5, 1, 15, 6, 13, 29, 70, 36, 31, 24, 4, 25, 23, 28, 16], [19, 8, 10, 11, 9, 21, 17, 18, 20, 59, 27, 50, 30, 26, 39, 44, 33, 35, 34, 51, 45, 40], [38, 32, 37, 46, 57, 42, 61, 47, 48, 49, 41, 52, 55, 53, 54, 60, 58, 56, 62, 63, 64, 65], [67, 77, 69, 74, 68, 66, 73, 79, 71, 72, 76, 78, 82, 75, 85, 84, 83, 81, 80, 86, 87, 88]]
35: [[43, 22, 7, 3, 2, 12, 14, 5, 1, 15, 6, 13, 29, 70, 36, 31, 24, 4, 25, 23, 28, 16], [19, 8, 10, 11, 9, 21, 17, 18, 20, 59, 27, 50, 30, 26, 39, 44, 33, 35, 34, 51, 45, 40], [38, 32, 37, 46, 57, 42, 61, 47, 48, 49, 41, 52, 55, 53, 54, 60, 58, 56, 62, 63, 64, 65], [67, 77, 69, 74, 68, 66, 73, 79, 71, 72, 76, 78, 82, 75, 85, 84, 83, 81, 80, 86, 87, 88]]
36: [[43, 22, 7, 3, 2, 12, 14, 5, 1, 15, 6, 13, 29, 70, 36, 31, 24, 4, 25, 23, 28, 16], [19, 8, 10, 11, 9, 21, 17, 18, 20, 59, 27, 50, 30, 26, 39, 44, 33, 35, 34, 51, 45, 40], [38, 32, 37, 46, 57, 42, 61, 47, 48, 49, 41, 52, 55, 53, 54, 60, 58, 56, 62, 63, 64, 65], [67, 77, 69, 74, 68, 66, 73, 79, 71, 72, 76, 78, 82, 75, 85, 84, 83, 81, 80, 86, 87, 88]]
37: [[43, 22, 7, 3, 2, 12, 14, 5, 1, 15, 6, 13, 29, 70, 36, 31, 24, 4, 25, 23, 28, 16], [19, 8, 10, 11, 9, 21, 17, 18, 20, 59, 27, 50, 30, 26, 39, 44, 33, 35, 34, 51, 45, 40], [38, 32, 37, 46, 57, 42, 61, 47, 48, 49, 41, 52, 55, 53, 54, 60, 58, 56, 62, 63, 64, 65], [67, 77, 69, 74, 68, 66, 73, 79, 71, 72, 76, 78, 82, 75, 85, 84, 83, 81, 80, 86, 87, 88]]
38: [[43, 22, 7, 3, 2, 12, 14, 5, 1, 15, 6, 13, 29, 70, 36, 31, 24, 4, 25, 23, 28, 16], [19, 8, 10, 11, 9, 21, 17, 18, 20, 59, 27, 50, 30, 26, 39, 44, 33, 35, 34, 51, 45, 40], [38, 32, 37, 46, 57, 42, 61, 47, 48, 49, 41, 52, 55, 53, 54, 60, 58, 56, 62, 63, 64, 65], [67, 77, 69, 74, 68, 66, 73, 79, 71, 72, 76, 78, 82, 75, 85, 84, 83, 81, 80, 86, 87, 88]]
39: [[43, 22, 7, 3, 2, 12, 14, 5, 1, 15, 6, 13, 29, 70, 36, 31, 24, 4, 25, 23, 28, 16], [19, 8, 10, 11, 9, 21, 17, 18, 20, 59, 27, 50, 30, 26, 39, 44, 33, 35, 34, 51, 45, 40], [38, 32, 37, 46, 57, 42, 61, 47, 48, 49, 41, 52, 55, 53, 54, 60, 58, 56, 62, 63, 64, 65], [67, 77, 69, 74, 68, 66, 73, 79, 71, 72, 76, 78, 82, 75, 85, 84, 83, 81, 80, 86, 87, 88]]
40: [[43, 22, 7, 3, 2, 12, 14, 5, 1, 15, 6, 13, 29, 70, 36, 31, 24, 4, 25, 23, 28, 16], [19, 8, 10, 11, 9, 21, 17, 18, 20, 59, 27, 50, 30, 26, 39, 44, 33, 35, 34, 51, 45, 40], [38, 32, 37, 46, 57, 42, 61, 47, 48, 49, 41, 52, 55, 53, 54, 60, 58, 56, 62, 63, 64, 65], [67, 77, 69, 74, 68, 66, 73, 79, 71, 72, 76, 78, 82, 75, 85, 84, 83, 81, 80, 86, 87, 88]]
41: [[43, 22, 7, 3, 2, 12, 14, 5, 1, 15, 6, 13, 29, 70, 36, 31, 24, 4, 25, 23, 28, 16], [19, 8, 10, 11, 9, 21, 17, 18, 20, 59, 27, 50, 30, 26, 39, 44, 33, 35, 34, 51, 45, 40], [38, 32, 37, 46, 57, 42, 61, 47, 48, 49, 41, 52, 55, 53, 54, 60, 58, 56, 62, 63, 64, 65], [67, 77, 69, 74, 68, 66, 73, 79, 71, 72, 76, 78, 82, 75, 85, 84, 83, 81, 80, 86, 87, 88]]
42: [[43, 22, 7, 3, 2, 12, 14, 5, 1, 15, 6, 13, 29, 70, 36, 31, 24, 4, 25, 23, 28, 16], [19, 8, 10, 11, 9, 21, 17, 18, 20, 59, 27, 50, 30, 26, 39, 44, 33, 35, 34, 51, 45, 40], [38, 32, 37, 46, 57, 42, 61, 47, 48, 49, 41, 52, 55, 53, 54, 60, 58, 56, 62, 63, 64, 65], [67, 77, 69, 74, 68, 66, 73, 79, 71, 72, 76, 78, 82, 75, 85, 84, 83, 81, 80, 86, 87, 88]]
43: [[43, 22, 7, 3, 2, 12, 14, 5, 1, 15, 6, 13, 29, 70, 36, 31, 24, 4, 25, 23, 28, 16], [19, 8, 10, 11, 9, 21, 17, 18, 20, 59, 27, 50, 30, 26, 39, 44, 33, 35, 34, 51, 45, 40], [38, 32, 37, 46, 57, 42, 61, 47, 48, 49, 41, 52, 55, 53, 54, 60, 58, 56, 62, 63, 64, 65], [67, 77, 69, 74, 68, 66, 73, 79, 71, 72, 76, 78, 82, 75, 85, 84, 83, 81, 80, 86, 87, 88]]
44: [[43, 22, 7, 3, 2, 12, 14, 5, 1, 15, 6, 13, 29, 70, 36, 31, 24, 4, 25, 23, 28, 16], [19, 8, 10, 11, 9, 21, 17, 18, 20, 59, 27, 50, 30, 26, 39, 44, 33, 35, 34, 51, 45, 40], [38, 32, 37, 46, 57, 42, 61, 47, 48, 49, 41, 52, 55, 53, 54, 60, 58, 56, 62, 63, 64, 65], [67, 77, 69, 74, 68, 66, 73, 79, 71, 72, 76, 78, 82, 75, 85, 84, 83, 81, 80, 86, 87, 88]]
45: [[43, 22, 7, 3, 2, 12, 14, 5, 1, 15, 6, 13, 29, 70, 36, 31, 24, 4, 25, 23, 28, 16], [19, 8, 10, 11, 9, 21, 17, 18, 20, 59, 27, 50, 30, 26, 39, 44, 33, 35, 34, 51, 45, 40], [38, 32, 37, 46, 57, 42, 61, 47, 48, 49, 41, 52, 55, 53, 54, 60, 58, 56, 62, 63, 64, 65], [67, 77, 69, 74, 68, 66, 73, 79, 71, 72, 76, 78, 82, 75, 85, 84, 83, 81, 80, 86, 87, 88]]
46: [[43, 22, 7, 3, 2, 12, 14, 5, 1, 15, 6, 13, 29, 70, 36, 31, 24, 4, 25, 23, 28, 16], [19, 8, 10, 11, 9, 21, 17, 18, 20, 59, 27, 50, 30, 26, 39, 44, 33, 35, 34, 51, 45, 40], [38, 32, 37, 46, 57, 42, 61, 47, 48, 49, 41, 52, 55, 53, 54, 60, 58, 56, 62, 63, 64, 65], [67, 77, 69, 74, 68, 66, 73, 79, 71, 72, 76, 78, 82, 75, 85, 84, 83, 81, 80, 86, 87, 88]]
47: [[43, 22, 7, 3, 2, 12, 14, 5, 1, 15, 6, 13, 29, 70, 36, 31, 24, 4, 25, 23, 28, 16], [19, 8, 10, 11, 9, 21, 17, 18, 20, 59, 27, 50, 30, 26, 39, 44, 33, 35, 34, 51, 45, 40], [38, 32, 37, 46, 57, 42, 61, 47, 48, 49, 41, 52, 55, 53, 54, 60, 58, 56, 62, 63, 64, 65], [67, 77, 69, 74, 68, 66, 73, 79, 71, 72, 76, 78, 82, 75, 85, 84, 83, 81, 80, 86, 87, 88]]
48: [[43, 22, 7, 3, 2, 12, 14, 5, 1, 15, 6, 13, 29, 70, 36, 31, 24, 4, 25, 23, 28, 16], [19, 8, 10, 11, 9, 21, 17, 18, 20, 59, 27, 50, 30, 26, 39, 44, 33, 35, 34, 51, 45, 40], [38, 32, 37, 46, 57, 42, 61, 47, 48, 49, 41, 52, 55, 53, 54, 60, 58, 56, 62, 63, 64, 65], [67, 77, 69, 74, 68, 66, 73, 79, 71, 72, 76, 78, 82, 75, 85, 84, 83, 81, 80, 86, 87, 88]]
49: [[43, 22, 7, 3, 2, 12, 14, 5, 1, 15, 6, 13, 29, 70, 36, 31, 24, 4, 25, 23, 28, 16], [19, 8, 10, 11, 9, 21, 17, 18, 20, 59, 27, 50, 30, 26, 39, 44, 33, 35, 34, 51, 45, 40], [38, 32, 37, 46, 57, 42, 61, 47, 48, 49, 41, 52, 55, 53, 54, 60, 58, 56, 62, 63, 64, 65], [67, 77, 69, 74, 68, 66, 73, 79, 71, 72, 76, 78, 82, 75, 85, 84, 83, 81, 80, 86, 87, 88]]
50: [[43, 22, 7, 3, 2, 12, 14, 5, 1, 15, 6, 13, 29, 70, 36, 31, 24, 4, 25, 23, 28, 16], [19, 8, 10, 11, 9, 21, 17, 18, 20, 59, 27, 50, 30, 26, 39, 44, 33, 35, 34, 51, 45, 40], [38, 32, 37, 46, 57, 42, 61, 47, 48, 49, 41, 52, 55, 53, 54, 60, 58, 56, 62, 63, 64, 65], [67, 77, 69, 74, 68, 66, 73, 79, 71, 72, 76, 78, 82, 75, 85, 84, 83, 81, 80, 86, 87, 88]]
51: [[43, 22, 7, 3, 2, 12, 14, 5, 1, 15, 6, 13, 29, 70, 36, 31, 24, 4, 25, 23, 28, 16], [19, 8, 10, 11, 9, 21, 17, 18, 20, 59, 27, 50, 30, 26, 39, 44, 33, 35, 34, 51, 45, 40], [38, 32, 37, 46, 57, 42, 61, 47, 48, 49, 41, 52, 55, 53, 54, 60, 58, 56, 62, 63, 64, 65], [67, 77, 69, 74, 68, 66, 73, 79, 71, 72, 76, 78, 82, 75, 85, 84, 83, 81, 80, 86, 87, 88]]
52: [[43, 22, 7, 3, 2, 12, 14, 5, 1, 15, 6, 13, 29, 70, 36, 31, 24, 4, 25, 23, 28, 16], [19, 8, 10, 11, 9, 21, 17, 18, 20, 59, 27, 50, 30, 26, 39, 44, 33, 35, 34, 51, 45, 40], [38, 32, 37, 46, 57, 42, 61, 47, 48, 49, 41, 52, 55, 53, 54, 60, 58, 56, 62, 63, 64, 65], [67, 77, 69, 74, 68, 66, 73, 79, 71, 72, 76, 78, 82, 75, 85, 84, 83, 81, 80, 86, 87, 88]]
53: [[43, 22, 7, 3, 2, 12, 14, 5, 1, 15, 6, 13, 29, 70, 36, 31, 24, 4, 25, 23, 28, 16], [19, 8, 10, 11, 9, 21, 17, 18, 20, 59, 27, 50, 30, 26, 39, 44, 33, 35, 34, 51, 45, 40], [38, 32, 37, 46, 57, 42, 61, 47, 48, 49, 41, 52, 55, 53, 54, 60, 58, 56, 62, 63, 64, 65], [67, 77, 69, 74, 68, 66, 73, 79, 71, 72, 76, 78, 82, 75, 85, 84, 83, 81, 80, 86, 87, 88]]
54: [[43, 22, 7, 3, 2, 12, 14, 5, 1, 15, 6, 13, 29, 70, 36, 31, 24, 4, 25, 23, 28, 16], [19, 8, 10, 11, 9, 21, 17, 18, 20, 59, 27, 50, 30, 26, 39, 44, 33, 35, 34, 51, 45, 40], [38, 32, 37, 46, 57, 42, 61, 47, 48, 49, 41, 52, 55, 53, 54, 60, 58, 56, 62, 63, 64, 65], [67, 77, 69, 74, 68, 66, 73, 79, 71, 72, 76, 78, 82, 75, 85, 84, 83, 81, 80, 86, 87, 88]]
55: [[43, 22, 7, 3, 2, 12, 14, 5, 1, 15, 6, 13, 29, 70, 36, 31, 24, 4, 25, 23, 28, 16], [19, 8, 10, 11, 9, 21, 17, 18, 20, 59, 27, 50, 30, 26, 39, 44, 33, 35, 34, 51, 45, 40], [38, 32, 37, 46, 57, 42, 61, 47, 48, 49, 41, 52, 55, 53, 54, 60, 58, 56, 62, 63, 64, 65], [67, 77, 69, 74, 68, 66, 73, 79, 71, 72, 76, 78, 82, 75, 85, 84, 83, 81, 80, 86, 87, 88]]
56: [[43, 22, 7, 3, 2, 12, 14, 5, 1, 15, 6, 13, 29, 70, 36, 31, 24, 4, 25, 23, 28, 16], [19, 8, 10, 11, 9, 21, 17, 18, 20, 59, 27, 50, 30, 26, 39, 44, 33, 35, 34, 51, 45, 40], [38, 32, 37, 46, 57, 42, 61, 47, 48, 49, 41, 52, 55, 53, 54, 60, 58, 56, 62, 63, 64, 65], [67, 77, 69, 74, 68, 66, 73, 79, 71, 72, 76, 78, 82, 75, 85, 84, 83, 81, 80, 86, 87, 88]]
57: [[43, 22, 7, 3, 2, 12, 14, 5, 1, 15, 6, 13, 29, 70, 36, 31, 24, 4, 25, 23, 28, 16], [19, 8, 10, 11, 9, 21, 17, 18, 20, 59, 27, 50, 30, 26, 39, 44, 33, 35, 34, 51, 45, 40], [38, 32, 37, 46, 57, 42, 61, 47, 48, 49, 41, 52, 55, 53, 54, 60, 58, 56, 62, 63, 64, 65], [67, 77, 69, 74, 68, 66, 73, 79, 71, 72, 76, 78, 82, 75, 85, 84, 83, 81, 80, 86, 87, 88]]
58: [[43, 22, 7, 3, 2, 12, 14, 5, 1, 15, 6, 13, 29, 70, 36, 31, 24, 4, 25, 23, 28, 16], [19, 8, 10, 11, 9, 21, 17, 18, 20, 59, 27, 50, 30, 26, 39, 44, 33, 35, 34, 51, 45, 40], [38, 32, 37, 46, 57, 42, 61, 47, 48, 49, 41, 52, 55, 53, 54, 60, 58, 56, 62, 63, 64, 65], [67, 77, 69, 74, 68, 66, 73, 79, 71, 72, 76, 78, 82, 75, 85, 84, 83, 81, 80, 86, 87, 88]]
59: [[43, 22, 7, 3, 2, 12, 14, 5, 1, 15, 6, 13, 29, 70, 36, 31, 24, 4, 25, 23, 28, 16], [19, 8, 10, 11, 9, 21, 17, 18, 20, 59, 27, 50, 30, 26, 39, 44, 33, 35, 34, 51, 45, 40], [38, 32, 37, 46, 57, 42, 61, 47, 48, 49, 41, 52, 55, 53, 54, 60, 58, 56, 62, 63, 64, 65], [67, 77, 69, 74, 68, 66, 73, 79, 71, 72, 76, 78, 82, 75, 85, 84, 83, 81, 80, 86, 87, 88]]
60: [[43, 22, 7, 3, 2, 12, 14, 5, 1, 15, 6, 13, 29, 70, 36, 31, 24, 4, 25, 23, 28, 16], [19, 8, 10, 11, 9, 21, 17, 18, 20, 59, 27, 50, 30, 26, 39, 44, 33, 35, 34, 51, 45, 40], [38, 32, 37, 46, 57, 42, 61, 47, 48, 49, 41, 52, 55, 53, 54, 60, 58, 56, 62, 63, 64, 65], [67, 77, 69, 74, 68, 66, 73, 79, 71, 72, 76, 78, 82, 75, 85, 84, 83, 81, 80, 86, 87, 88]]
61: [[43, 22, 7, 3, 2, 12, 14, 5, 1, 15, 6, 13, 29, 70, 36, 31, 24, 4, 25, 23, 28, 16], [19, 8, 10, 11, 9, 21, 17, 18, 20, 59, 27, 50, 30, 26, 39, 44, 33, 35, 34, 51, 45, 40], [38, 32, 37, 46, 57, 42, 61, 47, 48, 49, 41, 52, 55, 53, 54, 60, 58, 56, 62, 63, 64, 65], [67, 77, 69, 74, 68, 66, 73, 79, 71, 72, 76, 78, 82, 75, 85, 84, 83, 81, 80, 86, 87, 88]]
62: [[43, 22, 7, 3, 2, 12, 14, 5, 1, 15, 6, 13, 29, 70, 36, 31, 24, 4, 25, 23, 28, 16], [19, 8, 10, 11, 9, 21, 17, 18, 20, 59, 27, 50, 30, 26, 39, 44, 33, 35, 34, 51, 45, 40], [38, 32, 37, 46, 57, 42, 61, 47, 48, 49, 41, 52, 55, 53, 54, 60, 58, 56, 62, 63, 64, 65], [67, 77, 69, 74, 68, 66, 73, 79, 71, 72, 76, 78, 82, 75, 85, 84, 83, 81, 80, 86, 87, 88]]
63: [[43, 22, 7, 3, 2, 12, 14, 5, 1, 15, 6, 13, 29, 70, 36, 31, 24, 4, 25, 23, 28, 16], [19, 8, 10, 11, 9, 21, 17, 18, 20, 59, 27, 50, 30, 26, 39, 44, 33, 35, 34, 51, 45, 40], [38, 32, 37, 46, 57, 42, 61, 47, 48, 49, 41, 52, 55, 53, 54, 60, 58, 56, 62, 63, 64, 65], [67, 77, 69, 74, 68, 66, 73, 79, 71, 72, 76, 78, 82, 75, 85, 84, 83, 81, 80, 86, 87, 88]]
64: [[43, 22, 7, 3, 2, 12, 14, 5, 1, 15, 6, 13, 29, 70, 36, 31, 24, 4, 25, 23, 28, 16], [19, 8, 10, 11, 9, 21, 17, 18, 20, 59, 27, 50, 30, 26, 39, 44, 33, 35, 34, 51, 45, 40], [38, 32, 37, 46, 57, 42, 61, 47, 48, 49, 41, 52, 55, 53, 54, 60, 58, 56, 62, 63, 64, 65], [67, 77, 69, 74, 68, 66, 73, 79, 71, 72, 76, 78, 82, 75, 85, 84, 83, 81, 80, 86, 87, 88]]
65: [[43, 22, 7, 3, 2, 12, 14, 5, 1, 15, 6, 13, 29, 70, 36, 31, 24, 4, 25, 23, 28, 16], [19, 8, 10, 11, 9, 21, 17, 18, 20, 59, 27, 50, 30, 26, 39, 44, 33, 35, 34, 51, 45, 40], [38, 32, 37, 46, 57, 42, 61, 47, 48, 49, 41, 52, 55, 53, 54, 60, 58, 56, 62, 63, 64, 65], [67, 77, 69, 74, 68, 66, 73, 79, 71, 72, 76, 78, 82, 75, 85, 84, 83, 81, 80, 86, 87, 88]]
66: [[43, 22, 7, 3, 2, 12, 14, 5, 1, 15, 6, 13, 29, 70, 36, 31, 24, 4, 25, 23, 28, 16], [19, 8, 10, 11, 9, 21, 17, 18, 20, 59, 27, 50, 30, 26, 39, 44, 33, 35, 34, 51, 45, 40], [38, 32, 37, 46, 57, 42, 61, 47, 48, 49, 41, 52, 55, 53, 54, 60, 58, 56, 62, 63, 64, 65], [67, 77, 69, 74, 68, 66, 73, 79, 71, 72, 76, 78, 82, 75, 85, 84, 83, 81, 80, 86, 87, 88]]
67: [[43, 22, 7, 3, 2, 12, 14, 5, 1, 15, 6, 13, 29, 70, 36, 31, 24, 4, 25, 23, 28, 16], [19, 8, 10, 11, 9, 21, 17, 18, 20, 59, 27, 50, 30, 26, 39, 44, 33, 35, 34, 51, 45, 40], [38, 32, 37, 46, 57, 42, 61, 47, 48, 49, 41, 52, 55, 53, 54, 60, 58, 56, 62, 63, 64, 65], [67, 77, 69, 74, 68, 66, 73, 79, 71, 72, 76, 78, 82, 75, 85, 84, 83, 81, 80, 86, 87, 88]]
68: [[43, 22, 7, 3, 2, 12, 14, 5, 1, 15, 6, 13, 29, 70, 36, 31, 24, 4, 25, 23, 28, 16], [19, 8, 10, 11, 9, 21, 17, 18, 20, 59, 27, 50, 30, 26, 39, 44, 33, 35, 34, 51, 45, 40], [38, 32, 37, 46, 57, 42, 61, 47, 48, 49, 41, 52, 55, 53, 54, 60, 58, 56, 62, 63, 64, 65], [67, 77, 69, 74, 68, 66, 73, 79, 71, 72, 76, 78, 82, 75, 85, 84, 83, 81, 80, 86, 87, 88]]
69: [[43, 22, 7, 3, 2, 12, 14, 5, 1, 15, 6, 13, 29, 70, 36, 31, 24, 4, 25, 23, 28, 16], [19, 8, 10, 11, 9, 21, 17, 18, 20, 59, 27, 50, 30, 26, 39, 44, 33, 35, 34, 51, 45, 40], [38, 32, 37, 46, 57, 42, 61, 47, 48, 49, 41, 52, 55, 53, 54, 60, 58, 56, 62, 63, 64, 65], [67, 77, 69, 74, 68, 66, 73, 79, 71, 72, 76, 78, 82, 75, 85, 84, 83, 81, 80, 86, 87, 88]]
70: [[43, 22, 7, 3, 2, 12, 14, 5, 1, 15, 6, 13, 29, 70, 36, 31, 24, 4, 25, 23, 28, 16], [19, 8, 10, 11, 9, 21, 17, 18, 20, 59, 27, 50, 30, 26, 39, 44, 33, 35, 34, 51, 45, 40], [38, 32, 37, 46, 57, 42, 61, 47, 48, 49, 41, 52, 55, 53, 54, 60, 58, 56, 62, 63, 64, 65], [67, 77, 69, 74, 68, 66, 73, 79, 71, 72, 76, 78, 82, 75, 85, 84, 83, 81, 80, 86, 87, 88]]
71: [[43, 22, 7, 3, 2, 12, 14, 5, 1, 15, 6, 13, 29, 70, 36, 31, 24, 4, 25, 23, 28, 16], [19, 8, 10, 11, 9, 21, 17, 18, 20, 59, 27, 50, 30, 26, 39, 44, 33, 35, 34, 51, 45, 40], [38, 32, 37, 46, 57, 42, 61, 47, 48, 49, 41, 52, 55, 53, 54, 60, 58, 56, 62, 63, 64, 65], [67, 77, 69, 74, 68, 66, 73, 79, 71, 72, 76, 78, 82, 75, 85, 84, 83, 81, 80, 86, 87, 88]]
72: [[43, 22, 7, 3, 2, 12, 14, 5, 1, 15, 6, 13, 29, 70, 36, 31, 24, 4, 25, 23, 28, 16], [19, 8, 10, 11, 9, 21, 17, 18, 20, 59, 27, 50, 30, 26, 39, 44, 33, 35, 34, 51, 45, 40], [38, 32, 37, 46, 57, 42, 61, 47, 48, 49, 41, 52, 55, 53, 54, 60, 58, 56, 62, 63, 64, 65], [67, 77, 69, 74, 68, 66, 73, 79, 71, 72, 76, 78, 82, 75, 85, 84, 83, 81, 80, 86, 87, 88]]
73: [[43, 22, 7, 3, 2, 12, 14, 5, 1, 15, 6, 13, 29, 70, 36, 31, 24, 4, 25, 23, 28, 16], [19, 8, 10, 11, 9, 21, 17, 18, 20, 59, 27, 50, 30, 26, 39, 44, 33, 35, 34, 51, 45, 40], [38, 32, 37, 46, 57, 42, 61, 47, 48, 49, 41, 52, 55, 53, 54, 60, 58, 56, 62, 63, 64, 65], [67, 77, 69, 74, 68, 66, 73, 79, 71, 72, 76, 78, 82, 75, 85, 84, 83, 81, 80, 86, 87, 88]]
74: [[43, 22, 7, 3, 2, 12, 14, 5, 1, 15, 6, 13, 29, 70, 36, 31, 24, 4, 25, 23, 28, 16], [19, 8, 10, 11, 9, 21, 17, 18, 20, 59, 27, 50, 30, 26, 39, 44, 33, 35, 34, 51, 45, 40], [38, 32, 37, 46, 57, 42, 61, 47, 48, 49, 41, 52, 55, 53, 54, 60, 58, 56, 62, 63, 64, 65], [67, 77, 69, 74, 68, 66, 73, 79, 71, 72, 76, 78, 82, 75, 85, 84, 83, 81, 80, 86, 87, 88]]
75: [[43, 22, 7, 3, 2, 12, 14, 5, 1, 15, 6, 13, 29, 70, 36, 31, 24, 4, 25, 23, 28, 16], [19, 8, 10, 11, 9, 21, 17, 18, 20, 59, 27, 50, 30, 26, 39, 44, 33, 35, 34, 51, 45, 40], [38, 32, 37, 46, 57, 42, 61, 47, 48, 49, 41, 52, 55, 53, 54, 60, 58, 56, 62, 63, 64, 65], [67, 77, 69, 74, 68, 66, 73, 79, 71, 72, 76, 78, 82, 75, 85, 84, 83, 81, 80, 86, 87, 88]]
76: [[43, 22, 7, 3, 2, 12, 14, 5, 1, 15, 6, 13, 29, 70, 36, 31, 24, 4, 25, 23, 28, 16], [19, 8, 10, 11, 9, 21, 17, 18, 20, 59, 27, 50, 30, 26, 39, 44, 33, 35, 34, 51, 45, 40], [38, 32, 37, 46, 57, 42, 61, 47, 48, 49, 41, 52, 55, 53, 54, 60, 58, 56, 62, 63, 64, 65], [67, 77, 69, 74, 68, 66, 73, 79, 71, 72, 76, 78, 82, 75, 85, 84, 83, 81, 80, 86, 87, 88]]
77: [[43, 22, 7, 3, 2, 12, 14, 5, 1, 15, 6, 13, 29, 70, 36, 31, 24, 4, 25, 23, 28, 16], [19, 8, 10, 11, 9, 21, 17, 18, 20, 59, 27, 50, 30, 26, 39, 44, 33, 35, 34, 51, 45, 40], [38, 32, 37, 46, 57, 42, 61, 47, 48, 49, 41, 52, 55, 53, 54, 60, 58, 56, 62, 63, 64, 65], [67, 77, 69, 74, 68, 66, 73, 79, 71, 72, 76, 78, 82, 75, 85, 84, 83, 81, 80, 86, 87, 88]]
78: [[43, 22, 7, 3, 2, 12, 14, 5, 1, 15, 6, 13, 29, 70, 36, 31, 24, 4, 25, 23, 28, 16], [19, 8, 10, 11, 9, 21, 17, 18, 20, 59, 27, 50, 30, 26, 39, 44, 33, 35, 34, 51, 45, 40], [38, 32, 37, 46, 57, 42, 61, 47, 48, 49, 41, 52, 55, 53, 54, 60, 58, 56, 62, 63, 64, 65], [67, 77, 69, 74, 68, 66, 73, 79, 71, 72, 76, 78, 82, 75, 85, 84, 83, 81, 80, 86, 87, 88]]
79: [[43, 22, 7, 3, 2, 12, 14, 5, 1, 15, 6, 13, 29, 70, 36, 31, 24, 4, 25, 23, 28, 16], [19, 8, 10, 11, 9, 21, 17, 18, 20, 59, 27, 50, 30, 26, 39, 44, 33, 35, 34, 51, 45, 40], [38, 32, 37, 46, 57, 42, 61, 47, 48, 49, 41, 52, 55, 53, 54, 60, 58, 56, 62, 63, 64, 65], [67, 77, 69, 74, 68, 66, 73, 79, 71, 72, 76, 78, 82, 75, 85, 84, 83, 81, 80, 86, 87, 88]]
80: [[43, 22, 7, 3, 2, 12, 14, 5, 1, 15, 6, 13, 29, 70, 36, 31, 24, 4, 25, 23, 28, 16], [19, 8, 10, 11, 9, 21, 17, 18, 20, 59, 27, 50, 30, 26, 39, 44, 33, 35, 34, 51, 45, 40], [38, 32, 37, 46, 57, 42, 61, 47, 48, 49, 41, 52, 55, 53, 54, 60, 58, 56, 62, 63, 64, 65], [67, 77, 69, 74, 68, 66, 73, 79, 71, 72, 76, 78, 82, 75, 85, 84, 83, 81, 80, 86, 87, 88]]
81: [[43, 22, 7, 3, 2, 12, 14, 5, 1, 15, 6, 13, 29, 70, 36, 31, 24, 4, 25, 23, 28, 16], [19, 8, 10, 11, 9, 21, 17, 18, 20, 59, 27, 50, 30, 26, 39, 44, 33, 35, 34, 51, 45, 40], [38, 32, 37, 46, 57, 42, 61, 47, 48, 49, 41, 52, 55, 53, 54, 60, 58, 56, 62, 63, 64, 65], [67, 77, 69, 74, 68, 66, 73, 79, 71, 72, 76, 78, 82, 75, 85, 84, 83, 81, 80, 86, 87, 88]]
82: [[43, 22, 7, 3, 2, 12, 14, 5, 1, 15, 6, 13, 29, 70, 36, 31, 24, 4, 25, 23, 28, 16], [19, 8, 10, 11, 9, 21, 17, 18, 20, 59, 27, 50, 30, 26, 39, 44, 33, 35, 34, 51, 45, 40], [38, 32, 37, 46, 57, 42, 61, 47, 48, 49, 41, 52, 55, 53, 54, 60, 58, 56, 62, 63, 64, 65], [67, 77, 69, 74, 68, 66, 73, 79, 71, 72, 76, 78, 82, 75, 85, 84, 83, 81, 80, 86, 87, 88]]
83: [[43, 22, 7, 3, 2, 12, 14, 5, 1, 15, 6, 13, 29, 70, 36, 31, 24, 4, 25, 23, 28, 16], [19, 8, 10, 11, 9, 21, 17, 18, 20, 59, 27, 50, 30, 26, 39, 44, 33, 35, 34, 51, 45, 40], [38, 32, 37, 46, 57, 42, 61, 47, 48, 49, 41, 52, 55, 53, 54, 60, 58, 56, 62, 63, 64, 65], [67, 77, 69, 74, 68, 66, 73, 79, 71, 72, 76, 78, 82, 75, 85, 84, 83, 81, 80, 86, 87, 88]]
84: [[43, 22, 7, 3, 2, 12, 14, 5, 1, 15, 6, 13, 29, 70, 36, 31, 24, 4, 25, 23, 28, 16], [19, 8, 10, 11, 9, 21, 17, 18, 20, 59, 27, 50, 30, 26, 39, 44, 33, 35, 34, 51, 45, 40], [38, 32, 37, 46, 57, 42, 61, 47, 48, 49, 41, 52, 55, 53, 54, 60, 58, 56, 62, 63, 64, 65], [67, 77, 69, 74, 68, 66, 73, 79, 71, 72, 76, 78, 82, 75, 85, 84, 83, 81, 80, 86, 87, 88]]
85: [[43, 22, 7, 3, 2, 12, 14, 5, 1, 15, 6, 13, 29, 70, 36, 31, 24, 4, 25, 23, 28, 16], [19, 8, 10, 11, 9, 21, 17, 18, 20, 59, 27, 50, 30, 26, 39, 44, 33, 35, 34, 51, 45, 40], [38, 32, 37, 46, 57, 42, 61, 47, 48, 49, 41, 52, 55, 53, 54, 60, 58, 56, 62, 63, 64, 65], [67, 77, 69, 74, 68, 66, 73, 79, 71, 72, 76, 78, 82, 75, 85, 84, 83, 81, 80, 86, 87, 88]]
86: [[43, 22, 7, 3, 2, 12, 14, 5, 1, 15, 6, 13, 29, 70, 36, 31, 24, 4, 25, 23, 28, 16], [19, 8, 10, 11, 9, 21, 17, 18, 20, 59, 27, 50, 30, 26, 39, 44, 33, 35, 34, 51, 45, 40], [38, 32, 37, 46, 57, 42, 61, 47, 48, 49, 41, 52, 55, 53, 54, 60, 58, 56, 62, 63, 64, 65], [67, 77, 69, 74, 68, 66, 73, 79, 71, 72, 76, 78, 82, 75, 85, 84, 83, 81, 80, 86, 87, 88]]
87: [[43, 22, 7, 3, 2, 12, 14, 5, 1, 15, 6, 13, 29, 70, 36, 31, 24, 4, 25, 23, 28, 16], [19, 8, 10, 11, 9, 21, 17, 18, 20, 59, 27, 50, 30, 26, 39, 44, 33, 35, 34, 51, 45, 40], [38, 32, 37, 46, 57, 42, 61, 47, 48, 49, 41, 52, 55, 53, 54, 60, 58, 56, 62, 63, 64, 65], [67, 77, 69, 74, 68, 66, 73, 79, 71, 72, 76, 78, 82, 75, 85, 84, 83, 81, 80, 86, 87, 88]]
88: [[43, 22, 7, 3, 2, 12, 14, 5, 1, 15, 6, 13, 29, 70, 36, 31, 24, 4, 25, 23, 28, 16], [19, 8, 10, 11, 9, 21, 17, 18, 20, 59, 27, 50, 30, 26, 39, 44, 33, 35, 34, 51, 45, 40], [38, 32, 37, 46, 57, 42, 61, 47, 48, 49, 41, 52, 55, 53, 54, 60, 58, 56, 62, 63, 64, 65], [67, 77, 69, 74, 68, 66, 73, 79, 71, 72, 76, 78, 82, 75, 85, 84, 83, 81, 80, 86, 87, 88]]
89: [[43, 22, 7, 3, 2, 12, 14, 5, 1, 15, 6, 13, 29, 70, 36, 31, 24, 4, 25, 23, 28, 16], [19, 8, 10, 11, 9, 21, 17, 18, 20, 59, 27, 50, 30, 26, 39, 44, 33, 35, 34, 51, 45, 40], [38, 32, 37, 46, 57, 42, 61, 47, 48, 49, 41, 52, 55, 53, 54, 60, 58, 56, 62, 63, 64, 65], [67, 77, 69, 74, 68, 66, 73, 79, 71, 72, 76, 78, 82, 75, 85, 84, 83, 81, 80, 86, 87, 88]]
90: [[43, 22, 7, 3, 2, 12, 14, 5, 1, 15, 6, 13, 29, 70, 36, 31, 24, 4, 25, 23, 28, 16], [19, 8, 10, 11, 9, 21, 17, 18, 20, 59, 27, 50, 30, 26, 39, 44, 33, 35, 34, 51, 45, 40], [38, 32, 37, 46, 57, 42, 61, 47, 48, 49, 41, 52, 55, 53, 54, 60, 58, 56, 62, 63, 64, 65], [67, 77, 69, 74, 68, 66, 73, 79, 71, 72, 76, 78, 82, 75, 85, 84, 83, 81, 80, 86, 87, 88]]
91: [[43, 22, 7, 3, 2, 12, 14, 5, 1, 15, 6, 13, 29, 70, 36, 31, 24, 4, 25, 23, 28, 16], [19, 8, 10, 11, 9, 21, 17, 18, 20, 59, 27, 50, 30, 26, 39, 44, 33, 35, 34, 51, 45, 40], [38, 32, 37, 46, 57, 42, 61, 47, 48, 49, 41, 52, 55, 53, 54, 60, 58, 56, 62, 63, 64, 65], [67, 77, 69, 74, 68, 66, 73, 79, 71, 72, 76, 78, 82, 75, 85, 84, 83, 81, 80, 86, 87, 88]]
92: [[43, 22, 7, 3, 2, 12, 14, 5, 1, 15, 6, 13, 29, 70, 36, 31, 24, 4, 25, 23, 28, 16], [19, 8, 10, 11, 9, 21, 17, 18, 20, 59, 27, 50, 30, 26, 39, 44, 33, 35, 34, 51, 45, 40], [38, 32, 37, 46, 57, 42, 61, 47, 48, 49, 41, 52, 55, 53, 54, 60, 58, 56, 62, 63, 64, 65], [67, 77, 69, 74, 68, 66, 73, 79, 71, 72, 76, 78, 82, 75, 85, 84, 83, 81, 80, 86, 87, 88]]
93: [[43, 22, 7, 3, 2, 12, 14, 5, 1, 15, 6, 13, 29, 70, 36, 31, 24, 4, 25, 23, 28, 16], [19, 8, 10, 11, 9, 21, 17, 18, 20, 59, 27, 50, 30, 26, 39, 44, 33, 35, 34, 51, 45, 40], [38, 32, 37, 46, 57, 42, 61, 47, 48, 49, 41, 52, 55, 53, 54, 60, 58, 56, 62, 63, 64, 65], [67, 77, 69, 74, 68, 66, 73, 79, 71, 72, 76, 78, 82, 75, 85, 84, 83, 81, 80, 86, 87, 88]]
94: [[43, 22, 7, 3, 2, 12, 14, 5, 1, 15, 6, 13, 29, 70, 36, 31, 24, 4, 25, 23, 28, 16], [19, 8, 10, 11, 9, 21, 17, 18, 20, 59, 27, 50, 30, 26, 39, 44, 33, 35, 34, 51, 45, 40], [38, 32, 37, 46, 57, 42, 61, 47, 48, 49, 41, 52, 55, 53, 54, 60, 58, 56, 62, 63, 64, 65], [67, 77, 69, 74, 68, 66, 73, 79, 71, 72, 76, 78, 82, 75, 85, 84, 83, 81, 80, 86, 87, 88]]
95: [[43, 22, 7, 3, 2, 12, 14, 5, 1, 15, 6, 13, 29, 70, 36, 31, 24, 4, 25, 23, 28, 16], [19, 8, 10, 11, 9, 21, 17, 18, 20, 59, 27, 50, 30, 26, 39, 44, 33, 35, 34, 51, 45, 40], [38, 32, 37, 46, 57, 42, 61, 47, 48, 49, 41, 52, 55, 53, 54, 60, 58, 56, 62, 63, 64, 65], [67, 77, 69, 74, 68, 66, 73, 79, 71, 72, 76, 78, 82, 75, 85, 84, 83, 81, 80, 86, 87, 88]]
96: [[43, 22, 7, 3, 2, 12, 14, 5, 1, 15, 6, 13, 29, 70, 36, 31, 24, 4, 25, 23, 28, 16], [19, 8, 10, 11, 9, 21, 17, 18, 20, 59, 27, 50, 30, 26, 39, 44, 33, 35, 34, 51, 45, 40], [38, 32, 37, 46, 57, 42, 61, 47, 48, 49, 41, 52, 55, 53, 54, 60, 58, 56, 62, 63, 64, 65], [67, 77, 69, 74, 68, 66, 73, 79, 71, 72, 76, 78, 82, 75, 85, 84, 83, 81, 80, 86, 87, 88]]
97: [[43, 22, 7, 3, 2, 12, 14, 5, 1, 15, 6, 13, 29, 70, 36, 31, 24, 4, 25, 23, 28, 16], [19, 8, 10, 11, 9, 21, 17, 18, 20, 59, 27, 50, 30, 26, 39, 44, 33, 35, 34, 51, 45, 40], [38, 32, 37, 46, 57, 42, 61, 47, 48, 49, 41, 52, 55, 53, 54, 60, 58, 56, 62, 63, 64, 65], [67, 77, 69, 74, 68, 66, 73, 79, 71, 72, 76, 78, 82, 75, 85, 84, 83, 81, 80, 86, 87, 88]]
98: [[43, 22, 7, 3, 2, 12, 14, 5, 1, 15, 6, 13, 29, 70, 36, 31, 24, 4, 25, 23, 28, 16], [19, 8, 10, 11, 9, 21, 17, 18, 20, 59, 27, 50, 30, 26, 39, 44, 33, 35, 34, 51, 45, 40], [38, 32, 37, 46, 57, 42, 61, 47, 48, 49, 41, 52, 55, 53, 54, 60, 58, 56, 62, 63, 64, 65], [67, 77, 69, 74, 68, 66, 73, 79, 71, 72, 76, 78, 82, 75, 85, 84, 83, 81, 80, 86, 87, 88]]
99: [[43, 22, 7, 3, 2, 12, 14, 5, 1, 15, 6, 13, 29, 70, 36, 31, 24, 4, 25, 23, 28, 16], [19, 8, 10, 11, 9, 21, 17, 18, 20, 59, 27, 50, 30, 26, 39, 44, 33, 35, 34, 51, 45, 40], [38, 32, 37, 46, 57, 42, 61, 47, 48, 49, 41, 52, 55, 53, 54, 60, 58, 56, 62, 63, 64, 65], [67, 77, 69, 74, 68, 66, 73, 79, 71, 72, 76, 78, 82, 75, 85, 84, 83, 81, 80, 86, 87, 88]]
100: [[43, 22, 7, 3, 2, 12, 14, 5, 1, 15, 6, 13, 29, 70, 36, 31, 24, 4, 25, 23, 28, 16], [19, 8, 10, 11, 9, 21, 17, 18, 20, 59, 27, 50, 30, 26, 39, 44, 33, 35, 34, 51, 45, 40], [38, 32, 37, 46, 57, 42, 61, 47, 48, 49, 41, 52, 55, 53, 54, 60, 58, 56, 62, 63, 64, 65], [67, 77, 69, 74, 68, 66, 73, 79, 71, 72, 76, 78, 82, 75, 85, 84, 83, 81, 80, 86, 87, 88]]
101: [[43, 22, 7, 3, 2, 12, 14, 5, 1, 15, 6, 13, 29, 70, 36, 31, 24, 4, 25, 23, 28, 16], [19, 8, 10, 11, 9, 21, 17, 18, 20, 59, 27, 50, 30, 26, 39, 44, 33, 35, 34, 51, 45, 40], [38, 32, 37, 46, 57, 42, 61, 47, 48, 49, 41, 52, 55, 53, 54, 60, 58, 56, 62, 63, 64, 65], [67, 77, 69, 74, 68, 66, 73, 79, 71, 72, 76, 78, 82, 75, 85, 84, 83, 81, 80, 86, 87, 88]]
102: [[43, 22, 7, 3, 2, 12, 14, 5, 1, 15, 6, 13, 29, 70, 36, 31, 24, 4, 25, 23, 28, 16], [19, 8, 10, 11, 9, 21, 17, 18, 20, 59, 27, 50, 30, 26, 39, 44, 33, 35, 34, 51, 45, 40], [38, 32, 37, 46, 57, 42, 61, 47, 48, 49, 41, 52, 55, 53, 54, 60, 58, 56, 62, 63, 64, 65], [67, 77, 69, 74, 68, 66, 73, 79, 71, 72, 76, 78, 82, 75, 85, 84, 83, 81, 80, 86, 87, 88]]
103: [[43, 22, 7, 3, 2, 12, 14, 5, 1, 15, 6, 13, 29, 70, 36, 31, 24, 4, 25, 23, 28, 16], [19, 8, 10, 11, 9, 21, 17, 18, 20, 59, 27, 50, 30, 26, 39, 44, 33, 35, 34, 51, 45, 40], [38, 32, 37, 46, 57, 42, 61, 47, 48, 49, 41, 52, 55, 53, 54, 60, 58, 56, 62, 63, 64, 65], [67, 77, 69, 74, 68, 66, 73, 79, 71, 72, 76, 78, 82, 75, 85, 84, 83, 81, 80, 86, 87, 88]]
104: [[43, 22, 7, 3, 2, 12, 14, 5, 1, 15, 6, 13, 29, 70, 36, 31, 24, 4, 25, 23, 28, 16], [19, 8, 10, 11, 9, 21, 17, 18, 20, 59, 27, 50, 30, 26, 39, 44, 33, 35, 34, 51, 45, 40], [38, 32, 37, 46, 57, 42, 61, 47, 48, 49, 41, 52, 55, 53, 54, 60, 58, 56, 62, 63, 64, 65], [67, 77, 69, 74, 68, 66, 73, 79, 71, 72, 76, 78, 82, 75, 85, 84, 83, 81, 80, 86, 87, 88]]
105: [[43, 22, 7, 3, 2, 12, 14, 5, 1, 15, 6, 13, 29, 70, 36, 31, 24, 4, 25, 23, 28, 16], [19, 8, 10, 11, 9, 21, 17, 18, 20, 59, 27, 50, 30, 26, 39, 44, 33, 35, 34, 51, 45, 40], [38, 32, 37, 46, 57, 42, 61, 47, 48, 49, 41, 52, 55, 53, 54, 60, 58, 56, 62, 63, 64, 65], [67, 77, 69, 74, 68, 66, 73, 79, 71, 72, 76, 78, 82, 75, 85, 84, 83, 81, 80, 86, 87, 88]]
106: [[43, 22, 7, 3, 2, 12, 14, 5, 1, 15, 6, 13, 29, 70, 36, 31, 24, 4, 25, 23, 28, 16], [19, 8, 10, 11, 9, 21, 17, 18, 20, 59, 27, 50, 30, 26, 39, 44, 33, 35, 34, 51, 45, 40], [38, 32, 37, 46, 57, 42, 61, 47, 48, 49, 41, 52, 55, 53, 54, 60, 58, 56, 62, 63, 64, 65], [67, 77, 69, 74, 68, 66, 73, 79, 71, 72, 76, 78, 82, 75, 85, 84, 83, 81, 80, 86, 87, 88]]
107: [[43, 22, 7, 3, 2, 12, 14, 5, 1, 15, 6, 13, 29, 70, 36, 31, 24, 4, 25, 23, 28, 16], [19, 8, 10, 11, 9, 21, 17, 18, 20, 59, 27, 50, 30, 26, 39, 44, 33, 35, 34, 51, 45, 40], [38, 32, 37, 46, 57, 42, 61, 47, 48, 49, 41, 52, 55, 53, 54, 60, 58, 56, 62, 63, 64, 65], [67, 77, 69, 74, 68, 66, 73, 79, 71, 72, 76, 78, 82, 75, 85, 84, 83, 81, 80, 86, 87, 88]]
108: [[43, 22, 7, 3, 2, 12, 14, 5, 1, 15, 6, 13, 29, 70, 36, 31, 24, 4, 25, 23, 28, 16], [19, 8, 10, 11, 9, 21, 17, 18, 20, 59, 27, 50, 30, 26, 39, 44, 33, 35, 34, 51, 45, 40], [38, 32, 37, 46, 57, 42, 61, 47, 48, 49, 41, 52, 55, 53, 54, 60, 58, 56, 62, 63, 64, 65], [67, 77, 69, 74, 68, 66, 73, 79, 71, 72, 76, 78, 82, 75, 85, 84, 83, 81, 80, 86, 87, 88]]
109: [[43, 22, 7, 3, 2, 12, 14, 5, 1, 15, 6, 13, 29, 70, 36, 31, 24, 4, 25, 23, 28, 16], [19, 8, 10, 11, 9, 21, 17, 18, 20, 59, 27, 50, 30, 26, 39, 44, 33, 35, 34, 51, 45, 40], [38, 32, 37, 46, 57, 42, 61, 47, 48, 49, 41, 52, 55, 53, 54, 60, 58, 56, 62, 63, 64, 65], [67, 77, 69, 74, 68, 66, 73, 79, 71, 72, 76, 78, 82, 75, 85, 84, 83, 81, 80, 86, 87, 88]]
110: [[43, 22, 7, 3, 2, 12, 14, 5, 1, 15, 6, 13, 29, 70, 36, 31, 24, 4, 25, 23, 28, 16], [19, 8, 10, 11, 9, 21, 17, 18, 20, 59, 27, 50, 30, 26, 39, 44, 33, 35, 34, 51, 45, 40], [38, 32, 37, 46, 57, 42, 61, 47, 48, 49, 41, 52, 55, 53, 54, 60, 58, 56, 62, 63, 64, 65], [67, 77, 69, 74, 68, 66, 73, 79, 71, 72, 76, 78, 82, 75, 85, 84, 83, 81, 80, 86, 87, 88]]
111: [[43, 22, 7, 3, 2, 12, 14, 5, 1, 15, 6, 13, 29, 70, 36, 31, 24, 4, 25, 23, 28, 16], [19, 8, 10, 11, 9, 21, 17, 18, 20, 59, 27, 50, 30, 26, 39, 44, 33, 35, 34, 51, 45, 40], [38, 32, 37, 46, 57, 42, 61, 47, 48, 49, 41, 52, 55, 53, 54, 60, 58, 56, 62, 63, 64, 65], [67, 77, 69, 74, 68, 66, 73, 79, 71, 72, 76, 78, 82, 75, 85, 84, 83, 81, 80, 86, 87, 88]]
112: [[43, 22, 7, 3, 2, 12, 14, 5, 1, 15, 6, 13, 29, 70, 36, 31, 24, 4, 25, 23, 28, 16], [19, 8, 10, 11, 9, 21, 17, 18, 20, 59, 27, 50, 30, 26, 39, 44, 33, 35, 34, 51, 45, 40], [38, 32, 37, 46, 57, 42, 61, 47, 48, 49, 41, 52, 55, 53, 54, 60, 58, 56, 62, 63, 64, 65], [67, 77, 69, 74, 68, 66, 73, 79, 71, 72, 76, 78, 82, 75, 85, 84, 83, 81, 80, 86, 87, 88]]
113: [[43, 22, 7, 3, 2, 12, 14, 5, 1, 15, 6, 13, 29, 70, 36, 31, 24, 4, 25, 23, 28, 16], [19, 8, 10, 11, 9, 21, 17, 18, 20, 59, 27, 50, 30, 26, 39, 44, 33, 35, 34, 51, 45, 40], [38, 32, 37, 46, 57, 42, 61, 47, 48, 49, 41, 52, 55, 53, 54, 60, 58, 56, 62, 63, 64, 65], [67, 77, 69, 74, 68, 66, 73, 79, 71, 72, 76, 78, 82, 75, 85, 84, 83, 81, 80, 86, 87, 88]]
114: [[43, 22, 7, 3, 2, 12, 14, 5, 1, 15, 6, 13, 29, 70, 36, 31, 24, 4, 25, 23, 28, 16], [19, 8, 10, 11, 9, 21, 17, 18, 20, 59, 27, 50, 30, 26, 39, 44, 33, 35, 34, 51, 45, 40], [38, 32, 37, 46, 57, 42, 61, 47, 48, 49, 41, 52, 55, 53, 54, 60, 58, 56, 62, 63, 64, 65], [67, 77, 69, 74, 68, 66, 73, 79, 71, 72, 76, 78, 82, 75, 85, 84, 83, 81, 80, 86, 87, 88]]
115: [[43, 22, 7, 3, 2, 12, 14, 5, 1, 15, 6, 13, 29, 70, 36, 31, 24, 4, 25, 23, 28, 16], [19, 8, 10, 11, 9, 21, 17, 18, 20, 59, 27, 50, 30, 26, 39, 44, 33, 35, 34, 51, 45, 40], [38, 32, 37, 46, 57, 42, 61, 47, 48, 49, 41, 52, 55, 53, 54, 60, 58, 56, 62, 63, 64, 65], [67, 77, 69, 74, 68, 66, 73, 79, 71, 72, 76, 78, 82, 75, 85, 84, 83, 81, 80, 86, 87, 88]]
116: [[43, 22, 7, 3, 2, 12, 14, 5, 1, 15, 6, 13, 29, 70, 36, 31, 24, 4, 25, 23, 28, 16], [19, 8, 10, 11, 9, 21, 17, 18, 20, 59, 27, 50, 30, 26, 39, 44, 33, 35, 34, 51, 45, 40], [38, 32, 37, 46, 57, 42, 61, 47, 48, 49, 41, 52, 55, 53, 54, 60, 58, 56, 62, 63, 64, 65], [67, 77, 69, 74, 68, 66, 73, 79, 71, 72, 76, 78, 82, 75, 85, 84, 83, 81, 80, 86, 87, 88]]
117: [[43, 22, 7, 3, 2, 12, 14, 5, 1, 15, 6, 13, 29, 70, 36, 31, 24, 4, 25, 23, 28, 16], [19, 8, 10, 11, 9, 21, 17, 18, 20, 59, 27, 50, 30, 26, 39, 44, 33, 35, 34, 51, 45, 40], [38, 32, 37, 46, 57, 42, 61, 47, 48, 49, 41, 52, 55, 53, 54, 60, 58, 56, 62, 63, 64, 65], [67, 77, 69, 74, 68, 66, 73, 79, 71, 72, 76, 78, 82, 75, 85, 84, 83, 81, 80, 86, 87, 88]]
118: [[43, 22, 7, 3, 2, 12, 14, 5, 1, 15, 6, 13, 29, 70, 36, 31, 24, 4, 25, 23, 28, 16], [19, 8, 10, 11, 9, 21, 17, 18, 20, 59, 27, 50, 30, 26, 39, 44, 33, 35, 34, 51, 45, 40], [38, 32, 37, 46, 57, 42, 61, 47, 48, 49, 41, 52, 55, 53, 54, 60, 58, 56, 62, 63, 64, 65], [67, 77, 69, 74, 68, 66, 73, 79, 71, 72, 76, 78, 82, 75, 85, 84, 83, 81, 80, 86, 87, 88]]
119: [[43, 22, 7, 3, 2, 12, 14, 5, 1, 15, 6, 13, 29, 70, 36, 31, 24, 4, 25, 23, 28, 16], [19, 8, 10, 11, 9, 21, 17, 18, 20, 59, 27, 50, 30, 26, 39, 44, 33, 35, 34, 51, 45, 40], [38, 32, 37, 46, 57, 42, 61, 47, 48, 49, 41, 52, 55, 53, 54, 60, 58, 56, 62, 63, 64, 65], [67, 77, 69, 74, 68, 66, 73, 79, 71, 72, 76, 78, 82, 75, 85, 84, 83, 81, 80, 86, 87, 88]]
120: [[43, 22, 7, 3, 2, 12, 14, 5, 1, 15, 6, 13, 29, 70, 36, 31, 24, 4, 25, 23, 28, 16], [19, 8, 10, 11, 9, 21, 17, 18, 20, 59, 27, 50, 30, 26, 39, 44, 33, 35, 34, 51, 45, 40], [38, 32, 37, 46, 57, 42, 61, 47, 48, 49, 41, 52, 55, 53, 54, 60, 58, 56, 62, 63, 64, 65], [67, 77, 69, 74, 68, 66, 73, 79, 71, 72, 76, 78, 82, 75, 85, 84, 83, 81, 80, 86, 87, 88]]
121: [[43, 22, 7, 3, 2, 12, 14, 5, 1, 15, 6, 13, 29, 70, 36, 31, 24, 4, 25, 23, 28, 16], [19, 8, 10, 11, 9, 21, 17, 18, 20, 59, 27, 50, 30, 26, 39, 44, 33, 35, 34, 51, 45, 40], [38, 32, 37, 46, 57, 42, 61, 47, 48, 49, 41, 52, 55, 53, 54, 60, 58, 56, 62, 63, 64, 65], [67, 77, 69, 74, 68, 66, 73, 79, 71, 72, 76, 78, 82, 75, 85, 84, 83, 81, 80, 86, 87, 88]]
122: [[43, 22, 7, 3, 2, 12, 14, 5, 1, 15, 6, 13, 29, 70, 36, 31, 24, 4, 25, 23, 28, 16], [19, 8, 10, 11, 9, 21, 17, 18, 20, 59, 27, 50, 30, 26, 39, 44, 33, 35, 34, 51, 45, 40], [38, 32, 37, 46, 57, 42, 61, 47, 48, 49, 41, 52, 55, 53, 54, 60, 58, 56, 62, 63, 64, 65], [67, 77, 69, 74, 68, 66, 73, 79, 71, 72, 76, 78, 82, 75, 85, 84, 83, 81, 80, 86, 87, 88]]
123: [[43, 22, 7, 3, 2, 12, 14, 5, 1, 15, 6, 13, 29, 70, 36, 31, 24, 4, 25, 23, 28, 16], [19, 8, 10, 11, 9, 21, 17, 18, 20, 59, 27, 50, 30, 26, 39, 44, 33, 35, 34, 51, 45, 40], [38, 32, 37, 46, 57, 42, 61, 47, 48, 49, 41, 52, 55, 53, 54, 60, 58, 56, 62, 63, 64, 65], [67, 77, 69, 74, 68, 66, 73, 79, 71, 72, 76, 78, 82, 75, 85, 84, 83, 81, 80, 86, 87, 88]]
124: [[43, 22, 7, 3, 2, 12, 14, 5, 1, 15, 6, 13, 29, 70, 36, 31, 24, 4, 25, 23, 28, 16], [19, 8, 10, 11, 9, 21, 17, 18, 20, 59, 27, 50, 30, 26, 39, 44, 33, 35, 34, 51, 45, 40], [38, 32, 37, 46, 57, 42, 61, 47, 48, 49, 41, 52, 55, 53, 54, 60, 58, 56, 62, 63, 64, 65], [67, 77, 69, 74, 68, 66, 73, 79, 71, 72, 76, 78, 82, 75, 85, 84, 83, 81, 80, 86, 87, 88]]
125: [[43, 22, 7, 3, 2, 12, 14, 5, 1, 15, 6, 13, 29, 70, 36, 31, 24, 4, 25, 23, 28, 16], [19, 8, 10, 11, 9, 21, 17, 18, 20, 59, 27, 50, 30, 26, 39, 44, 33, 35, 34, 51, 45, 40], [38, 32, 37, 46, 57, 42, 61, 47, 48, 49, 41, 52, 55, 53, 54, 60, 58, 56, 62, 63, 64, 65], [67, 77, 69, 74, 68, 66, 73, 79, 71, 72, 76, 78, 82, 75, 85, 84, 83, 81, 80, 86, 87, 88]]
126: [[43, 22, 7, 3, 2, 12, 14, 5, 1, 15, 6, 13, 29, 70, 36, 31, 24, 4, 25, 23, 28, 16], [19, 8, 10, 11, 9, 21, 17, 18, 20, 59, 27, 50, 30, 26, 39, 44, 33, 35, 34, 51, 45, 40], [38, 32, 37, 46, 57, 42, 61, 47, 48, 49, 41, 52, 55, 53, 54, 60, 58, 56, 62, 63, 64, 65], [67, 77, 69, 74, 68, 66, 73, 79, 71, 72, 76, 78, 82, 75, 85, 84, 83, 81, 80, 86, 87, 88]]
127: [[43, 22, 7, 3, 2, 12, 14, 5, 1, 15, 6, 13, 29, 70, 36, 31, 24, 4, 25, 23, 28, 16], [19, 8, 10, 11, 9, 21, 17, 18, 20, 59, 27, 50, 30, 26, 39, 44, 33, 35, 34, 51, 45, 40], [38, 32, 37, 46, 57, 42, 61, 47, 48, 49, 41, 52, 55, 53, 54, 60, 58, 56, 62, 63, 64, 65], [67, 77, 69, 74, 68, 66, 73, 79, 71, 72, 76, 78, 82, 75, 85, 84, 83, 81, 80, 86, 87, 88]]
128: [[43, 22, 7, 3, 2, 12, 14, 5, 1, 15, 6, 13, 29, 70, 36, 31, 24, 4, 25, 23, 28, 16], [19, 8, 10, 11, 9, 21, 17, 18, 20, 59, 27, 50, 30, 26, 39, 44, 33, 35, 34, 51, 45, 40], [38, 32, 37, 46, 57, 42, 61, 47, 48, 49, 41, 52, 55, 53, 54, 60, 58, 56, 62, 63, 64, 65], [67, 77, 69, 74, 68, 66, 73, 79, 71, 72, 76, 78, 82, 75, 85, 84, 83, 81, 80, 86, 87, 88]]
129: [[43, 22, 7, 3, 2, 12, 14, 5, 1, 15, 6, 13, 29, 70, 36, 31, 24, 4, 25, 23, 28, 16], [19, 8, 10, 11, 9, 21, 17, 18, 20, 59, 27, 50, 30, 26, 39, 44, 33, 35, 34, 51, 45, 40], [38, 32, 37, 46, 57, 42, 61, 47, 48, 49, 41, 52, 55, 53, 54, 60, 58, 56, 62, 63, 64, 65], [67, 77, 69, 74, 68, 66, 73, 79, 71, 72, 76, 78, 82, 75, 85, 84, 83, 81, 80, 86, 87, 88]]
130: [[43, 22, 7, 3, 2, 12, 14, 5, 1, 15, 6, 13, 29, 70, 36, 31, 24, 4, 25, 23, 28, 16], [19, 8, 10, 11, 9, 21, 17, 18, 20, 59, 27, 50, 30, 26, 39, 44, 33, 35, 34, 51, 45, 40], [38, 32, 37, 46, 57, 42, 61, 47, 48, 49, 41, 52, 55, 53, 54, 60, 58, 56, 62, 63, 64, 65], [67, 77, 69, 74, 68, 66, 73, 79, 71, 72, 76, 78, 82, 75, 85, 84, 83, 81, 80, 86, 87, 88]]
131: [[43, 22, 7, 3, 2, 12, 14, 5, 1, 15, 6, 13, 29, 70, 36, 31, 24, 4, 25, 23, 28, 16], [19, 8, 10, 11, 9, 21, 17, 18, 20, 59, 27, 50, 30, 26, 39, 44, 33, 35, 34, 51, 45, 40], [38, 32, 37, 46, 57, 42, 61, 47, 48, 49, 41, 52, 55, 53, 54, 60, 58, 56, 62, 63, 64, 65], [67, 77, 69, 74, 68, 66, 73, 79, 71, 72, 76, 78, 82, 75, 85, 84, 83, 81, 80, 86, 87, 88]]
132: [[43, 22, 7, 3, 2, 12, 14, 5, 1, 15, 6, 13, 29, 70, 36, 31, 24, 4, 25, 23, 28, 16], [19, 8, 10, 11, 9, 21, 17, 18, 20, 59, 27, 50, 30, 26, 39, 44, 33, 35, 34, 51, 45, 40], [38, 32, 37, 46, 57, 42, 61, 47, 48, 49, 41, 52, 55, 53, 54, 60, 58, 56, 62, 63, 64, 65], [67, 77, 69, 74, 68, 66, 73, 79, 71, 72, 76, 78, 82, 75, 85, 84, 83, 81, 80, 86, 87, 88]]
133: [[43, 22, 7, 3, 2, 12, 14, 5, 1, 15, 6, 13, 29, 70, 36, 31, 24, 4, 25, 23, 28, 16], [19, 8, 10, 11, 9, 21, 17, 18, 20, 59, 27, 50, 30, 26, 39, 44, 33, 35, 34, 51, 45, 40], [38, 32, 37, 46, 57, 42, 61, 47, 48, 49, 41, 52, 55, 53, 54, 60, 58, 56, 62, 63, 64, 65], [67, 77, 69, 74, 68, 66, 73, 79, 71, 72, 76, 78, 82, 75, 85, 84, 83, 81, 80, 86, 87, 88]]
134: [[43, 22, 7, 3, 2, 12, 14, 5, 1, 15, 6, 13, 29, 70, 36, 31, 24, 4, 25, 23, 28, 16], [19, 8, 10, 11, 9, 21, 17, 18, 20, 59, 27, 50, 30, 26, 39, 44, 33, 35, 34, 51, 45, 40], [38, 32, 37, 46, 57, 42, 61, 47, 48, 49, 41, 52, 55, 53, 54, 60, 58, 56, 62, 63, 64, 65], [67, 77, 69, 74, 68, 66, 73, 79, 71, 72, 76, 78, 82, 75, 85, 84, 83, 81, 80, 86, 87, 88]]
135: [[43, 22, 7, 3, 2, 12, 14, 5, 1, 15, 6, 13, 29, 70, 36, 31, 24, 4, 25, 23, 28, 16], [19, 8, 10, 11, 9, 21, 17, 18, 20, 59, 27, 50, 30, 26, 39, 44, 33, 35, 34, 51, 45, 40], [38, 32, 37, 46, 57, 42, 61, 47, 48, 49, 41, 52, 55, 53, 54, 60, 58, 56, 62, 63, 64, 65], [67, 77, 69, 74, 68, 66, 73, 79, 71, 72, 76, 78, 82, 75, 85, 84, 83, 81, 80, 86, 87, 88]]
136: [[43, 22, 7, 3, 2, 12, 14, 5, 1, 15, 6, 13, 29, 70, 36, 31, 24, 4, 25, 23, 28, 16], [19, 8, 10, 11, 9, 21, 17, 18, 20, 59, 27, 50, 30, 26, 39, 44, 33, 35, 34, 51, 45, 40], [38, 32, 37, 46, 57, 42, 61, 47, 48, 49, 41, 52, 55, 53, 54, 60, 58, 56, 62, 63, 64, 65], [67, 77, 69, 74, 68, 66, 73, 79, 71, 72, 76, 78, 82, 75, 85, 84, 83, 81, 80, 86, 87, 88]]
137: [[43, 22, 7, 3, 2, 12, 14, 5, 1, 15, 6, 13, 29, 70, 36, 31, 24, 4, 25, 23, 28, 16], [19, 8, 10, 11, 9, 21, 17, 18, 20, 59, 27, 50, 30, 26, 39, 44, 33, 35, 34, 51, 45, 40], [38, 32, 37, 46, 57, 42, 61, 47, 48, 49, 41, 52, 55, 53, 54, 60, 58, 56, 62, 63, 64, 65], [67, 77, 69, 74, 68, 66, 73, 79, 71, 72, 76, 78, 82, 75, 85, 84, 83, 81, 80, 86, 87, 88]]
138: [[43, 22, 7, 3, 2, 12, 14, 5, 1, 15, 6, 13, 29, 70, 36, 31, 24, 4, 25, 23, 28, 16], [19, 8, 10, 11, 9, 21, 17, 18, 20, 59, 27, 50, 30, 26, 39, 44, 33, 35, 34, 51, 45, 40], [38, 32, 37, 46, 57, 42, 61, 47, 48, 49, 41, 52, 55, 53, 54, 60, 58, 56, 62, 63, 64, 65], [67, 77, 69, 74, 68, 66, 73, 79, 71, 72, 76, 78, 82, 75, 85, 84, 83, 81, 80, 86, 87, 88]]
139: [[43, 22, 7, 3, 2, 12, 14, 5, 1, 15, 6, 13, 29, 70, 36, 31, 24, 4, 25, 23, 28, 16], [19, 8, 10, 11, 9, 21, 17, 18, 20, 59, 27, 50, 30, 26, 39, 44, 33, 35, 34, 51, 45, 40], [38, 32, 37, 46, 57, 42, 61, 47, 48, 49, 41, 52, 55, 53, 54, 60, 58, 56, 62, 63, 64, 65], [67, 77, 69, 74, 68, 66, 73, 79, 71, 72, 76, 78, 82, 75, 85, 84, 83, 81, 80, 86, 87, 88]]
140: [[43, 22, 7, 3, 2, 12, 14, 5, 1, 15, 6, 13, 29, 70, 36, 31, 24, 4, 25, 23, 28, 16], [19, 8, 10, 11, 9, 21, 17, 18, 20, 59, 27, 50, 30, 26, 39, 44, 33, 35, 34, 51, 45, 40], [38, 32, 37, 46, 57, 42, 61, 47, 48, 49, 41, 52, 55, 53, 54, 60, 58, 56, 62, 63, 64, 65], [67, 77, 69, 74, 68, 66, 73, 79, 71, 72, 76, 78, 82, 75, 85, 84, 83, 81, 80, 86, 87, 88]]
141: [[43, 22, 7, 3, 2, 12, 14, 5, 1, 15, 6, 13, 29, 70, 36, 31, 24, 4, 25, 23, 28, 16], [19, 8, 10, 11, 9, 21, 17, 18, 20, 59, 27, 50, 30, 26, 39, 44, 33, 35, 34, 51, 45, 40], [38, 32, 37, 46, 57, 42, 61, 47, 48, 49, 41, 52, 55, 53, 54, 60, 58, 56, 62, 63, 64, 65], [67, 77, 69, 74, 68, 66, 73, 79, 71, 72, 76, 78, 82, 75, 85, 84, 83, 81, 80, 86, 87, 88]]
142: [[43, 22, 7, 3, 2, 12, 14, 5, 1, 15, 6, 13, 29, 70, 36, 31, 24, 4, 25, 23, 28, 16], [19, 8, 10, 11, 9, 21, 17, 18, 20, 59, 27, 50, 30, 26, 39, 44, 33, 35, 34, 51, 45, 40], [38, 32, 37, 46, 57, 42, 61, 47, 48, 49, 41, 52, 55, 53, 54, 60, 58, 56, 62, 63, 64, 65], [67, 77, 69, 74, 68, 66, 73, 79, 71, 72, 76, 78, 82, 75, 85, 84, 83, 81, 80, 86, 87, 88]]
143: [[43, 22, 7, 3, 2, 12, 14, 5, 1, 15, 6, 13, 29, 70, 36, 31, 24, 4, 25, 23, 28, 16], [19, 8, 10, 11, 9, 21, 17, 18, 20, 59, 27, 50, 30, 26, 39, 44, 33, 35, 34, 51, 45, 40], [38, 32, 37, 46, 57, 42, 61, 47, 48, 49, 41, 52, 55, 53, 54, 60, 58, 56, 62, 63, 64, 65], [67, 77, 69, 74, 68, 66, 73, 79, 71, 72, 76, 78, 82, 75, 85, 84, 83, 81, 80, 86, 87, 88]]
144: [[43, 22, 7, 3, 2, 12, 14, 5, 1, 15, 6, 13, 29, 70, 36, 31, 24, 4, 25, 23, 28, 16], [19, 8, 10, 11, 9, 21, 17, 18, 20, 59, 27, 50, 30, 26, 39, 44, 33, 35, 34, 51, 45, 40], [38, 32, 37, 46, 57, 42, 61, 47, 48, 49, 41, 52, 55, 53, 54, 60, 58, 56, 62, 63, 64, 65], [67, 77, 69, 74, 68, 66, 73, 79, 71, 72, 76, 78, 82, 75, 85, 84, 83, 81, 80, 86, 87, 88]]
145: [[43, 22, 7, 3, 2, 12, 14, 5, 1, 15, 6, 13, 29, 70, 36, 31, 24, 4, 25, 23, 28, 16], [19, 8, 10, 11, 9, 21, 17, 18, 20, 59, 27, 50, 30, 26, 39, 44, 33, 35, 34, 51, 45, 40], [38, 32, 37, 46, 57, 42, 61, 47, 48, 49, 41, 52, 55, 53, 54, 60, 58, 56, 62, 63, 64, 65], [67, 77, 69, 74, 68, 66, 73, 79, 71, 72, 76, 78, 82, 75, 85, 84, 83, 81, 80, 86, 87, 88]]
146: [[43, 22, 7, 3, 2, 12, 14, 5, 1, 15, 6, 13, 29, 70, 36, 31, 24, 4, 25, 23, 28, 16], [19, 8, 10, 11, 9, 21, 17, 18, 20, 59, 27, 50, 30, 26, 39, 44, 33, 35, 34, 51, 45, 40], [38, 32, 37, 46, 57, 42, 61, 47, 48, 49, 41, 52, 55, 53, 54, 60, 58, 56, 62, 63, 64, 65], [67, 77, 69, 74, 68, 66, 73, 79, 71, 72, 76, 78, 82, 75, 85, 84, 83, 81, 80, 86, 87, 88]]
147: [[43, 22, 7, 3, 2, 12, 14, 5, 1, 15, 6, 13, 29, 70, 36, 31, 24, 4, 25, 23, 28, 16], [19, 8, 10, 11, 9, 21, 17, 18, 20, 59, 27, 50, 30, 26, 39, 44, 33, 35, 34, 51, 45, 40], [38, 32, 37, 46, 57, 42, 61, 47, 48, 49, 41, 52, 55, 53, 54, 60, 58, 56, 62, 63, 64, 65], [67, 77, 69, 74, 68, 66, 73, 79, 71, 72, 76, 78, 82, 75, 85, 84, 83, 81, 80, 86, 87, 88]]
148: [[43, 22, 7, 3, 2, 12, 14, 5, 1, 15, 6, 13, 29, 70, 36, 31, 24, 4, 25, 23, 28, 16], [19, 8, 10, 11, 9, 21, 17, 18, 20, 59, 27, 50, 30, 26, 39, 44, 33, 35, 34, 51, 45, 40], [38, 32, 37, 46, 57, 42, 61, 47, 48, 49, 41, 52, 55, 53, 54, 60, 58, 56, 62, 63, 64, 65], [67, 77, 69, 74, 68, 66, 73, 79, 71, 72, 76, 78, 82, 75, 85, 84, 83, 81, 80, 86, 87, 88]]
149: [[43, 22, 7, 3, 2, 12, 14, 5, 1, 15, 6, 13, 29, 70, 36, 31, 24, 4, 25, 23, 28, 16], [19, 8, 10, 11, 9, 21, 17, 18, 20, 59, 27, 50, 30, 26, 39, 44, 33, 35, 34, 51, 45, 40], [38, 32, 37, 46, 57, 42, 61, 47, 48, 49, 41, 52, 55, 53, 54, 60, 58, 56, 62, 63, 64, 65], [67, 77, 69, 74, 68, 66, 73, 79, 71, 72, 76, 78, 82, 75, 85, 84, 83, 81, 80, 86, 87, 88]]
150: [[43, 22, 7, 3, 2, 12, 14, 5, 1, 15, 6, 13, 29, 70, 36, 31, 24, 4, 25, 23, 28, 16], [19, 8, 10, 11, 9, 21, 17, 18, 20, 59, 27, 50, 30, 26, 39, 44, 33, 35, 34, 51, 45, 40], [38, 32, 37, 46, 57, 42, 61, 47, 48, 49, 41, 52, 55, 53, 54, 60, 58, 56, 62, 63, 64, 65], [67, 77, 69, 74, 68, 66, 73, 79, 71, 72, 76, 78, 82, 75, 85, 84, 83, 81, 80, 86, 87, 88]]
151: [[43, 22, 7, 3, 2, 12, 14, 5, 1, 15, 6, 13, 29, 70, 36, 31, 24, 4, 25, 23, 28, 16], [19, 8, 10, 11, 9, 21, 17, 18, 20, 59, 27, 50, 30, 26, 39, 44, 33, 35, 34, 51, 45, 40], [38, 32, 37, 46, 57, 42, 61, 47, 48, 49, 41, 52, 55, 53, 54, 60, 58, 56, 62, 63, 64, 65], [67, 77, 69, 74, 68, 66, 73, 79, 71, 72, 76, 78, 82, 75, 85, 84, 83, 81, 80, 86, 87, 88]]
152: [[43, 22, 7, 3, 2, 12, 14, 5, 1, 15, 6, 13, 29, 70, 36, 31, 24, 4, 25, 23, 28, 16], [19, 8, 10, 11, 9, 21, 17, 18, 20, 59, 27, 50, 30, 26, 39, 44, 33, 35, 34, 51, 45, 40], [38, 32, 37, 46, 57, 42, 61, 47, 48, 49, 41, 52, 55, 53, 54, 60, 58, 56, 62, 63, 64, 65], [67, 77, 69, 74, 68, 66, 73, 79, 71, 72, 76, 78, 82, 75, 85, 84, 83, 81, 80, 86, 87, 88]]
153: [[43, 22, 7, 3, 2, 12, 14, 5, 1, 15, 6, 13, 29, 70, 36, 31, 24, 4, 25, 23, 28, 16], [19, 8, 10, 11, 9, 21, 17, 18, 20, 59, 27, 50, 30, 26, 39, 44, 33, 35, 34, 51, 45, 40], [38, 32, 37, 46, 57, 42, 61, 47, 48, 49, 41, 52, 55, 53, 54, 60, 58, 56, 62, 63, 64, 65], [67, 77, 69, 74, 68, 66, 73, 79, 71, 72, 76, 78, 82, 75, 85, 84, 83, 81, 80, 86, 87, 88]]
154: [[43, 22, 7, 3, 2, 12, 14, 5, 1, 15, 6, 13, 29, 70, 36, 31, 24, 4, 25, 23, 28, 16], [19, 8, 10, 11, 9, 21, 17, 18, 20, 59, 27, 50, 30, 26, 39, 44, 33, 35, 34, 51, 45, 40], [38, 32, 37, 46, 57, 42, 61, 47, 48, 49, 41, 52, 55, 53, 54, 60, 58, 56, 62, 63, 64, 65], [67, 77, 69, 74, 68, 66, 73, 79, 71, 72, 76, 78, 82, 75, 85, 84, 83, 81, 80, 86, 87, 88]]
155: [[43, 22, 7, 3, 2, 12, 14, 5, 1, 15, 6, 13, 29, 70, 36, 31, 24, 4, 25, 23, 28, 16], [19, 8, 10, 11, 9, 21, 17, 18, 20, 59, 27, 50, 30, 26, 39, 44, 33, 35, 34, 51, 45, 40], [38, 32, 37, 46, 57, 42, 61, 47, 48, 49, 41, 52, 55, 53, 54, 60, 58, 56, 62, 63, 64, 65], [67, 77, 69, 74, 68, 66, 73, 79, 71, 72, 76, 78, 82, 75, 85, 84, 83, 81, 80, 86, 87, 88]]
156: [[43, 22, 7, 3, 2, 12, 14, 5, 1, 15, 6, 13, 29, 70, 36, 31, 24, 4, 25, 23, 28, 16], [19, 8, 10, 11, 9, 21, 17, 18, 20, 59, 27, 50, 30, 26, 39, 44, 33, 35, 34, 51, 45, 40], [38, 32, 37, 46, 57, 42, 61, 47, 48, 49, 41, 52, 55, 53, 54, 60, 58, 56, 62, 63, 64, 65], [67, 77, 69, 74, 68, 66, 73, 79, 71, 72, 76, 78, 82, 75, 85, 84, 83, 81, 80, 86, 87, 88]]
157: [[43, 22, 7, 3, 2, 12, 14, 5, 1, 15, 6, 13, 29, 70, 36, 31, 24, 4, 25, 23, 28, 16], [19, 8, 10, 11, 9, 21, 17, 18, 20, 59, 27, 50, 30, 26, 39, 44, 33, 35, 34, 51, 45, 40], [38, 32, 37, 46, 57, 42, 61, 47, 48, 49, 41, 52, 55, 53, 54, 60, 58, 56, 62, 63, 64, 65], [67, 77, 69, 74, 68, 66, 73, 79, 71, 72, 76, 78, 82, 75, 85, 84, 83, 81, 80, 86, 87, 88]]
158: [[43, 22, 7, 3, 2, 12, 14, 5, 1, 15, 6, 13, 29, 70, 36, 31, 24, 4, 25, 23, 28, 16], [19, 8, 10, 11, 9, 21, 17, 18, 20, 59, 27, 50, 30, 26, 39, 44, 33, 35, 34, 51, 45, 40], [38, 32, 37, 46, 57, 42, 61, 47, 48, 49, 41, 52, 55, 53, 54, 60, 58, 56, 62, 63, 64, 65], [67, 77, 69, 74, 68, 66, 73, 79, 71, 72, 76, 78, 82, 75, 85, 84, 83, 81, 80, 86, 87, 88]]
159: [[43, 22, 7, 3, 2, 12, 14, 5, 1, 15, 6, 13, 29, 70, 36, 31, 24, 4, 25, 23, 28, 16], [19, 8, 10, 11, 9, 21, 17, 18, 20, 59, 27, 50, 30, 26, 39, 44, 33, 35, 34, 51, 45, 40], [38, 32, 37, 46, 57, 42, 61, 47, 48, 49, 41, 52, 55, 53, 54, 60, 58, 56, 62, 63, 64, 65], [67, 77, 69, 74, 68, 66, 73, 79, 71, 72, 76, 78, 82, 75, 85, 84, 83, 81, 80, 86, 87, 88]]
160: [[43, 22, 7, 3, 2, 12, 14, 5, 1, 15, 6, 13, 29, 70, 36, 31, 24, 4, 25, 23, 28, 16], [19, 8, 10, 11, 9, 21, 17, 18, 20, 59, 27, 50, 30, 26, 39, 44, 33, 35, 34, 51, 45, 40], [38, 32, 37, 46, 57, 42, 61, 47, 48, 49, 41, 52, 55, 53, 54, 60, 58, 56, 62, 63, 64, 65], [67, 77, 69, 74, 68, 66, 73, 79, 71, 72, 76, 78, 82, 75, 85, 84, 83, 81, 80, 86, 87, 88]]
161: [[43, 22, 7, 3, 2, 12, 14, 5, 1, 15, 6, 13, 29, 70, 36, 31, 24, 4, 25, 23, 28, 16], [19, 8, 10, 11, 9, 21, 17, 18, 20, 59, 27, 50, 30, 26, 39, 44, 33, 35, 34, 51, 45, 40], [38, 32, 37, 46, 57, 42, 61, 47, 48, 49, 41, 52, 55, 53, 54, 60, 58, 56, 62, 63, 64, 65], [67, 77, 69, 74, 68, 66, 73, 79, 71, 72, 76, 78, 82, 75, 85, 84, 83, 81, 80, 86, 87, 88]]
162: [[43, 22, 7, 3, 2, 12, 14, 5, 1, 15, 6, 13, 29, 70, 36, 31, 24, 4, 25, 23, 28, 16], [19, 8, 10, 11, 9, 21, 17, 18, 20, 59, 27, 50, 30, 26, 39, 44, 33, 35, 34, 51, 45, 40], [38, 32, 37, 46, 57, 42, 61, 47, 48, 49, 41, 52, 55, 53, 54, 60, 58, 56, 62, 63, 64, 65], [67, 77, 69, 74, 68, 66, 73, 79, 71, 72, 76, 78, 82, 75, 85, 84, 83, 81, 80, 86, 87, 88]]
163: [[43, 22, 7, 3, 2, 12, 14, 5, 1, 15, 6, 13, 29, 70, 36, 31, 24, 4, 25, 23, 28, 16], [19, 8, 10, 11, 9, 21, 17, 18, 20, 59, 27, 50, 30, 26, 39, 44, 33, 35, 34, 51, 45, 40], [38, 32, 37, 46, 57, 42, 61, 47, 48, 49, 41, 52, 55, 53, 54, 60, 58, 56, 62, 63, 64, 65], [67, 77, 69, 74, 68, 66, 73, 79, 71, 72, 76, 78, 82, 75, 85, 84, 83, 81, 80, 86, 87, 88]]
164: [[43, 22, 7, 3, 2, 12, 14, 5, 1, 15, 6, 13, 29, 70, 36, 31, 24, 4, 25, 23, 28, 16], [19, 8, 10, 11, 9, 21, 17, 18, 20, 59, 27, 50, 30, 26, 39, 44, 33, 35, 34, 51, 45, 40], [38, 32, 37, 46, 57, 42, 61, 47, 48, 49, 41, 52, 55, 53, 54, 60, 58, 56, 62, 63, 64, 65], [67, 77, 69, 74, 68, 66, 73, 79, 71, 72, 76, 78, 82, 75, 85, 84, 83, 81, 80, 86, 87, 88]]
165: [[43, 22, 7, 3, 2, 12, 14, 5, 1, 15, 6, 13, 29, 70, 36, 31, 24, 4, 25, 23, 28, 16], [19, 8, 10, 11, 9, 21, 17, 18, 20, 59, 27, 50, 30, 26, 39, 44, 33, 35, 34, 51, 45, 40], [38, 32, 37, 46, 57, 42, 61, 47, 48, 49, 41, 52, 55, 53, 54, 60, 58, 56, 62, 63, 64, 65], [67, 77, 69, 74, 68, 66, 73, 79, 71, 72, 76, 78, 82, 75, 85, 84, 83, 81, 80, 86, 87, 88]]
166: [[43, 22, 7, 3, 2, 12, 14, 5, 1, 15, 6, 13, 29, 70, 36, 31, 24, 4, 25, 23, 28, 16], [19, 8, 10, 11, 9, 21, 17, 18, 20, 59, 27, 50, 30, 26, 39, 44, 33, 35, 34, 51, 45, 40], [38, 32, 37, 46, 57, 42, 61, 47, 48, 49, 41, 52, 55, 53, 54, 60, 58, 56, 62, 63, 64, 65], [67, 77, 69, 74, 68, 66, 73, 79, 71, 72, 76, 78, 82, 75, 85, 84, 83, 81, 80, 86, 87, 88]]
167: [[43, 22, 7, 3, 2, 12, 14, 5, 1, 15, 6, 13, 29, 70, 36, 31, 24, 4, 25, 23, 28, 16], [19, 8, 10, 11, 9, 21, 17, 18, 20, 59, 27, 50, 30, 26, 39, 44, 33, 35, 34, 51, 45, 40], [38, 32, 37, 46, 57, 42, 61, 47, 48, 49, 41, 52, 55, 53, 54, 60, 58, 56, 62, 63, 64, 65], [67, 77, 69, 74, 68, 66, 73, 79, 71, 72, 76, 78, 82, 75, 85, 84, 83, 81, 80, 86, 87, 88]]
168: [[43, 22, 7, 3, 2, 12, 14, 5, 1, 15, 6, 13, 29, 70, 36, 31, 24, 4, 25, 23, 28, 16], [19, 8, 10, 11, 9, 21, 17, 18, 20, 59, 27, 50, 30, 26, 39, 44, 33, 35, 34, 51, 45, 40], [38, 32, 37, 46, 57, 42, 61, 47, 48, 49, 41, 52, 55, 53, 54, 60, 58, 56, 62, 63, 64, 65], [67, 77, 69, 74, 68, 66, 73, 79, 71, 72, 76, 78, 82, 75, 85, 84, 83, 81, 80, 86, 87, 88]]
169: [[43, 22, 7, 3, 2, 12, 14, 5, 1, 15, 6, 13, 29, 70, 36, 31, 24, 4, 25, 23, 28, 16], [19, 8, 10, 11, 9, 21, 17, 18, 20, 59, 27, 50, 30, 26, 39, 44, 33, 35, 34, 51, 45, 40], [38, 32, 37, 46, 57, 42, 61, 47, 48, 49, 41, 52, 55, 53, 54, 60, 58, 56, 62, 63, 64, 65], [67, 77, 69, 74, 68, 66, 73, 79, 71, 72, 76, 78, 82, 75, 85, 84, 83, 81, 80, 86, 87, 88]]
170: [[43, 22, 7, 3, 2, 12, 14, 5, 1, 15, 6, 13, 29, 70, 36, 31, 24, 4, 25, 23, 28, 16], [19, 8, 10, 11, 9, 21, 17, 18, 20, 59, 27, 50, 30, 26, 39, 44, 33, 35, 34, 51, 45, 40], [38, 32, 37, 46, 57, 42, 61, 47, 48, 49, 41, 52, 55, 53, 54, 60, 58, 56, 62, 63, 64, 65], [67, 77, 69, 74, 68, 66, 73, 79, 71, 72, 76, 78, 82, 75, 85, 84, 83, 81, 80, 86, 87, 88]]
171: [[43, 22, 7, 3, 2, 12, 14, 5, 1, 15, 6, 13, 29, 70, 36, 31, 24, 4, 25, 23, 28, 16], [19, 8, 10, 11, 9, 21, 17, 18, 20, 59, 27, 50, 30, 26, 39, 44, 33, 35, 34, 51, 45, 40], [38, 32, 37, 46, 57, 42, 61, 47, 48, 49, 41, 52, 55, 53, 54, 60, 58, 56, 62, 63, 64, 65], [67, 77, 69, 74, 68, 66, 73, 79, 71, 72, 76, 78, 82, 75, 85, 84, 83, 81, 80, 86, 87, 88]]
172: [[43, 22, 7, 3, 2, 12, 14, 5, 1, 15, 6, 13, 29, 70, 36, 31, 24, 4, 25, 23, 28, 16], [19, 8, 10, 11, 9, 21, 17, 18, 20, 59, 27, 50, 30, 26, 39, 44, 33, 35, 34, 51, 45, 40], [38, 32, 37, 46, 57, 42, 61, 47, 48, 49, 41, 52, 55, 53, 54, 60, 58, 56, 62, 63, 64, 65], [67, 77, 69, 74, 68, 66, 73, 79, 71, 72, 76, 78, 82, 75, 85, 84, 83, 81, 80, 86, 87, 88]]
173: [[43, 22, 7, 3, 2, 12, 14, 5, 1, 15, 6, 13, 29, 70, 36, 31, 24, 4, 25, 23, 28, 16], [19, 8, 10, 11, 9, 21, 17, 18, 20, 59, 27, 50, 30, 26, 39, 44, 33, 35, 34, 51, 45, 40], [38, 32, 37, 46, 57, 42, 61, 47, 48, 49, 41, 52, 55, 53, 54, 60, 58, 56, 62, 63, 64, 65], [67, 77, 69, 74, 68, 66, 73, 79, 71, 72, 76, 78, 82, 75, 85, 84, 83, 81, 80, 86, 87, 88]]
174: [[43, 22, 7, 3, 2, 12, 14, 5, 1, 15, 6, 13, 29, 70, 36, 31, 24, 4, 25, 23, 28, 16], [19, 8, 10, 11, 9, 21, 17, 18, 20, 59, 27, 50, 30, 26, 39, 44, 33, 35, 34, 51, 45, 40], [38, 32, 37, 46, 57, 42, 61, 47, 48, 49, 41, 52, 55, 53, 54, 60, 58, 56, 62, 63, 64, 65], [67, 77, 69, 74, 68, 66, 73, 79, 71, 72, 76, 78, 82, 75, 85, 84, 83, 81, 80, 86, 87, 88]]
175: [[43, 22, 7, 3, 2, 12, 14, 5, 1, 15, 6, 13, 29, 70, 36, 31, 24, 4, 25, 23, 28, 16], [19, 8, 10, 11, 9, 21, 17, 18, 20, 59, 27, 50, 30, 26, 39, 44, 33, 35, 34, 51, 45, 40], [38, 32, 37, 46, 57, 42, 61, 47, 48, 49, 41, 52, 55, 53, 54, 60, 58, 56, 62, 63, 64, 65], [67, 77, 69, 74, 68, 66, 73, 79, 71, 72, 76, 78, 82, 75, 85, 84, 83, 81, 80, 86, 87, 88]]
