0: [[3, 1, 69, 28, 22, 6, 14, 2, 4, 9, 15, 36, 5, 29, 24, 7, 18, 13, 12, 23, 25, 16], [10, 50, 17, 11, 8, 27, 21, 20, 59, 19, 26, 30, 31, 53, 51, 34, 32, 40, 33, 44, 35, 39], [45, 37, 38, 46, 41, 42, 43, 47, 48, 49, 52, 54, 55, 56, 57, 58, 63, 60, 61, 62, 64, 67], [65, 70, 66, 76, 68, 79, 71, 72, 75, 73, 74, 77, 78, 81, 82, 80, 87, 83, 84, 85, 86, 88]]
1: [[3, 1, 69, 28, 22, 6, 14, 2, 4, 9, 15, 36, 5, 29, 24, 7, 18, 13, 12, 23, 25, 16], [10, 50, 17, 11, 8, 27, 21, 20, 59, 19, 26, 30, 31, 53, 51, 34, 32, 40, 33, 44, 35, 39], [45, 37, 38, 46, 41, 42, 43, 47, 48, 49, 52, 54, 55, 56, 57, 58, 63, 60, 61, 62, 64, 67], [65, 70, 66, 76, 68, 79, 71, 72, 75, 73, 74, 77, 78, 81, 82, 80, 87, 83, 84, 85, 86, 88]]
2: [[3, 1, 69, 28, 22, 6, 14, 2, 4, 9, 15, 36, 5, 29, 24, 7, 18, 13, 12, 23, 25, 16], [10, 50, 17, 11, 8, 27, 21, 20, 59, 19, 26, 30, 31, 53, 51, 34, 32, 40, 33, 44, 35, 39], [45, 37, 38, 46, 41, 42, 43, 47, 48, 49, 52, 54, 55, 56, 57, 58, 63, 60, 61, 62, 64, 67], [65, 70, 66, 76, 68, 79, 71, 72, 75, 73, 74, 77, 78, 81, 82, 80, 87, 83, 84, 85, 86, 88]]
3: [[3, 1, 69, 28, 22, 6, 14, 2, 4, 9, 15, 36, 5, 29, 24, 7, 18, 13, 12, 23, 25, 16], [10, 50, 17, 11, 8, 27, 21, 20, 59, 19, 26, 30, 31, 53, 51, 34, 32, 40, 33, 44, 35, 39], [45, 37, 38, 46, 41, 42, 43, 47, 48, 49, 52, 54, 55, 56, 57, 58, 63, 60, 61, 62, 64, 67], [65, 70, 66, 76, 68, 79, 71, 72, 75, 73, 74, 77, 78, 81, 82, 80, 87, 83, 84, 85, 86, 88]]
4: [[3, 1, 69, 28, 22, 6, 14, 2, 4, 9, 15, 36, 5, 29, 24, 7, 18, 13, 12, 23, 25, 16], [10, 50, 17, 11, 8, 27, 21, 20, 59, 19, 26, 30, 31, 53, 51, 34, 32, 40, 33, 44, 35, 39], [45, 37, 38, 46, 41, 42, 43, 47, 48, 49, 52, 54, 55, 56, 57, 58, 63, 60, 61, 62, 64, 67], [65, 70, 66, 76, 68, 79, 71, 72, 75, 73, 74, 77, 78, 81, 82, 80, 87, 83, 84, 85, 86, 88]]
5: [[3, 1, 69, 28, 22, 6, 14, 2, 4, 9, 15, 36, 5, 29, 24, 7, 18, 13, 12, 23, 25, 16], [10, 50, 17, 11, 8, 27, 21, 20, 59, 19, 26, 30, 31, 53, 51, 34, 32, 40, 33, 44, 35, 39], [45, 37, 38, 46, 41, 42, 43, 47, 48, 49, 52, 54, 55, 56, 57, 58, 63, 60, 61, 62, 64, 67], [65, 70, 66, 76, 68, 79, 71, 72, 75, 73, 74, 77, 78, 81, 82, 80, 87, 83, 84, 85, 86, 88]]
6: [[3, 1, 69, 28, 22, 6, 14, 2, 4, 9, 15, 36, 5, 29, 24, 7, 18, 13, 12, 23, 25, 16], [10, 50, 17, 11, 8, 27, 21, 20, 59, 19, 26, 30, 31, 53, 51, 34, 32, 40, 33, 44, 35, 39], [45, 37, 38, 46, 41, 42, 43, 47, 48, 49, 52, 54, 55, 56, 57, 58, 63, 60, 61, 62, 64, 67], [65, 70, 66, 76, 68, 79, 71, 72, 75, 73, 74, 77, 78, 81, 82, 80, 87, 83, 84, 85, 86, 88]]
7: [[3, 1, 69, 28, 22, 6, 14, 2, 4, 9, 15, 36, 5, 29, 24, 7, 18, 13, 12, 23, 25, 16], [10, 50, 17, 11, 8, 27, 21, 20, 59, 19, 26, 30, 31, 53, 51, 34, 32, 40, 33, 44, 35, 39], [45, 37, 38, 46, 41, 42, 43, 47, 48, 49, 52, 54, 55, 56, 57, 58, 63, 60, 61, 62, 64, 67], [65, 70, 66, 76, 68, 79, 71, 72, 75, 73, 74, 77, 78, 81, 82, 80, 87, 83, 84, 85, 86, 88]]
8: [[3, 1, 69, 28, 22, 6, 14, 2, 4, 9, 15, 36, 5, 29, 24, 7, 18, 13, 12, 23, 25, 16], [10, 50, 17, 11, 8, 27, 21, 20, 59, 19, 26, 30, 31, 53, 51, 34, 32, 40, 33, 44, 35, 39], [45, 37, 38, 46, 41, 42, 43, 47, 48, 49, 52, 54, 55, 56, 57, 58, 63, 60, 61, 62, 64, 67], [65, 70, 66, 76, 68, 79, 71, 72, 75, 73, 74, 77, 78, 81, 82, 80, 87, 83, 84, 85, 86, 88]]
9: [[3, 1, 69, 28, 22, 6, 14, 2, 4, 9, 15, 36, 5, 29, 24, 7, 18, 13, 12, 23, 25, 16], [10, 50, 17, 11, 8, 27, 21, 20, 59, 19, 26, 30, 31, 53, 51, 34, 32, 40, 33, 44, 35, 39], [45, 37, 38, 46, 41, 42, 43, 47, 48, 49, 52, 54, 55, 56, 57, 58, 63, 60, 61, 62, 64, 67], [65, 70, 66, 76, 68, 79, 71, 72, 75, 73, 74, 77, 78, 81, 82, 80, 87, 83, 84, 85, 86, 88]]
10: [[3, 1, 69, 28, 22, 6, 14, 2, 4, 9, 15, 36, 5, 29, 24, 7, 18, 13, 12, 23, 25, 16], [10, 50, 17, 11, 8, 27, 21, 20, 59, 19, 26, 30, 31, 53, 51, 34, 32, 40, 33, 44, 35, 39], [45, 37, 38, 46, 41, 42, 43, 47, 48, 49, 52, 54, 55, 56, 57, 58, 63, 60, 61, 62, 64, 67], [65, 70, 66, 76, 68, 79, 71, 72, 75, 73, 74, 77, 78, 81, 82, 80, 87, 83, 84, 85, 86, 88]]
11: [[3, 1, 69, 28, 22, 6, 14, 2, 4, 9, 15, 36, 5, 29, 24, 7, 18, 13, 12, 23, 25, 16], [10, 50, 17, 11, 8, 27, 21, 20, 59, 19, 26, 30, 31, 53, 51, 34, 32, 40, 33, 44, 35, 39], [45, 37, 38, 46, 41, 42, 43, 47, 48, 49, 52, 54, 55, 56, 57, 58, 63, 60, 61, 62, 64, 67], [65, 70, 66, 76, 68, 79, 71, 72, 75, 73, 74, 77, 78, 81, 82, 80, 87, 83, 84, 85, 86, 88]]
12: [[3, 1, 69, 28, 22, 6, 14, 2, 4, 9, 15, 36, 5, 29, 24, 7, 18, 13, 12, 23, 25, 16], [10, 50, 17, 11, 8, 27, 21, 20, 59, 19, 26, 30, 31, 53, 51, 34, 32, 40, 33, 44, 35, 39], [45, 37, 38, 46, 41, 42, 43, 47, 48, 49, 52, 54, 55, 56, 57, 58, 63, 60, 61, 62, 64, 67], [65, 70, 66, 76, 68, 79, 71, 72, 75, 73, 74, 77, 78, 81, 82, 80, 87, 83, 84, 85, 86, 88]]
13: [[3, 1, 69, 28, 22, 6, 14, 2, 4, 9, 15, 36, 5, 29, 24, 7, 18, 13, 12, 23, 25, 16], [10, 50, 17, 11, 8, 27, 21, 20, 59, 19, 26, 30, 31, 53, 51, 34, 32, 40, 33, 44, 35, 39], [45, 37, 38, 46, 41, 42, 43, 47, 48, 49, 52, 54, 55, 56, 57, 58, 63, 60, 61, 62, 64, 67], [65, 70, 66, 76, 68, 79, 71, 72, 75, 73, 74, 77, 78, 81, 82, 80, 87, 83, 84, 85, 86, 88]]
14: [[3, 1, 69, 28, 22, 6, 14, 2, 4, 9, 15, 36, 5, 29, 24, 7, 18, 13, 12, 23, 25, 16], [10, 50, 17, 11, 8, 27, 21, 20, 59, 19, 26, 30, 31, 53, 51, 34, 32, 40, 33, 44, 35, 39], [45, 37, 38, 46, 41, 42, 43, 47, 48, 49, 52, 54, 55, 56, 57, 58, 63, 60, 61, 62, 64, 67], [65, 70, 66, 76, 68, 79, 71, 72, 75, 73, 74, 77, 78, 81, 82, 80, 87, 83, 84, 85, 86, 88]]
15: [[3, 1, 69, 28, 22, 6, 14, 2, 4, 9, 15, 36, 5, 29, 24, 7, 18, 13, 12, 23, 25, 16], [10, 50, 17, 11, 8, 27, 21, 20, 59, 19, 26, 30, 31, 53, 51, 34, 32, 40, 33, 44, 35, 39], [45, 37, 38, 46, 41, 42, 43, 47, 48, 49, 52, 54, 55, 56, 57, 58, 63, 60, 61, 62, 64, 67], [65, 70, 66, 76, 68, 79, 71, 72, 75, 73, 74, 77, 78, 81, 82, 80, 87, 83, 84, 85, 86, 88]]
16: [[3, 1, 69, 28, 22, 6, 14, 2, 4, 9, 15, 36, 5, 29, 24, 7, 18, 13, 12, 23, 25, 16], [10, 50, 17, 11, 8, 27, 21, 20, 59, 19, 26, 30, 31, 53, 51, 34, 32, 40, 33, 44, 35, 39], [45, 37, 38, 46, 41, 42, 43, 47, 48, 49, 52, 54, 55, 56, 57, 58, 63, 60, 61, 62, 64, 67], [65, 70, 66, 76, 68, 79, 71, 72, 75, 73, 74, 77, 78, 81, 82, 80, 87, 83, 84, 85, 86, 88]]
17: [[3, 1, 69, 28, 22, 6, 14, 2, 4, 9, 15, 36, 5, 29, 24, 7, 18, 13, 12, 23, 25, 16], [10, 50, 17, 11, 8, 27, 21, 20, 59, 19, 26, 30, 31, 53, 51, 34, 32, 40, 33, 44, 35, 39], [45, 37, 38, 46, 41, 42, 43, 47, 48, 49, 52, 54, 55, 56, 57, 58, 63, 60, 61, 62, 64, 67], [65, 70, 66, 76, 68, 79, 71, 72, 75, 73, 74, 77, 78, 81, 82, 80, 87, 83, 84, 85, 86, 88]]
18: [[3, 1, 69, 28, 22, 6, 14, 2, 4, 9, 15, 36, 5, 29, 24, 7, 18, 13, 12, 23, 25, 16], [10, 50, 17, 11, 8, 27, 21, 20, 59, 19, 26, 30, 31, 53, 51, 34, 32, 40, 33, 44, 35, 39], [45, 37, 38, 46, 41, 42, 43, 47, 48, 49, 52, 54, 55, 56, 57, 58, 63, 60, 61, 62, 64, 67], [65, 70, 66, 76, 68, 79, 71, 72, 75, 73, 74, 77, 78, 81, 82, 80, 87, 83, 84, 85, 86, 88]]
19: [[3, 1, 69, 28, 22, 6, 14, 2, 4, 9, 15, 36, 5, 29, 24, 7, 18, 13, 12, 23, 25, 16], [10, 50, 17, 11, 8, 27, 21, 20, 59, 19, 26, 30, 31, 53, 51, 34, 32, 40, 33, 44, 35, 39], [45, 37, 38, 46, 41, 42, 43, 47, 48, 49, 52, 54, 55, 56, 57, 58, 63, 60, 61, 62, 64, 67], [65, 70, 66, 76, 68, 79, 71, 72, 75, 73, 74, 77, 78, 81, 82, 80, 87, 83, 84, 85, 86, 88]]
20: [[3, 1, 69, 28, 22, 6, 14, 2, 4, 9, 15, 36, 5, 29, 24, 7, 18, 13, 12, 23, 25, 16], [10, 50, 17, 11, 8, 27, 21, 20, 59, 19, 26, 30, 31, 53, 51, 34, 32, 40, 33, 44, 35, 39], [45, 37, 38, 46, 41, 42, 43, 47, 48, 49, 52, 54, 55, 56, 57, 58, 63, 60, 61, 62, 64, 67], [65, 70, 66, 76, 68, 79, 71, 72, 75, 73, 74, 77, 78, 81, 82, 80, 87, 83, 84, 85, 86, 88]]
21: [[3, 1, 69, 28, 22, 6, 14, 2, 4, 9, 15, 36, 5, 29, 24, 7, 18, 13, 12, 23, 25, 16], [10, 50, 17, 11, 8, 27, 21, 20, 59, 19, 26, 30, 31, 53, 51, 34, 32, 40, 33, 44, 35, 39], [45, 37, 38, 46, 41, 42, 43, 47, 48, 49, 52, 54, 55, 56, 57, 58, 63, 60, 61, 62, 64, 67], [65, 70, 66, 76, 68, 79, 71, 72, 75, 73, 74, 77, 78, 81, 82, 80, 87, 83, 84, 85, 86, 88]]
22: [[3, 1, 69, 28, 22, 6, 14, 2, 4, 9, 15, 36, 5, 29, 24, 7, 18, 13, 12, 23, 25, 16], [10, 50, 17, 11, 8, 27, 21, 20, 59, 19, 26, 30, 31, 53, 51, 34, 32, 40, 33, 44, 35, 39], [45, 37, 38, 46, 41, 42, 43, 47, 48, 49, 52, 54, 55, 56, 57, 58, 63, 60, 61, 62, 64, 67], [65, 70, 66, 76, 68, 79, 71, 72, 75, 73, 74, 77, 78, 81, 82, 80, 87, 83, 84, 85, 86, 88]]
23: [[3, 1, 69, 28, 22, 6, 14, 2, 4, 9, 15, 36, 5, 29, 24, 7, 18, 13, 12, 23, 25, 16], [10, 50, 17, 11, 8, 27, 21, 20, 59, 19, 26, 30, 31, 53, 51, 34, 32, 40, 33, 44, 35, 39], [45, 37, 38, 46, 41, 42, 43, 47, 48, 49, 52, 54, 55, 56, 57, 58, 63, 60, 61, 62, 64, 67], [65, 70, 66, 76, 68, 79, 71, 72, 75, 73, 74, 77, 78, 81, 82, 80, 87, 83, 84, 85, 86, 88]]
24: [[3, 1, 69, 28, 22, 6, 14, 2, 4, 9, 15, 36, 5, 29, 24, 7, 18, 13, 12, 23, 25, 16], [10, 50, 17, 11, 8, 27, 21, 20, 59, 19, 26, 30, 31, 53, 51, 34, 32, 40, 33, 44, 35, 39], [45, 37, 38, 46, 41, 42, 43, 47, 48, 49, 52, 54, 55, 56, 57, 58, 63, 60, 61, 62, 64, 67], [65, 70, 66, 76, 68, 79, 71, 72, 75, 73, 74, 77, 78, 81, 82, 80, 87, 83, 84, 85, 86, 88]]
25: [[3, 1, 69, 28, 22, 6, 14, 2, 4, 9, 15, 36, 5, 29, 24, 7, 18, 13, 12, 23, 25, 16], [10, 50, 17, 11, 8, 27, 21, 20, 59, 19, 26, 30, 31, 53, 51, 34, 32, 40, 33, 44, 35, 39], [45, 37, 38, 46, 41, 42, 43, 47, 48, 49, 52, 54, 55, 56, 57, 58, 63, 60, 61, 62, 64, 67], [65, 70, 66, 76, 68, 79, 71, 72, 75, 73, 74, 77, 78, 81, 82, 80, 87, 83, 84, 85, 86, 88]]
26: [[3, 1, 69, 28, 22, 6, 14, 2, 4, 9, 15, 36, 5, 29, 24, 7, 18, 13, 12, 23, 25, 16], [10, 50, 17, 11, 8, 27, 21, 20, 59, 19, 26, 30, 31, 53, 51, 34, 32, 40, 33, 44, 35, 39], [45, 37, 38, 46, 41, 42, 43, 47, 48, 49, 52, 54, 55, 56, 57, 58, 63, 60, 61, 62, 64, 67], [65, 70, 66, 76, 68, 79, 71, 72, 75, 73, 74, 77, 78, 81, 82, 80, 87, 83, 84, 85, 86, 88]]
27: [[3, 1, 69, 28, 22, 6, 14, 2, 4, 9, 15, 36, 5, 29, 24, 7, 18, 13, 12, 23, 25, 16], [10, 50, 17, 11, 8, 27, 21, 20, 59, 19, 26, 30, 31, 53, 51, 34, 32, 40, 33, 44, 35, 39], [45, 37, 38, 46, 41, 42, 43, 47, 48, 49, 52, 54, 55, 56, 57, 58, 63, 60, 61, 62, 64, 67], [65, 70, 66, 76, 68, 79, 71, 72, 75, 73, 74, 77, 78, 81, 82, 80, 87, 83, 84, 85, 86, 88]]
28: [[3, 1, 69, 28, 22, 6, 14, 2, 4, 9, 15, 36, 5, 29, 24, 7, 18, 13, 12, 23, 25, 16], [10, 50, 17, 11, 8, 27, 21, 20, 59, 19, 26, 30, 31, 53, 51, 34, 32, 40, 33, 44, 35, 39], [45, 37, 38, 46, 41, 42, 43, 47, 48, 49, 52, 54, 55, 56, 57, 58, 63, 60, 61, 62, 64, 67], [65, 70, 66, 76, 68, 79, 71, 72, 75, 73, 74, 77, 78, 81, 82, 80, 87, 83, 84, 85, 86, 88]]
29: [[3, 1, 69, 28, 22, 6, 14, 2, 4, 9, 15, 36, 5, 29, 24, 7, 18, 13, 12, 23, 25, 16], [10, 50, 17, 11, 8, 27, 21, 20, 59, 19, 26, 30, 31, 53, 51, 34, 32, 40, 33, 44, 35, 39], [45, 37, 38, 46, 41, 42, 43, 47, 48, 49, 52, 54, 55, 56, 57, 58, 63, 60, 61, 62, 64, 67], [65, 70, 66, 76, 68, 79, 71, 72, 75, 73, 74, 77, 78, 81, 82, 80, 87, 83, 84, 85, 86, 88]]
30: [[3, 1, 69, 28, 22, 6, 14, 2, 4, 9, 15, 36, 5, 29, 24, 7, 18, 13, 12, 23, 25, 16], [10, 50, 17, 11, 8, 27, 21, 20, 59, 19, 26, 30, 31, 53, 51, 34, 32, 40, 33, 44, 35, 39], [45, 37, 38, 46, 41, 42, 43, 47, 48, 49, 52, 54, 55, 56, 57, 58, 63, 60, 61, 62, 64, 67], [65, 70, 66, 76, 68, 79, 71, 72, 75, 73, 74, 77, 78, 81, 82, 80, 87, 83, 84, 85, 86, 88]]
31: [[3, 1, 69, 28, 22, 6, 14, 2, 4, 9, 15, 36, 5, 29, 24, 7, 18, 13, 12, 23, 25, 16], [10, 50, 17, 11, 8, 27, 21, 20, 59, 19, 26, 30, 31, 53, 51, 34, 32, 40, 33, 44, 35, 39], [45, 37, 38, 46, 41, 42, 43, 47, 48, 49, 52, 54, 55, 56, 57, 58, 63, 60, 61, 62, 64, 67], [65, 70, 66, 76, 68, 79, 71, 72, 75, 73, 74, 77, 78, 81, 82, 80, 87, 83, 84, 85, 86, 88]]
32: [[3, 1, 69, 28, 22, 6, 14, 2, 4, 9, 15, 36, 5, 29, 24, 7, 18, 13, 12, 23, 25, 16], [10, 50, 17, 11, 8, 27, 21, 20, 59, 19, 26, 30, 31, 53, 51, 34, 32, 40, 33, 44, 35, 39], [45, 37, 38, 46, 41, 42, 43, 47, 48, 49, 52, 54, 55, 56, 57, 58, 63, 60, 61, 62, 64, 67], [65, 70, 66, 76, 68, 79, 71, 72, 75, 73, 74, 77, 78, 81, 82, 80, 87, 83, 84, 85, 86, 88]]
33: [[3, 1, 69, 28, 22, 6, 14, 2, 4, 9, 15, 36, 5, 29, 24, 7, 18, 13, 12, 23, 25, 16], [10, 50, 17, 11, 8, 27, 21, 20, 59, 19, 26, 30, 31, 53, 51, 34, 32, 40, 33, 44, 35, 39], [45, 37, 38, 46, 41, 42, 43, 47, 48, 49, 52, 54, 55, 56, 57, 58, 63, 60, 61, 62, 64, 67], [65, 70, 66, 76, 68, 79, 71, 72, 75, 73, 74, 77, 78, 81, 82, 80, 87, 83, 84, 85, 86, 88]]
34: [[3, 1, 69, 28, 22, 6, 14, 2, 4, 9, 15, 36, 5, 29, 24, 7, 18, 13, 12, 23, 25, 16], [10, 50, 17, 11, 8, 27, 21, 20, 59, 19, 26, 30, 31, 53, 51, 34, 32, 40, 33, 44, 35, 39], [45, 37, 38, 46, 41, 42, 43, 47, 48, 49, 52, 54, 55, 56, 57, 58, 63, 60, 61, 62, 64, 67], [65, 70, 66, 76, 68, 79, 71, 72, 75, 73, 74, 77, 78, 81, 82, 80, 87, 83, 84, 85, 86, 88]]
35: [[3, 1, 69, 28, 22, 6, 14, 2, 4, 9, 15, 36, 5, 29, 24, 7, 18, 13, 12, 23, 25, 16], [10, 50, 17, 11, 8, 27, 21, 20, 59, 19, 26, 30, 31, 53, 51, 34, 32, 40, 33, 44, 35, 39], [45, 37, 38, 46, 41, 42, 43, 47, 48, 49, 52, 54, 55, 56, 57, 58, 63, 60, 61, 62, 64, 67], [65, 70, 66, 76, 68, 79, 71, 72, 75, 73, 74, 77, 78, 81, 82, 80, 87, 83, 84, 85, 86, 88]]
36: [[3, 1, 69, 28, 22, 6, 14, 2, 4, 9, 15, 36, 5, 29, 24, 7, 18, 13, 12, 23, 25, 16], [10, 50, 17, 11, 8, 27, 21, 20, 59, 19, 26, 30, 31, 53, 51, 34, 32, 40, 33, 44, 35, 39], [45, 37, 38, 46, 41, 42, 43, 47, 48, 49, 52, 54, 55, 56, 57, 58, 63, 60, 61, 62, 64, 67], [65, 70, 66, 76, 68, 79, 71, 72, 75, 73, 74, 77, 78, 81, 82, 80, 87, 83, 84, 85, 86, 88]]
37: [[3, 1, 69, 28, 22, 6, 14, 2, 4, 9, 15, 36, 5, 29, 24, 7, 18, 13, 12, 23, 25, 16], [10, 50, 17, 11, 8, 27, 21, 20, 59, 19, 26, 30, 31, 53, 51, 34, 32, 40, 33, 44, 35, 39], [45, 37, 38, 46, 41, 42, 43, 47, 48, 49, 52, 54, 55, 56, 57, 58, 63, 60, 61, 62, 64, 67], [65, 70, 66, 76, 68, 79, 71, 72, 75, 73, 74, 77, 78, 81, 82, 80, 87, 83, 84, 85, 86, 88]]
38: [[3, 1, 69, 28, 22, 6, 14, 2, 4, 9, 15, 36, 5, 29, 24, 7, 18, 13, 12, 23, 25, 16], [10, 50, 17, 11, 8, 27, 21, 20, 59, 19, 26, 30, 31, 53, 51, 34, 32, 40, 33, 44, 35, 39], [45, 37, 38, 46, 41, 42, 43, 47, 48, 49, 52, 54, 55, 56, 57, 58, 63, 60, 61, 62, 64, 67], [65, 70, 66, 76, 68, 79, 71, 72, 75, 73, 74, 77, 78, 81, 82, 80, 87, 83, 84, 85, 86, 88]]
39: [[3, 1, 69, 28, 22, 6, 14, 2, 4, 9, 15, 36, 5, 29, 24, 7, 18, 13, 12, 23, 25, 16], [10, 50, 17, 11, 8, 27, 21, 20, 59, 19, 26, 30, 31, 53, 51, 34, 32, 40, 33, 44, 35, 39], [45, 37, 38, 46, 41, 42, 43, 47, 48, 49, 52, 54, 55, 56, 57, 58, 63, 60, 61, 62, 64, 67], [65, 70, 66, 76, 68, 79, 71, 72, 75, 73, 74, 77, 78, 81, 82, 80, 87, 83, 84, 85, 86, 88]]
40: [[3, 1, 69, 28, 22, 6, 14, 2, 4, 9, 15, 36, 5, 29, 24, 7, 18, 13, 12, 23, 25, 16], [10, 50, 17, 11, 8, 27, 21, 20, 59, 19, 26, 30, 31, 53, 51, 34, 32, 40, 33, 44, 35, 39], [45, 37, 38, 46, 41, 42, 43, 47, 48, 49, 52, 54, 55, 56, 57, 58, 63, 60, 61, 62, 64, 67], [65, 70, 66, 76, 68, 79, 71, 72, 75, 73, 74, 77, 78, 81, 82, 80, 87, 83, 84, 85, 86, 88]]
41: [[3, 1, 69, 28, 22, 6, 14, 2, 4, 9, 15, 36, 5, 29, 24, 7, 18, 13, 12, 23, 25, 16], [10, 50, 17, 11, 8, 27, 21, 20, 59, 19, 26, 30, 31, 53, 51, 34, 32, 40, 33, 44, 35, 39], [45, 37, 38, 46, 41, 42, 43, 47, 48, 49, 52, 54, 55, 56, 57, 58, 63, 60, 61, 62, 64, 67], [65, 70, 66, 76, 68, 79, 71, 72, 75, 73, 74, 77, 78, 81, 82, 80, 87, 83, 84, 85, 86, 88]]
42: [[3, 1, 69, 28, 22, 6, 14, 2, 4, 9, 15, 36, 5, 29, 24, 7, 18, 13, 12, 23, 25, 16], [10, 50, 17, 11, 8, 27, 21, 20, 59, 19, 26, 30, 31, 53, 51, 34, 32, 40, 33, 44, 35, 39], [45, 37, 38, 46, 41, 42, 43, 47, 48, 49, 52, 54, 55, 56, 57, 58, 63, 60, 61, 62, 64, 67], [65, 70, 66, 76, 68, 79, 71, 72, 75, 73, 74, 77, 78, 81, 82, 80, 87, 83, 84, 85, 86, 88]]
43: [[3, 1, 69, 28, 22, 6, 14, 2, 4, 9, 15, 36, 5, 29, 24, 7, 18, 13, 12, 23, 25, 16], [10, 50, 17, 11, 8, 27, 21, 20, 59, 19, 26, 30, 31, 53, 51, 34, 32, 40, 33, 44, 35, 39], [45, 37, 38, 46, 41, 42, 43, 47, 48, 49, 52, 54, 55, 56, 57, 58, 63, 60, 61, 62, 64, 67], [65, 70, 66, 76, 68, 79, 71, 72, 75, 73, 74, 77, 78, 81, 82, 80, 87, 83, 84, 85, 86, 88]]
44: [[3, 1, 69, 28, 22, 6, 14, 2, 4, 9, 15, 36, 5, 29, 24, 7, 18, 13, 12, 23, 25, 16], [10, 50, 17, 11, 8, 27, 21, 20, 59, 19, 26, 30, 31, 53, 51, 34, 32, 40, 33, 44, 35, 39], [45, 37, 38, 46, 41, 42, 43, 47, 48, 49, 52, 54, 55, 56, 57, 58, 63, 60, 61, 62, 64, 67], [65, 70, 66, 76, 68, 79, 71, 72, 75, 73, 74, 77, 78, 81, 82, 80, 87, 83, 84, 85, 86, 88]]
45: [[3, 1, 69, 28, 22, 6, 14, 2, 4, 9, 15, 36, 5, 29, 24, 7, 18, 13, 12, 23, 25, 16], [10, 50, 17, 11, 8, 27, 21, 20, 59, 19, 26, 30, 31, 53, 51, 34, 32, 40, 33, 44, 35, 39], [45, 37, 38, 46, 41, 42, 43, 47, 48, 49, 52, 54, 55, 56, 57, 58, 63, 60, 61, 62, 64, 67], [65, 70, 66, 76, 68, 79, 71, 72, 75, 73, 74, 77, 78, 81, 82, 80, 87, 83, 84, 85, 86, 88]]
46: [[3, 1, 69, 28, 22, 6, 14, 2, 4, 9, 15, 36, 5, 29, 24, 7, 18, 13, 12, 23, 25, 16], [10, 50, 17, 11, 8, 27, 21, 20, 59, 19, 26, 30, 31, 53, 51, 34, 32, 40, 33, 44, 35, 39], [45, 37, 38, 46, 41, 42, 43, 47, 48, 49, 52, 54, 55, 56, 57, 58, 63, 60, 61, 62, 64, 67], [65, 70, 66, 76, 68, 79, 71, 72, 75, 73, 74, 77, 78, 81, 82, 80, 87, 83, 84, 85, 86, 88]]
47: [[3, 1, 69, 28, 22, 6, 14, 2, 4, 9, 15, 36, 5, 29, 24, 7, 18, 13, 12, 23, 25, 16], [10, 50, 17, 11, 8, 27, 21, 20, 59, 19, 26, 30, 31, 53, 51, 34, 32, 40, 33, 44, 35, 39], [45, 37, 38, 46, 41, 42, 43, 47, 48, 49, 52, 54, 55, 56, 57, 58, 63, 60, 61, 62, 64, 67], [65, 70, 66, 76, 68, 79, 71, 72, 75, 73, 74, 77, 78, 81, 82, 80, 87, 83, 84, 85, 86, 88]]
48: [[3, 1, 69, 28, 22, 6, 14, 2, 4, 9, 15, 36, 5, 29, 24, 7, 18, 13, 12, 23, 25, 16], [10, 50, 17, 11, 8, 27, 21, 20, 59, 19, 26, 30, 31, 53, 51, 34, 32, 40, 33, 44, 35, 39], [45, 37, 38, 46, 41, 42, 43, 47, 48, 49, 52, 54, 55, 56, 57, 58, 63, 60, 61, 62, 64, 67], [65, 70, 66, 76, 68, 79, 71, 72, 75, 73, 74, 77, 78, 81, 82, 80, 87, 83, 84, 85, 86, 88]]
49: [[3, 1, 69, 28, 22, 6, 14, 2, 4, 9, 15, 36, 5, 29, 24, 7, 18, 13, 12, 23, 25, 16], [10, 50, 17, 11, 8, 27, 21, 20, 59, 19, 26, 30, 31, 53, 51, 34, 32, 40, 33, 44, 35, 39], [45, 37, 38, 46, 41, 42, 43, 47, 48, 49, 52, 54, 55, 56, 57, 58, 63, 60, 61, 62, 64, 67], [65, 70, 66, 76, 68, 79, 71, 72, 75, 73, 74, 77, 78, 81, 82, 80, 87, 83, 84, 85, 86, 88]]
50: [[3, 1, 69, 28, 22, 6, 14, 2, 4, 9, 15, 36, 5, 29, 24, 7, 18, 13, 12, 23, 25, 16], [10, 50, 17, 11, 8, 27, 21, 20, 59, 19, 26, 30, 31, 53, 51, 34, 32, 40, 33, 44, 35, 39], [45, 37, 38, 46, 41, 42, 43, 47, 48, 49, 52, 54, 55, 56, 57, 58, 63, 60, 61, 62, 64, 67], [65, 70, 66, 76, 68, 79, 71, 72, 75, 73, 74, 77, 78, 81, 82, 80, 87, 83, 84, 85, 86, 88]]
51: [[3, 1, 69, 28, 22, 6, 14, 2, 4, 9, 15, 36, 5, 29, 24, 7, 18, 13, 12, 23, 25, 16], [10, 50, 17, 11, 8, 27, 21, 20, 59, 19, 26, 30, 31, 53, 51, 34, 32, 40, 33, 44, 35, 39], [45, 37, 38, 46, 41, 42, 43, 47, 48, 49, 52, 54, 55, 56, 57, 58, 63, 60, 61, 62, 64, 67], [65, 70, 66, 76, 68, 79, 71, 72, 75, 73, 74, 77, 78, 81, 82, 80, 87, 83, 84, 85, 86, 88]]
52: [[3, 1, 69, 28, 22, 6, 14, 2, 4, 9, 15, 36, 5, 29, 24, 7, 18, 13, 12, 23, 25, 16], [10, 50, 17, 11, 8, 27, 21, 20, 59, 19, 26, 30, 31, 53, 51, 34, 32, 40, 33, 44, 35, 39], [45, 37, 38, 46, 41, 42, 43, 47, 48, 49, 52, 54, 55, 56, 57, 58, 63, 60, 61, 62, 64, 67], [65, 70, 66, 76, 68, 79, 71, 72, 75, 73, 74, 77, 78, 81, 82, 80, 87, 83, 84, 85, 86, 88]]
53: [[3, 1, 69, 28, 22, 6, 14, 2, 4, 9, 15, 36, 5, 29, 24, 7, 18, 13, 12, 23, 25, 16], [10, 50, 17, 11, 8, 27, 21, 20, 59, 19, 26, 30, 31, 53, 51, 34, 32, 40, 33, 44, 35, 39], [45, 37, 38, 46, 41, 42, 43, 47, 48, 49, 52, 54, 55, 56, 57, 58, 63, 60, 61, 62, 64, 67], [65, 70, 66, 76, 68, 79, 71, 72, 75, 73, 74, 77, 78, 81, 82, 80, 87, 83, 84, 85, 86, 88]]
54: [[3, 1, 69, 28, 22, 6, 14, 2, 4, 9, 15, 36, 5, 29, 24, 7, 18, 13, 12, 23, 25, 16], [10, 50, 17, 11, 8, 27, 21, 20, 59, 19, 26, 30, 31, 53, 51, 34, 32, 40, 33, 44, 35, 39], [45, 37, 38, 46, 41, 42, 43, 47, 48, 49, 52, 54, 55, 56, 57, 58, 63, 60, 61, 62, 64, 67], [65, 70, 66, 76, 68, 79, 71, 72, 75, 73, 74, 77, 78, 81, 82, 80, 87, 83, 84, 85, 86, 88]]
55: [[3, 1, 69, 28, 22, 6, 14, 2, 4, 9, 15, 36, 5, 29, 24, 7, 18, 13, 12, 23, 25, 16], [10, 50, 17, 11, 8, 27, 21, 20, 59, 19, 26, 30, 31, 53, 51, 34, 32, 40, 33, 44, 35, 39], [45, 37, 38, 46, 41, 42, 43, 47, 48, 49, 52, 54, 55, 56, 57, 58, 63, 60, 61, 62, 64, 67], [65, 70, 66, 76, 68, 79, 71, 72, 75, 73, 74, 77, 78, 81, 82, 80, 87, 83, 84, 85, 86, 88]]
56: [[3, 1, 69, 28, 22, 6, 14, 2, 4, 9, 15, 36, 5, 29, 24, 7, 18, 13, 12, 23, 25, 16], [10, 50, 17, 11, 8, 27, 21, 20, 59, 19, 26, 30, 31, 53, 51, 34, 32, 40, 33, 44, 35, 39], [45, 37, 38, 46, 41, 42, 43, 47, 48, 49, 52, 54, 55, 56, 57, 58, 63, 60, 61, 62, 64, 67], [65, 70, 66, 76, 68, 79, 71, 72, 75, 73, 74, 77, 78, 81, 82, 80, 87, 83, 84, 85, 86, 88]]
57: [[3, 1, 69, 28, 22, 6, 14, 2, 4, 9, 15, 36, 5, 29, 24, 7, 18, 13, 12, 23, 25, 16], [10, 50, 17, 11, 8, 27, 21, 20, 59, 19, 26, 30, 31, 53, 51, 34, 32, 40, 33, 44, 35, 39], [45, 37, 38, 46, 41, 42, 43, 47, 48, 49, 52, 54, 55, 56, 57, 58, 63, 60, 61, 62, 64, 67], [65, 70, 66, 76, 68, 79, 71, 72, 75, 73, 74, 77, 78, 81, 82, 80, 87, 83, 84, 85, 86, 88]]
58: [[3, 1, 69, 28, 22, 6, 14, 2, 4, 9, 15, 36, 5, 29, 24, 7, 18, 13, 12, 23, 25, 16], [10, 50, 17, 11, 8, 27, 21, 20, 59, 19, 26, 30, 31, 53, 51, 34, 32, 40, 33, 44, 35, 39], [45, 37, 38, 46, 41, 42, 43, 47, 48, 49, 52, 54, 55, 56, 57, 58, 63, 60, 61, 62, 64, 67], [65, 70, 66, 76, 68, 79, 71, 72, 75, 73, 74, 77, 78, 81, 82, 80, 87, 83, 84, 85, 86, 88]]
59: [[3, 1, 69, 28, 22, 6, 14, 2, 4, 9, 15, 36, 5, 29, 24, 7, 18, 13, 12, 23, 25, 16], [10, 50, 17, 11, 8, 27, 21, 20, 59, 19, 26, 30, 31, 53, 51, 34, 32, 40, 33, 44, 35, 39], [45, 37, 38, 46, 41, 42, 43, 47, 48, 49, 52, 54, 55, 56, 57, 58, 63, 60, 61, 62, 64, 67], [65, 70, 66, 76, 68, 79, 71, 72, 75, 73, 74, 77, 78, 81, 82, 80, 87, 83, 84, 85, 86, 88]]
60: [[3, 1, 69, 28, 22, 6, 14, 2, 4, 9, 15, 36, 5, 29, 24, 7, 18, 13, 12, 23, 25, 16], [10, 50, 17, 11, 8, 27, 21, 20, 59, 19, 26, 30, 31, 53, 51, 34, 32, 40, 33, 44, 35, 39], [45, 37, 38, 46, 41, 42, 43, 47, 48, 49, 52, 54, 55, 56, 57, 58, 63, 60, 61, 62, 64, 67], [65, 70, 66, 76, 68, 79, 71, 72, 75, 73, 74, 77, 78, 81, 82, 80, 87, 83, 84, 85, 86, 88]]
61: [[3, 1, 69, 28, 22, 6, 14, 2, 4, 9, 15, 36, 5, 29, 24, 7, 18, 13, 12, 23, 25, 16], [10, 50, 17, 11, 8, 27, 21, 20, 59, 19, 26, 30, 31, 53, 51, 34, 32, 40, 33, 44, 35, 39], [45, 37, 38, 46, 41, 42, 43, 47, 48, 49, 52, 54, 55, 56, 57, 58, 63, 60, 61, 62, 64, 67], [65, 70, 66, 76, 68, 79, 71, 72, 75, 73, 74, 77, 78, 81, 82, 80, 87, 83, 84, 85, 86, 88]]
62: [[3, 1, 69, 28, 22, 6, 14, 2, 4, 9, 15, 36, 5, 29, 24, 7, 18, 13, 12, 23, 25, 16], [10, 50, 17, 11, 8, 27, 21, 20, 59, 19, 26, 30, 31, 53, 51, 34, 32, 40, 33, 44, 35, 39], [45, 37, 38, 46, 41, 42, 43, 47, 48, 49, 52, 54, 55, 56, 57, 58, 63, 60, 61, 62, 64, 67], [65, 70, 66, 76, 68, 79, 71, 72, 75, 73, 74, 77, 78, 81, 82, 80, 87, 83, 84, 85, 86, 88]]
63: [[3, 1, 69, 28, 22, 6, 14, 2, 4, 9, 15, 36, 5, 29, 24, 7, 18, 13, 12, 23, 25, 16], [10, 50, 17, 11, 8, 27, 21, 20, 59, 19, 26, 30, 31, 53, 51, 34, 32, 40, 33, 44, 35, 39], [45, 37, 38, 46, 41, 42, 43, 47, 48, 49, 52, 54, 55, 56, 57, 58, 63, 60, 61, 62, 64, 67], [65, 70, 66, 76, 68, 79, 71, 72, 75, 73, 74, 77, 78, 81, 82, 80, 87, 83, 84, 85, 86, 88]]
64: [[3, 1, 69, 28, 22, 6, 14, 2, 4, 9, 15, 36, 5, 29, 24, 7, 18, 13, 12, 23, 25, 16], [10, 50, 17, 11, 8, 27, 21, 20, 59, 19, 26, 30, 31, 53, 51, 34, 32, 40, 33, 44, 35, 39], [45, 37, 38, 46, 41, 42, 43, 47, 48, 49, 52, 54, 55, 56, 57, 58, 63, 60, 61, 62, 64, 67], [65, 70, 66, 76, 68, 79, 71, 72, 75, 73, 74, 77, 78, 81, 82, 80, 87, 83, 84, 85, 86, 88]]
65: [[3, 1, 69, 28, 22, 6, 14, 2, 4, 9, 15, 36, 5, 29, 24, 7, 18, 13, 12, 23, 25, 16], [10, 50, 17, 11, 8, 27, 21, 20, 59, 19, 26, 30, 31, 53, 51, 34, 32, 40, 33, 44, 35, 39], [45, 37, 38, 46, 41, 42, 43, 47, 48, 49, 52, 54, 55, 56, 57, 58, 63, 60, 61, 62, 64, 67], [65, 70, 66, 76, 68, 79, 71, 72, 75, 73, 74, 77, 78, 81, 82, 80, 87, 83, 84, 85, 86, 88]]
66: [[3, 1, 69, 28, 22, 6, 14, 2, 4, 9, 15, 36, 5, 29, 24, 7, 18, 13, 12, 23, 25, 16], [10, 50, 17, 11, 8, 27, 21, 20, 59, 19, 26, 30, 31, 53, 51, 34, 32, 40, 33, 44, 35, 39], [45, 37, 38, 46, 41, 42, 43, 47, 48, 49, 52, 54, 55, 56, 57, 58, 63, 60, 61, 62, 64, 67], [65, 70, 66, 76, 68, 79, 71, 72, 75, 73, 74, 77, 78, 81, 82, 80, 87, 83, 84, 85, 86, 88]]
67: [[3, 1, 69, 28, 22, 6, 14, 2, 4, 9, 15, 36, 5, 29, 24, 7, 18, 13, 12, 23, 25, 16], [10, 50, 17, 11, 8, 27, 21, 20, 59, 19, 26, 30, 31, 53, 51, 34, 32, 40, 33, 44, 35, 39], [45, 37, 38, 46, 41, 42, 43, 47, 48, 49, 52, 54, 55, 56, 57, 58, 63, 60, 61, 62, 64, 67], [65, 70, 66, 76, 68, 79, 71, 72, 75, 73, 74, 77, 78, 81, 82, 80, 87, 83, 84, 85, 86, 88]]
68: [[3, 1, 69, 28, 22, 6, 14, 2, 4, 9, 15, 36, 5, 29, 24, 7, 18, 13, 12, 23, 25, 16], [10, 50, 17, 11, 8, 27, 21, 20, 59, 19, 26, 30, 31, 53, 51, 34, 32, 40, 33, 44, 35, 39], [45, 37, 38, 46, 41, 42, 43, 47, 48, 49, 52, 54, 55, 56, 57, 58, 63, 60, 61, 62, 64, 67], [65, 70, 66, 76, 68, 79, 71, 72, 75, 73, 74, 77, 78, 81, 82, 80, 87, 83, 84, 85, 86, 88]]
69: [[3, 1, 69, 28, 22, 6, 14, 2, 4, 9, 15, 36, 5, 29, 24, 7, 18, 13, 12, 23, 25, 16], [10, 50, 17, 11, 8, 27, 21, 20, 59, 19, 26, 30, 31, 53, 51, 34, 32, 40, 33, 44, 35, 39], [45, 37, 38, 46, 41, 42, 43, 47, 48, 49, 52, 54, 55, 56, 57, 58, 63, 60, 61, 62, 64, 67], [65, 70, 66, 76, 68, 79, 71, 72, 75, 73, 74, 77, 78, 81, 82, 80, 87, 83, 84, 85, 86, 88]]
70: [[3, 1, 69, 28, 22, 6, 14, 2, 4, 9, 15, 36, 5, 29, 24, 7, 18, 13, 12, 23, 25, 16], [10, 50, 17, 11, 8, 27, 21, 20, 59, 19, 26, 30, 31, 53, 51, 34, 32, 40, 33, 44, 35, 39], [45, 37, 38, 46, 41, 42, 43, 47, 48, 49, 52, 54, 55, 56, 57, 58, 63, 60, 61, 62, 64, 67], [65, 70, 66, 76, 68, 79, 71, 72, 75, 73, 74, 77, 78, 81, 82, 80, 87, 83, 84, 85, 86, 88]]
71: [[3, 1, 69, 28, 22, 6, 14, 2, 4, 9, 15, 36, 5, 29, 24, 7, 18, 13, 12, 23, 25, 16], [10, 50, 17, 11, 8, 27, 21, 20, 59, 19, 26, 30, 31, 53, 51, 34, 32, 40, 33, 44, 35, 39], [45, 37, 38, 46, 41, 42, 43, 47, 48, 49, 52, 54, 55, 56, 57, 58, 63, 60, 61, 62, 64, 67], [65, 70, 66, 76, 68, 79, 71, 72, 75, 73, 74, 77, 78, 81, 82, 80, 87, 83, 84, 85, 86, 88]]
72: [[3, 1, 69, 28, 22, 6, 14, 2, 4, 9, 15, 36, 5, 29, 24, 7, 18, 13, 12, 23, 25, 16], [10, 50, 17, 11, 8, 27, 21, 20, 59, 19, 26, 30, 31, 53, 51, 34, 32, 40, 33, 44, 35, 39], [45, 37, 38, 46, 41, 42, 43, 47, 48, 49, 52, 54, 55, 56, 57, 58, 63, 60, 61, 62, 64, 67], [65, 70, 66, 76, 68, 79, 71, 72, 75, 73, 74, 77, 78, 81, 82, 80, 87, 83, 84, 85, 86, 88]]
73: [[3, 1, 69, 28, 22, 6, 14, 2, 4, 9, 15, 36, 5, 29, 24, 7, 18, 13, 12, 23, 25, 16], [10, 50, 17, 11, 8, 27, 21, 20, 59, 19, 26, 30, 31, 53, 51, 34, 32, 40, 33, 44, 35, 39], [45, 37, 38, 46, 41, 42, 43, 47, 48, 49, 52, 54, 55, 56, 57, 58, 63, 60, 61, 62, 64, 67], [65, 70, 66, 76, 68, 79, 71, 72, 75, 73, 74, 77, 78, 81, 82, 80, 87, 83, 84, 85, 86, 88]]
74: [[3, 1, 69, 28, 22, 6, 14, 2, 4, 9, 15, 36, 5, 29, 24, 7, 18, 13, 12, 23, 25, 16], [10, 50, 17, 11, 8, 27, 21, 20, 59, 19, 26, 30, 31, 53, 51, 34, 32, 40, 33, 44, 35, 39], [45, 37, 38, 46, 41, 42, 43, 47, 48, 49, 52, 54, 55, 56, 57, 58, 63, 60, 61, 62, 64, 67], [65, 70, 66, 76, 68, 79, 71, 72, 75, 73, 74, 77, 78, 81, 82, 80, 87, 83, 84, 85, 86, 88]]
75: [[3, 1, 69, 28, 22, 6, 14, 2, 4, 9, 15, 36, 5, 29, 24, 7, 18, 13, 12, 23, 25, 16], [10, 50, 17, 11, 8, 27, 21, 20, 59, 19, 26, 30, 31, 53, 51, 34, 32, 40, 33, 44, 35, 39], [45, 37, 38, 46, 41, 42, 43, 47, 48, 49, 52, 54, 55, 56, 57, 58, 63, 60, 61, 62, 64, 67], [65, 70, 66, 76, 68, 79, 71, 72, 75, 73, 74, 77, 78, 81, 82, 80, 87, 83, 84, 85, 86, 88]]
76: [[3, 1, 69, 28, 22, 6, 14, 2, 4, 9, 15, 36, 5, 29, 24, 7, 18, 13, 12, 23, 25, 16], [10, 50, 17, 11, 8, 27, 21, 20, 59, 19, 26, 30, 31, 53, 51, 34, 32, 40, 33, 44, 35, 39], [45, 37, 38, 46, 41, 42, 43, 47, 48, 49, 52, 54, 55, 56, 57, 58, 63, 60, 61, 62, 64, 67], [65, 70, 66, 76, 68, 79, 71, 72, 75, 73, 74, 77, 78, 81, 82, 80, 87, 83, 84, 85, 86, 88]]
77: [[3, 1, 69, 28, 22, 6, 14, 2, 4, 9, 15, 36, 5, 29, 24, 7, 18, 13, 12, 23, 25, 16], [10, 50, 17, 11, 8, 27, 21, 20, 59, 19, 26, 30, 31, 53, 51, 34, 32, 40, 33, 44, 35, 39], [45, 37, 38, 46, 41, 42, 43, 47, 48, 49, 52, 54, 55, 56, 57, 58, 63, 60, 61, 62, 64, 67], [65, 70, 66, 76, 68, 79, 71, 72, 75, 73, 74, 77, 78, 81, 82, 80, 87, 83, 84, 85, 86, 88]]
78: [[3, 1, 69, 28, 22, 6, 14, 2, 4, 9, 15, 36, 5, 29, 24, 7, 18, 13, 12, 23, 25, 16], [10, 50, 17, 11, 8, 27, 21, 20, 59, 19, 26, 30, 31, 53, 51, 34, 32, 40, 33, 44, 35, 39], [45, 37, 38, 46, 41, 42, 43, 47, 48, 49, 52, 54, 55, 56, 57, 58, 63, 60, 61, 62, 64, 67], [65, 70, 66, 76, 68, 79, 71, 72, 75, 73, 74, 77, 78, 81, 82, 80, 87, 83, 84, 85, 86, 88]]
79: [[3, 1, 69, 28, 22, 6, 14, 2, 4, 9, 15, 36, 5, 29, 24, 7, 18, 13, 12, 23, 25, 16], [10, 50, 17, 11, 8, 27, 21, 20, 59, 19, 26, 30, 31, 53, 51, 34, 32, 40, 33, 44, 35, 39], [45, 37, 38, 46, 41, 42, 43, 47, 48, 49, 52, 54, 55, 56, 57, 58, 63, 60, 61, 62, 64, 67], [65, 70, 66, 76, 68, 79, 71, 72, 75, 73, 74, 77, 78, 81, 82, 80, 87, 83, 84, 85, 86, 88]]
80: [[3, 1, 69, 28, 22, 6, 14, 2, 4, 9, 15, 36, 5, 29, 24, 7, 18, 13, 12, 23, 25, 16], [10, 50, 17, 11, 8, 27, 21, 20, 59, 19, 26, 30, 31, 53, 51, 34, 32, 40, 33, 44, 35, 39], [45, 37, 38, 46, 41, 42, 43, 47, 48, 49, 52, 54, 55, 56, 57, 58, 63, 60, 61, 62, 64, 67], [65, 70, 66, 76, 68, 79, 71, 72, 75, 73, 74, 77, 78, 81, 82, 80, 87, 83, 84, 85, 86, 88]]
81: [[3, 1, 69, 28, 22, 6, 14, 2, 4, 9, 15, 36, 5, 29, 24, 7, 18, 13, 12, 23, 25, 16], [10, 50, 17, 11, 8, 27, 21, 20, 59, 19, 26, 30, 31, 53, 51, 34, 32, 40, 33, 44, 35, 39], [45, 37, 38, 46, 41, 42, 43, 47, 48, 49, 52, 54, 55, 56, 57, 58, 63, 60, 61, 62, 64, 67], [65, 70, 66, 76, 68, 79, 71, 72, 75, 73, 74, 77, 78, 81, 82, 80, 87, 83, 84, 85, 86, 88]]
82: [[3, 1, 69, 28, 22, 6, 14, 2, 4, 9, 15, 36, 5, 29, 24, 7, 18, 13, 12, 23, 25, 16], [10, 50, 17, 11, 8, 27, 21, 20, 59, 19, 26, 30, 31, 53, 51, 34, 32, 40, 33, 44, 35, 39], [45, 37, 38, 46, 41, 42, 43, 47, 48, 49, 52, 54, 55, 56, 57, 58, 63, 60, 61, 62, 64, 67], [65, 70, 66, 76, 68, 79, 71, 72, 75, 73, 74, 77, 78, 81, 82, 80, 87, 83, 84, 85, 86, 88]]
83: [[3, 1, 69, 28, 22, 6, 14, 2, 4, 9, 15, 36, 5, 29, 24, 7, 18, 13, 12, 23, 25, 16], [10, 50, 17, 11, 8, 27, 21, 20, 59, 19, 26, 30, 31, 53, 51, 34, 32, 40, 33, 44, 35, 39], [45, 37, 38, 46, 41, 42, 43, 47, 48, 49, 52, 54, 55, 56, 57, 58, 63, 60, 61, 62, 64, 67], [65, 70, 66, 76, 68, 79, 71, 72, 75, 73, 74, 77, 78, 81, 82, 80, 87, 83, 84, 85, 86, 88]]
84: [[3, 1, 69, 28, 22, 6, 14, 2, 4, 9, 15, 36, 5, 29, 24, 7, 18, 13, 12, 23, 25, 16], [10, 50, 17, 11, 8, 27, 21, 20, 59, 19, 26, 30, 31, 53, 51, 34, 32, 40, 33, 44, 35, 39], [45, 37, 38, 46, 41, 42, 43, 47, 48, 49, 52, 54, 55, 56, 57, 58, 63, 60, 61, 62, 64, 67], [65, 70, 66, 76, 68, 79, 71, 72, 75, 73, 74, 77, 78, 81, 82, 80, 87, 83, 84, 85, 86, 88]]
85: [[3, 1, 69, 28, 22, 6, 14, 2, 4, 9, 15, 36, 5, 29, 24, 7, 18, 13, 12, 23, 25, 16], [10, 50, 17, 11, 8, 27, 21, 20, 59, 19, 26, 30, 31, 53, 51, 34, 32, 40, 33, 44, 35, 39], [45, 37, 38, 46, 41, 42, 43, 47, 48, 49, 52, 54, 55, 56, 57, 58, 63, 60, 61, 62, 64, 67], [65, 70, 66, 76, 68, 79, 71, 72, 75, 73, 74, 77, 78, 81, 82, 80, 87, 83, 84, 85, 86, 88]]
86: [[3, 1, 69, 28, 22, 6, 14, 2, 4, 9, 15, 36, 5, 29, 24, 7, 18, 13, 12, 23, 25, 16], [10, 50, 17, 11, 8, 27, 21, 20, 59, 19, 26, 30, 31, 53, 51, 34, 32, 40, 33, 44, 35, 39], [45, 37, 38, 46, 41, 42, 43, 47, 48, 49, 52, 54, 55, 56, 57, 58, 63, 60, 61, 62, 64, 67], [65, 70, 66, 76, 68, 79, 71, 72, 75, 73, 74, 77, 78, 81, 82, 80, 87, 83, 84, 85, 86, 88]]
87: [[3, 1, 69, 28, 22, 6, 14, 2, 4, 9, 15, 36, 5, 29, 24, 7, 18, 13, 12, 23, 25, 16], [10, 50, 17, 11, 8, 27, 21, 20, 59, 19, 26, 30, 31, 53, 51, 34, 32, 40, 33, 44, 35, 39], [45, 37, 38, 46, 41, 42, 43, 47, 48, 49, 52, 54, 55, 56, 57, 58, 63, 60, 61, 62, 64, 67], [65, 70, 66, 76, 68, 79, 71, 72, 75, 73, 74, 77, 78, 81, 82, 80, 87, 83, 84, 85, 86, 88]]
88: [[3, 1, 69, 28, 22, 6, 14, 2, 4, 9, 15, 36, 5, 29, 24, 7, 18, 13, 12, 23, 25, 16], [10, 50, 17, 11, 8, 27, 21, 20, 59, 19, 26, 30, 31, 53, 51, 34, 32, 40, 33, 44, 35, 39], [45, 37, 38, 46, 41, 42, 43, 47, 48, 49, 52, 54, 55, 56, 57, 58, 63, 60, 61, 62, 64, 67], [65, 70, 66, 76, 68, 79, 71, 72, 75, 73, 74, 77, 78, 81, 82, 80, 87, 83, 84, 85, 86, 88]]
89: [[3, 1, 69, 28, 22, 6, 14, 2, 4, 9, 15, 36, 5, 29, 24, 7, 18, 13, 12, 23, 25, 16], [10, 50, 17, 11, 8, 27, 21, 20, 59, 19, 26, 30, 31, 53, 51, 34, 32, 40, 33, 44, 35, 39], [45, 37, 38, 46, 41, 42, 43, 47, 48, 49, 52, 54, 55, 56, 57, 58, 63, 60, 61, 62, 64, 67], [65, 70, 66, 76, 68, 79, 71, 72, 75, 73, 74, 77, 78, 81, 82, 80, 87, 83, 84, 85, 86, 88]]
90: [[3, 1, 69, 28, 22, 6, 14, 2, 4, 9, 15, 36, 5, 29, 24, 7, 18, 13, 12, 23, 25, 16], [10, 50, 17, 11, 8, 27, 21, 20, 59, 19, 26, 30, 31, 53, 51, 34, 32, 40, 33, 44, 35, 39], [45, 37, 38, 46, 41, 42, 43, 47, 48, 49, 52, 54, 55, 56, 57, 58, 63, 60, 61, 62, 64, 67], [65, 70, 66, 76, 68, 79, 71, 72, 75, 73, 74, 77, 78, 81, 82, 80, 87, 83, 84, 85, 86, 88]]
91: [[3, 1, 69, 28, 22, 6, 14, 2, 4, 9, 15, 36, 5, 29, 24, 7, 18, 13, 12, 23, 25, 16], [10, 50, 17, 11, 8, 27, 21, 20, 59, 19, 26, 30, 31, 53, 51, 34, 32, 40, 33, 44, 35, 39], [45, 37, 38, 46, 41, 42, 43, 47, 48, 49, 52, 54, 55, 56, 57, 58, 63, 60, 61, 62, 64, 67], [65, 70, 66, 76, 68, 79, 71, 72, 75, 73, 74, 77, 78, 81, 82, 80, 87, 83, 84, 85, 86, 88]]
92: [[3, 1, 69, 28, 22, 6, 14, 2, 4, 9, 15, 36, 5, 29, 24, 7, 18, 13, 12, 23, 25, 16], [10, 50, 17, 11, 8, 27, 21, 20, 59, 19, 26, 30, 31, 53, 51, 34, 32, 40, 33, 44, 35, 39], [45, 37, 38, 46, 41, 42, 43, 47, 48, 49, 52, 54, 55, 56, 57, 58, 63, 60, 61, 62, 64, 67], [65, 70, 66, 76, 68, 79, 71, 72, 75, 73, 74, 77, 78, 81, 82, 80, 87, 83, 84, 85, 86, 88]]
93: [[3, 1, 69, 28, 22, 6, 14, 2, 4, 9, 15, 36, 5, 29, 24, 7, 18, 13, 12, 23, 25, 16], [10, 50, 17, 11, 8, 27, 21, 20, 59, 19, 26, 30, 31, 53, 51, 34, 32, 40, 33, 44, 35, 39], [45, 37, 38, 46, 41, 42, 43, 47, 48, 49, 52, 54, 55, 56, 57, 58, 63, 60, 61, 62, 64, 67], [65, 70, 66, 76, 68, 79, 71, 72, 75, 73, 74, 77, 78, 81, 82, 80, 87, 83, 84, 85, 86, 88]]
94: [[3, 1, 69, 28, 22, 6, 14, 2, 4, 9, 15, 36, 5, 29, 24, 7, 18, 13, 12, 23, 25, 16], [10, 50, 17, 11, 8, 27, 21, 20, 59, 19, 26, 30, 31, 53, 51, 34, 32, 40, 33, 44, 35, 39], [45, 37, 38, 46, 41, 42, 43, 47, 48, 49, 52, 54, 55, 56, 57, 58, 63, 60, 61, 62, 64, 67], [65, 70, 66, 76, 68, 79, 71, 72, 75, 73, 74, 77, 78, 81, 82, 80, 87, 83, 84, 85, 86, 88]]
95: [[3, 1, 69, 28, 22, 6, 14, 2, 4, 9, 15, 36, 5, 29, 24, 7, 18, 13, 12, 23, 25, 16], [10, 50, 17, 11, 8, 27, 21, 20, 59, 19, 26, 30, 31, 53, 51, 34, 32, 40, 33, 44, 35, 39], [45, 37, 38, 46, 41, 42, 43, 47, 48, 49, 52, 54, 55, 56, 57, 58, 63, 60, 61, 62, 64, 67], [65, 70, 66, 76, 68, 79, 71, 72, 75, 73, 74, 77, 78, 81, 82, 80, 87, 83, 84, 85, 86, 88]]
96: [[3, 1, 69, 28, 22, 6, 14, 2, 4, 9, 15, 36, 5, 29, 24, 7, 18, 13, 12, 23, 25, 16], [10, 50, 17, 11, 8, 27, 21, 20, 59, 19, 26, 30, 31, 53, 51, 34, 32, 40, 33, 44, 35, 39], [45, 37, 38, 46, 41, 42, 43, 47, 48, 49, 52, 54, 55, 56, 57, 58, 63, 60, 61, 62, 64, 67], [65, 70, 66, 76, 68, 79, 71, 72, 75, 73, 74, 77, 78, 81, 82, 80, 87, 83, 84, 85, 86, 88]]
97: [[3, 1, 69, 28, 22, 6, 14, 2, 4, 9, 15, 36, 5, 29, 24, 7, 18, 13, 12, 23, 25, 16], [10, 50, 17, 11, 8, 27, 21, 20, 59, 19, 26, 30, 31, 53, 51, 34, 32, 40, 33, 44, 35, 39], [45, 37, 38, 46, 41, 42, 43, 47, 48, 49, 52, 54, 55, 56, 57, 58, 63, 60, 61, 62, 64, 67], [65, 70, 66, 76, 68, 79, 71, 72, 75, 73, 74, 77, 78, 81, 82, 80, 87, 83, 84, 85, 86, 88]]
98: [[3, 1, 69, 28, 22, 6, 14, 2, 4, 9, 15, 36, 5, 29, 24, 7, 18, 13, 12, 23, 25, 16], [10, 50, 17, 11, 8, 27, 21, 20, 59, 19, 26, 30, 31, 53, 51, 34, 32, 40, 33, 44, 35, 39], [45, 37, 38, 46, 41, 42, 43, 47, 48, 49, 52, 54, 55, 56, 57, 58, 63, 60, 61, 62, 64, 67], [65, 70, 66, 76, 68, 79, 71, 72, 75, 73, 74, 77, 78, 81, 82, 80, 87, 83, 84, 85, 86, 88]]
99: [[3, 1, 69, 28, 22, 6, 14, 2, 4, 9, 15, 36, 5, 29, 24, 7, 18, 13, 12, 23, 25, 16], [10, 50, 17, 11, 8, 27, 21, 20, 59, 19, 26, 30, 31, 53, 51, 34, 32, 40, 33, 44, 35, 39], [45, 37, 38, 46, 41, 42, 43, 47, 48, 49, 52, 54, 55, 56, 57, 58, 63, 60, 61, 62, 64, 67], [65, 70, 66, 76, 68, 79, 71, 72, 75, 73, 74, 77, 78, 81, 82, 80, 87, 83, 84, 85, 86, 88]]
100: [[3, 1, 69, 28, 22, 6, 14, 2, 4, 9, 15, 36, 5, 29, 24, 7, 18, 13, 12, 23, 25, 16], [10, 50, 17, 11, 8, 27, 21, 20, 59, 19, 26, 30, 31, 53, 51, 34, 32, 40, 33, 44, 35, 39], [45, 37, 38, 46, 41, 42, 43, 47, 48, 49, 52, 54, 55, 56, 57, 58, 63, 60, 61, 62, 64, 67], [65, 70, 66, 76, 68, 79, 71, 72, 75, 73, 74, 77, 78, 81, 82, 80, 87, 83, 84, 85, 86, 88]]
101: [[3, 1, 69, 28, 22, 6, 14, 2, 4, 9, 15, 36, 5, 29, 24, 7, 18, 13, 12, 23, 25, 16], [10, 50, 17, 11, 8, 27, 21, 20, 59, 19, 26, 30, 31, 53, 51, 34, 32, 40, 33, 44, 35, 39], [45, 37, 38, 46, 41, 42, 43, 47, 48, 49, 52, 54, 55, 56, 57, 58, 63, 60, 61, 62, 64, 67], [65, 70, 66, 76, 68, 79, 71, 72, 75, 73, 74, 77, 78, 81, 82, 80, 87, 83, 84, 85, 86, 88]]
102: [[3, 1, 69, 28, 22, 6, 14, 2, 4, 9, 15, 36, 5, 29, 24, 7, 18, 13, 12, 23, 25, 16], [10, 50, 17, 11, 8, 27, 21, 20, 59, 19, 26, 30, 31, 53, 51, 34, 32, 40, 33, 44, 35, 39], [45, 37, 38, 46, 41, 42, 43, 47, 48, 49, 52, 54, 55, 56, 57, 58, 63, 60, 61, 62, 64, 67], [65, 70, 66, 76, 68, 79, 71, 72, 75, 73, 74, 77, 78, 81, 82, 80, 87, 83, 84, 85, 86, 88]]
103: [[3, 1, 69, 28, 22, 6, 14, 2, 4, 9, 15, 36, 5, 29, 24, 7, 18, 13, 12, 23, 25, 16], [10, 50, 17, 11, 8, 27, 21, 20, 59, 19, 26, 30, 31, 53, 51, 34, 32, 40, 33, 44, 35, 39], [45, 37, 38, 46, 41, 42, 43, 47, 48, 49, 52, 54, 55, 56, 57, 58, 63, 60, 61, 62, 64, 67], [65, 70, 66, 76, 68, 79, 71, 72, 75, 73, 74, 77, 78, 81, 82, 80, 87, 83, 84, 85, 86, 88]]
104: [[3, 1, 69, 28, 22, 6, 14, 2, 4, 9, 15, 36, 5, 29, 24, 7, 18, 13, 12, 23, 25, 16], [10, 50, 17, 11, 8, 27, 21, 20, 59, 19, 26, 30, 31, 53, 51, 34, 32, 40, 33, 44, 35, 39], [45, 37, 38, 46, 41, 42, 43, 47, 48, 49, 52, 54, 55, 56, 57, 58, 63, 60, 61, 62, 64, 67], [65, 70, 66, 76, 68, 79, 71, 72, 75, 73, 74, 77, 78, 81, 82, 80, 87, 83, 84, 85, 86, 88]]
105: [[3, 1, 69, 28, 22, 6, 14, 2, 4, 9, 15, 36, 5, 29, 24, 7, 18, 13, 12, 23, 25, 16], [10, 50, 17, 11, 8, 27, 21, 20, 59, 19, 26, 30, 31, 53, 51, 34, 32, 40, 33, 44, 35, 39], [45, 37, 38, 46, 41, 42, 43, 47, 48, 49, 52, 54, 55, 56, 57, 58, 63, 60, 61, 62, 64, 67], [65, 70, 66, 76, 68, 79, 71, 72, 75, 73, 74, 77, 78, 81, 82, 80, 87, 83, 84, 85, 86, 88]]
106: [[3, 1, 69, 28, 22, 6, 14, 2, 4, 9, 15, 36, 5, 29, 24, 7, 18, 13, 12, 23, 25, 16], [10, 50, 17, 11, 8, 27, 21, 20, 59, 19, 26, 30, 31, 53, 51, 34, 32, 40, 33, 44, 35, 39], [45, 37, 38, 46, 41, 42, 43, 47, 48, 49, 52, 54, 55, 56, 57, 58, 63, 60, 61, 62, 64, 67], [65, 70, 66, 76, 68, 79, 71, 72, 75, 73, 74, 77, 78, 81, 82, 80, 87, 83, 84, 85, 86, 88]]
107: [[3, 1, 69, 28, 22, 6, 14, 2, 4, 9, 15, 36, 5, 29, 24, 7, 18, 13, 12, 23, 25, 16], [10, 50, 17, 11, 8, 27, 21, 20, 59, 19, 26, 30, 31, 53, 51, 34, 32, 40, 33, 44, 35, 39], [45, 37, 38, 46, 41, 42, 43, 47, 48, 49, 52, 54, 55, 56, 57, 58, 63, 60, 61, 62, 64, 67], [65, 70, 66, 76, 68, 79, 71, 72, 75, 73, 74, 77, 78, 81, 82, 80, 87, 83, 84, 85, 86, 88]]
108: [[3, 1, 69, 28, 22, 6, 14, 2, 4, 9, 15, 36, 5, 29, 24, 7, 18, 13, 12, 23, 25, 16], [10, 50, 17, 11, 8, 27, 21, 20, 59, 19, 26, 30, 31, 53, 51, 34, 32, 40, 33, 44, 35, 39], [45, 37, 38, 46, 41, 42, 43, 47, 48, 49, 52, 54, 55, 56, 57, 58, 63, 60, 61, 62, 64, 67], [65, 70, 66, 76, 68, 79, 71, 72, 75, 73, 74, 77, 78, 81, 82, 80, 87, 83, 84, 85, 86, 88]]
109: [[3, 1, 69, 28, 22, 6, 14, 2, 4, 9, 15, 36, 5, 29, 24, 7, 18, 13, 12, 23, 25, 16], [10, 50, 17, 11, 8, 27, 21, 20, 59, 19, 26, 30, 31, 53, 51, 34, 32, 40, 33, 44, 35, 39], [45, 37, 38, 46, 41, 42, 43, 47, 48, 49, 52, 54, 55, 56, 57, 58, 63, 60, 61, 62, 64, 67], [65, 70, 66, 76, 68, 79, 71, 72, 75, 73, 74, 77, 78, 81, 82, 80, 87, 83, 84, 85, 86, 88]]
110: [[3, 1, 69, 28, 22, 6, 14, 2, 4, 9, 15, 36, 5, 29, 24, 7, 18, 13, 12, 23, 25, 16], [10, 50, 17, 11, 8, 27, 21, 20, 59, 19, 26, 30, 31, 53, 51, 34, 32, 40, 33, 44, 35, 39], [45, 37, 38, 46, 41, 42, 43, 47, 48, 49, 52, 54, 55, 56, 57, 58, 63, 60, 61, 62, 64, 67], [65, 70, 66, 76, 68, 79, 71, 72, 75, 73, 74, 77, 78, 81, 82, 80, 87, 83, 84, 85, 86, 88]]
111: [[3, 1, 69, 28, 22, 6, 14, 2, 4, 9, 15, 36, 5, 29, 24, 7, 18, 13, 12, 23, 25, 16], [10, 50, 17, 11, 8, 27, 21, 20, 59, 19, 26, 30, 31, 53, 51, 34, 32, 40, 33, 44, 35, 39], [45, 37, 38, 46, 41, 42, 43, 47, 48, 49, 52, 54, 55, 56, 57, 58, 63, 60, 61, 62, 64, 67], [65, 70, 66, 76, 68, 79, 71, 72, 75, 73, 74, 77, 78, 81, 82, 80, 87, 83, 84, 85, 86, 88]]
112: [[3, 1, 69, 28, 22, 6, 14, 2, 4, 9, 15, 36, 5, 29, 24, 7, 18, 13, 12, 23, 25, 16], [10, 50, 17, 11, 8, 27, 21, 20, 59, 19, 26, 30, 31, 53, 51, 34, 32, 40, 33, 44, 35, 39], [45, 37, 38, 46, 41, 42, 43, 47, 48, 49, 52, 54, 55, 56, 57, 58, 63, 60, 61, 62, 64, 67], [65, 70, 66, 76, 68, 79, 71, 72, 75, 73, 74, 77, 78, 81, 82, 80, 87, 83, 84, 85, 86, 88]]
113: [[3, 1, 69, 28, 22, 6, 14, 2, 4, 9, 15, 36, 5, 29, 24, 7, 18, 13, 12, 23, 25, 16], [10, 50, 17, 11, 8, 27, 21, 20, 59, 19, 26, 30, 31, 53, 51, 34, 32, 40, 33, 44, 35, 39], [45, 37, 38, 46, 41, 42, 43, 47, 48, 49, 52, 54, 55, 56, 57, 58, 63, 60, 61, 62, 64, 67], [65, 70, 66, 76, 68, 79, 71, 72, 75, 73, 74, 77, 78, 81, 82, 80, 87, 83, 84, 85, 86, 88]]
114: [[3, 1, 69, 28, 22, 6, 14, 2, 4, 9, 15, 36, 5, 29, 24, 7, 18, 13, 12, 23, 25, 16], [10, 50, 17, 11, 8, 27, 21, 20, 59, 19, 26, 30, 31, 53, 51, 34, 32, 40, 33, 44, 35, 39], [45, 37, 38, 46, 41, 42, 43, 47, 48, 49, 52, 54, 55, 56, 57, 58, 63, 60, 61, 62, 64, 67], [65, 70, 66, 76, 68, 79, 71, 72, 75, 73, 74, 77, 78, 81, 82, 80, 87, 83, 84, 85, 86, 88]]
115: [[3, 1, 69, 28, 22, 6, 14, 2, 4, 9, 15, 36, 5, 29, 24, 7, 18, 13, 12, 23, 25, 16], [10, 50, 17, 11, 8, 27, 21, 20, 59, 19, 26, 30, 31, 53, 51, 34, 32, 40, 33, 44, 35, 39], [45, 37, 38, 46, 41, 42, 43, 47, 48, 49, 52, 54, 55, 56, 57, 58, 63, 60, 61, 62, 64, 67], [65, 70, 66, 76, 68, 79, 71, 72, 75, 73, 74, 77, 78, 81, 82, 80, 87, 83, 84, 85, 86, 88]]
116: [[3, 1, 69, 28, 22, 6, 14, 2, 4, 9, 15, 36, 5, 29, 24, 7, 18, 13, 12, 23, 25, 16], [10, 50, 17, 11, 8, 27, 21, 20, 59, 19, 26, 30, 31, 53, 51, 34, 32, 40, 33, 44, 35, 39], [45, 37, 38, 46, 41, 42, 43, 47, 48, 49, 52, 54, 55, 56, 57, 58, 63, 60, 61, 62, 64, 67], [65, 70, 66, 76, 68, 79, 71, 72, 75, 73, 74, 77, 78, 81, 82, 80, 87, 83, 84, 85, 86, 88]]
117: [[3, 1, 69, 28, 22, 6, 14, 2, 4, 9, 15, 36, 5, 29, 24, 7, 18, 13, 12, 23, 25, 16], [10, 50, 17, 11, 8, 27, 21, 20, 59, 19, 26, 30, 31, 53, 51, 34, 32, 40, 33, 44, 35, 39], [45, 37, 38, 46, 41, 42, 43, 47, 48, 49, 52, 54, 55, 56, 57, 58, 63, 60, 61, 62, 64, 67], [65, 70, 66, 76, 68, 79, 71, 72, 75, 73, 74, 77, 78, 81, 82, 80, 87, 83, 84, 85, 86, 88]]
118: [[3, 1, 69, 28, 22, 6, 14, 2, 4, 9, 15, 36, 5, 29, 24, 7, 18, 13, 12, 23, 25, 16], [10, 50, 17, 11, 8, 27, 21, 20, 59, 19, 26, 30, 31, 53, 51, 34, 32, 40, 33, 44, 35, 39], [45, 37, 38, 46, 41, 42, 43, 47, 48, 49, 52, 54, 55, 56, 57, 58, 63, 60, 61, 62, 64, 67], [65, 70, 66, 76, 68, 79, 71, 72, 75, 73, 74, 77, 78, 81, 82, 80, 87, 83, 84, 85, 86, 88]]
119: [[3, 1, 69, 28, 22, 6, 14, 2, 4, 9, 15, 36, 5, 29, 24, 7, 18, 13, 12, 23, 25, 16], [10, 50, 17, 11, 8, 27, 21, 20, 59, 19, 26, 30, 31, 53, 51, 34, 32, 40, 33, 44, 35, 39], [45, 37, 38, 46, 41, 42, 43, 47, 48, 49, 52, 54, 55, 56, 57, 58, 63, 60, 61, 62, 64, 67], [65, 70, 66, 76, 68, 79, 71, 72, 75, 73, 74, 77, 78, 81, 82, 80, 87, 83, 84, 85, 86, 88]]
120: [[3, 1, 69, 28, 22, 6, 14, 2, 4, 9, 15, 36, 5, 29, 24, 7, 18, 13, 12, 23, 25, 16], [10, 50, 17, 11, 8, 27, 21, 20, 59, 19, 26, 30, 31, 53, 51, 34, 32, 40, 33, 44, 35, 39], [45, 37, 38, 46, 41, 42, 43, 47, 48, 49, 52, 54, 55, 56, 57, 58, 63, 60, 61, 62, 64, 67], [65, 70, 66, 76, 68, 79, 71, 72, 75, 73, 74, 77, 78, 81, 82, 80, 87, 83, 84, 85, 86, 88]]
121: [[3, 1, 69, 28, 22, 6, 14, 2, 4, 9, 15, 36, 5, 29, 24, 7, 18, 13, 12, 23, 25, 16], [10, 50, 17, 11, 8, 27, 21, 20, 59, 19, 26, 30, 31, 53, 51, 34, 32, 40, 33, 44, 35, 39], [45, 37, 38, 46, 41, 42, 43, 47, 48, 49, 52, 54, 55, 56, 57, 58, 63, 60, 61, 62, 64, 67], [65, 70, 66, 76, 68, 79, 71, 72, 75, 73, 74, 77, 78, 81, 82, 80, 87, 83, 84, 85, 86, 88]]
122: [[3, 1, 69, 28, 22, 6, 14, 2, 4, 9, 15, 36, 5, 29, 24, 7, 18, 13, 12, 23, 25, 16], [10, 50, 17, 11, 8, 27, 21, 20, 59, 19, 26, 30, 31, 53, 51, 34, 32, 40, 33, 44, 35, 39], [45, 37, 38, 46, 41, 42, 43, 47, 48, 49, 52, 54, 55, 56, 57, 58, 63, 60, 61, 62, 64, 67], [65, 70, 66, 76, 68, 79, 71, 72, 75, 73, 74, 77, 78, 81, 82, 80, 87, 83, 84, 85, 86, 88]]
123: [[3, 1, 69, 28, 22, 6, 14, 2, 4, 9, 15, 36, 5, 29, 24, 7, 18, 13, 12, 23, 25, 16], [10, 50, 17, 11, 8, 27, 21, 20, 59, 19, 26, 30, 31, 53, 51, 34, 32, 40, 33, 44, 35, 39], [45, 37, 38, 46, 41, 42, 43, 47, 48, 49, 52, 54, 55, 56, 57, 58, 63, 60, 61, 62, 64, 67], [65, 70, 66, 76, 68, 79, 71, 72, 75, 73, 74, 77, 78, 81, 82, 80, 87, 83, 84, 85, 86, 88]]
124: [[3, 1, 69, 28, 22, 6, 14, 2, 4, 9, 15, 36, 5, 29, 24, 7, 18, 13, 12, 23, 25, 16], [10, 50, 17, 11, 8, 27, 21, 20, 59, 19, 26, 30, 31, 53, 51, 34, 32, 40, 33, 44, 35, 39], [45, 37, 38, 46, 41, 42, 43, 47, 48, 49, 52, 54, 55, 56, 57, 58, 63, 60, 61, 62, 64, 67], [65, 70, 66, 76, 68, 79, 71, 72, 75, 73, 74, 77, 78, 81, 82, 80, 87, 83, 84, 85, 86, 88]]
125: [[3, 1, 69, 28, 22, 6, 14, 2, 4, 9, 15, 36, 5, 29, 24, 7, 18, 13, 12, 23, 25, 16], [10, 50, 17, 11, 8, 27, 21, 20, 59, 19, 26, 30, 31, 53, 51, 34, 32, 40, 33, 44, 35, 39], [45, 37, 38, 46, 41, 42, 43, 47, 48, 49, 52, 54, 55, 56, 57, 58, 63, 60, 61, 62, 64, 67], [65, 70, 66, 76, 68, 79, 71, 72, 75, 73, 74, 77, 78, 81, 82, 80, 87, 83, 84, 85, 86, 88]]
126: [[3, 1, 69, 28, 22, 6, 14, 2, 4, 9, 15, 36, 5, 29, 24, 7, 18, 13, 12, 23, 25, 16], [10, 50, 17, 11, 8, 27, 21, 20, 59, 19, 26, 30, 31, 53, 51, 34, 32, 40, 33, 44, 35, 39], [45, 37, 38, 46, 41, 42, 43, 47, 48, 49, 52, 54, 55, 56, 57, 58, 63, 60, 61, 62, 64, 67], [65, 70, 66, 76, 68, 79, 71, 72, 75, 73, 74, 77, 78, 81, 82, 80, 87, 83, 84, 85, 86, 88]]
127: [[3, 1, 69, 28, 22, 6, 14, 2, 4, 9, 15, 36, 5, 29, 24, 7, 18, 13, 12, 23, 25, 16], [10, 50, 17, 11, 8, 27, 21, 20, 59, 19, 26, 30, 31, 53, 51, 34, 32, 40, 33, 44, 35, 39], [45, 37, 38, 46, 41, 42, 43, 47, 48, 49, 52, 54, 55, 56, 57, 58, 63, 60, 61, 62, 64, 67], [65, 70, 66, 76, 68, 79, 71, 72, 75, 73, 74, 77, 78, 81, 82, 80, 87, 83, 84, 85, 86, 88]]
128: [[3, 1, 69, 28, 22, 6, 14, 2, 4, 9, 15, 36, 5, 29, 24, 7, 18, 13, 12, 23, 25, 16], [10, 50, 17, 11, 8, 27, 21, 20, 59, 19, 26, 30, 31, 53, 51, 34, 32, 40, 33, 44, 35, 39], [45, 37, 38, 46, 41, 42, 43, 47, 48, 49, 52, 54, 55, 56, 57, 58, 63, 60, 61, 62, 64, 67], [65, 70, 66, 76, 68, 79, 71, 72, 75, 73, 74, 77, 78, 81, 82, 80, 87, 83, 84, 85, 86, 88]]
129: [[3, 1, 69, 28, 22, 6, 14, 2, 4, 9, 15, 36, 5, 29, 24, 7, 18, 13, 12, 23, 25, 16], [10, 50, 17, 11, 8, 27, 21, 20, 59, 19, 26, 30, 31, 53, 51, 34, 32, 40, 33, 44, 35, 39], [45, 37, 38, 46, 41, 42, 43, 47, 48, 49, 52, 54, 55, 56, 57, 58, 63, 60, 61, 62, 64, 67], [65, 70, 66, 76, 68, 79, 71, 72, 75, 73, 74, 77, 78, 81, 82, 80, 87, 83, 84, 85, 86, 88]]
130: [[3, 1, 69, 28, 22, 6, 14, 2, 4, 9, 15, 36, 5, 29, 24, 7, 18, 13, 12, 23, 25, 16], [10, 50, 17, 11, 8, 27, 21, 20, 59, 19, 26, 30, 31, 53, 51, 34, 32, 40, 33, 44, 35, 39], [45, 37, 38, 46, 41, 42, 43, 47, 48, 49, 52, 54, 55, 56, 57, 58, 63, 60, 61, 62, 64, 67], [65, 70, 66, 76, 68, 79, 71, 72, 75, 73, 74, 77, 78, 81, 82, 80, 87, 83, 84, 85, 86, 88]]
131: [[3, 1, 69, 28, 22, 6, 14, 2, 4, 9, 15, 36, 5, 29, 24, 7, 18, 13, 12, 23, 25, 16], [10, 50, 17, 11, 8, 27, 21, 20, 59, 19, 26, 30, 31, 53, 51, 34, 32, 40, 33, 44, 35, 39], [45, 37, 38, 46, 41, 42, 43, 47, 48, 49, 52, 54, 55, 56, 57, 58, 63, 60, 61, 62, 64, 67], [65, 70, 66, 76, 68, 79, 71, 72, 75, 73, 74, 77, 78, 81, 82, 80, 87, 83, 84, 85, 86, 88]]
132: [[3, 1, 69, 28, 22, 6, 14, 2, 4, 9, 15, 36, 5, 29, 24, 7, 18, 13, 12, 23, 25, 16], [10, 50, 17, 11, 8, 27, 21, 20, 59, 19, 26, 30, 31, 53, 51, 34, 32, 40, 33, 44, 35, 39], [45, 37, 38, 46, 41, 42, 43, 47, 48, 49, 52, 54, 55, 56, 57, 58, 63, 60, 61, 62, 64, 67], [65, 70, 66, 76, 68, 79, 71, 72, 75, 73, 74, 77, 78, 81, 82, 80, 87, 83, 84, 85, 86, 88]]
133: [[3, 1, 69, 28, 22, 6, 14, 2, 4, 9, 15, 36, 5, 29, 24, 7, 18, 13, 12, 23, 25, 16], [10, 50, 17, 11, 8, 27, 21, 20, 59, 19, 26, 30, 31, 53, 51, 34, 32, 40, 33, 44, 35, 39], [45, 37, 38, 46, 41, 42, 43, 47, 48, 49, 52, 54, 55, 56, 57, 58, 63, 60, 61, 62, 64, 67], [65, 70, 66, 76, 68, 79, 71, 72, 75, 73, 74, 77, 78, 81, 82, 80, 87, 83, 84, 85, 86, 88]]
134: [[3, 1, 69, 28, 22, 6, 14, 2, 4, 9, 15, 36, 5, 29, 24, 7, 18, 13, 12, 23, 25, 16], [10, 50, 17, 11, 8, 27, 21, 20, 59, 19, 26, 30, 31, 53, 51, 34, 32, 40, 33, 44, 35, 39], [45, 37, 38, 46, 41, 42, 43, 47, 48, 49, 52, 54, 55, 56, 57, 58, 63, 60, 61, 62, 64, 67], [65, 70, 66, 76, 68, 79, 71, 72, 75, 73, 74, 77, 78, 81, 82, 80, 87, 83, 84, 85, 86, 88]]
135: [[3, 1, 69, 28, 22, 6, 14, 2, 4, 9, 15, 36, 5, 29, 24, 7, 18, 13, 12, 23, 25, 16], [10, 50, 17, 11, 8, 27, 21, 20, 59, 19, 26, 30, 31, 53, 51, 34, 32, 40, 33, 44, 35, 39], [45, 37, 38, 46, 41, 42, 43, 47, 48, 49, 52, 54, 55, 56, 57, 58, 63, 60, 61, 62, 64, 67], [65, 70, 66, 76, 68, 79, 71, 72, 75, 73, 74, 77, 78, 81, 82, 80, 87, 83, 84, 85, 86, 88]]
136: [[3, 1, 69, 28, 22, 6, 14, 2, 4, 9, 15, 36, 5, 29, 24, 7, 18, 13, 12, 23, 25, 16], [10, 50, 17, 11, 8, 27, 21, 20, 59, 19, 26, 30, 31, 53, 51, 34, 32, 40, 33, 44, 35, 39], [45, 37, 38, 46, 41, 42, 43, 47, 48, 49, 52, 54, 55, 56, 57, 58, 63, 60, 61, 62, 64, 67], [65, 70, 66, 76, 68, 79, 71, 72, 75, 73, 74, 77, 78, 81, 82, 80, 87, 83, 84, 85, 86, 88]]
137: [[3, 1, 69, 28, 22, 6, 14, 2, 4, 9, 15, 36, 5, 29, 24, 7, 18, 13, 12, 23, 25, 16], [10, 50, 17, 11, 8, 27, 21, 20, 59, 19, 26, 30, 31, 53, 51, 34, 32, 40, 33, 44, 35, 39], [45, 37, 38, 46, 41, 42, 43, 47, 48, 49, 52, 54, 55, 56, 57, 58, 63, 60, 61, 62, 64, 67], [65, 70, 66, 76, 68, 79, 71, 72, 75, 73, 74, 77, 78, 81, 82, 80, 87, 83, 84, 85, 86, 88]]
138: [[3, 1, 69, 28, 22, 6, 14, 2, 4, 9, 15, 36, 5, 29, 24, 7, 18, 13, 12, 23, 25, 16], [10, 50, 17, 11, 8, 27, 21, 20, 59, 19, 26, 30, 31, 53, 51, 34, 32, 40, 33, 44, 35, 39], [45, 37, 38, 46, 41, 42, 43, 47, 48, 49, 52, 54, 55, 56, 57, 58, 63, 60, 61, 62, 64, 67], [65, 70, 66, 76, 68, 79, 71, 72, 75, 73, 74, 77, 78, 81, 82, 80, 87, 83, 84, 85, 86, 88]]
139: [[3, 1, 69, 28, 22, 6, 14, 2, 4, 9, 15, 36, 5, 29, 24, 7, 18, 13, 12, 23, 25, 16], [10, 50, 17, 11, 8, 27, 21, 20, 59, 19, 26, 30, 31, 53, 51, 34, 32, 40, 33, 44, 35, 39], [45, 37, 38, 46, 41, 42, 43, 47, 48, 49, 52, 54, 55, 56, 57, 58, 63, 60, 61, 62, 64, 67], [65, 70, 66, 76, 68, 79, 71, 72, 75, 73, 74, 77, 78, 81, 82, 80, 87, 83, 84, 85, 86, 88]]
140: [[3, 1, 69, 28, 22, 6, 14, 2, 4, 9, 15, 36, 5, 29, 24, 7, 18, 13, 12, 23, 25, 16], [10, 50, 17, 11, 8, 27, 21, 20, 59, 19, 26, 30, 31, 53, 51, 34, 32, 40, 33, 44, 35, 39], [45, 37, 38, 46, 41, 42, 43, 47, 48, 49, 52, 54, 55, 56, 57, 58, 63, 60, 61, 62, 64, 67], [65, 70, 66, 76, 68, 79, 71, 72, 75, 73, 74, 77, 78, 81, 82, 80, 87, 83, 84, 85, 86, 88]]
141: [[3, 1, 69, 28, 22, 6, 14, 2, 4, 9, 15, 36, 5, 29, 24, 7, 18, 13, 12, 23, 25, 16], [10, 50, 17, 11, 8, 27, 21, 20, 59, 19, 26, 30, 31, 53, 51, 34, 32, 40, 33, 44, 35, 39], [45, 37, 38, 46, 41, 42, 43, 47, 48, 49, 52, 54, 55, 56, 57, 58, 63, 60, 61, 62, 64, 67], [65, 70, 66, 76, 68, 79, 71, 72, 75, 73, 74, 77, 78, 81, 82, 80, 87, 83, 84, 85, 86, 88]]
142: [[3, 1, 69, 28, 22, 6, 14, 2, 4, 9, 15, 36, 5, 29, 24, 7, 18, 13, 12, 23, 25, 16], [10, 50, 17, 11, 8, 27, 21, 20, 59, 19, 26, 30, 31, 53, 51, 34, 32, 40, 33, 44, 35, 39], [45, 37, 38, 46, 41, 42, 43, 47, 48, 49, 52, 54, 55, 56, 57, 58, 63, 60, 61, 62, 64, 67], [65, 70, 66, 76, 68, 79, 71, 72, 75, 73, 74, 77, 78, 81, 82, 80, 87, 83, 84, 85, 86, 88]]
143: [[3, 1, 69, 28, 22, 6, 14, 2, 4, 9, 15, 36, 5, 29, 24, 7, 18, 13, 12, 23, 25, 16], [10, 50, 17, 11, 8, 27, 21, 20, 59, 19, 26, 30, 31, 53, 51, 34, 32, 40, 33, 44, 35, 39], [45, 37, 38, 46, 41, 42, 43, 47, 48, 49, 52, 54, 55, 56, 57, 58, 63, 60, 61, 62, 64, 67], [65, 70, 66, 76, 68, 79, 71, 72, 75, 73, 74, 77, 78, 81, 82, 80, 87, 83, 84, 85, 86, 88]]
144: [[3, 1, 69, 28, 22, 6, 14, 2, 4, 9, 15, 36, 5, 29, 24, 7, 18, 13, 12, 23, 25, 16], [10, 50, 17, 11, 8, 27, 21, 20, 59, 19, 26, 30, 31, 53, 51, 34, 32, 40, 33, 44, 35, 39], [45, 37, 38, 46, 41, 42, 43, 47, 48, 49, 52, 54, 55, 56, 57, 58, 63, 60, 61, 62, 64, 67], [65, 70, 66, 76, 68, 79, 71, 72, 75, 73, 74, 77, 78, 81, 82, 80, 87, 83, 84, 85, 86, 88]]
145: [[3, 1, 69, 28, 22, 6, 14, 2, 4, 9, 15, 36, 5, 29, 24, 7, 18, 13, 12, 23, 25, 16], [10, 50, 17, 11, 8, 27, 21, 20, 59, 19, 26, 30, 31, 53, 51, 34, 32, 40, 33, 44, 35, 39], [45, 37, 38, 46, 41, 42, 43, 47, 48, 49, 52, 54, 55, 56, 57, 58, 63, 60, 61, 62, 64, 67], [65, 70, 66, 76, 68, 79, 71, 72, 75, 73, 74, 77, 78, 81, 82, 80, 87, 83, 84, 85, 86, 88]]
146: [[3, 1, 69, 28, 22, 6, 14, 2, 4, 9, 15, 36, 5, 29, 24, 7, 18, 13, 12, 23, 25, 16], [10, 50, 17, 11, 8, 27, 21, 20, 59, 19, 26, 30, 31, 53, 51, 34, 32, 40, 33, 44, 35, 39], [45, 37, 38, 46, 41, 42, 43, 47, 48, 49, 52, 54, 55, 56, 57, 58, 63, 60, 61, 62, 64, 67], [65, 70, 66, 76, 68, 79, 71, 72, 75, 73, 74, 77, 78, 81, 82, 80, 87, 83, 84, 85, 86, 88]]
147: [[3, 1, 69, 28, 22, 6, 14, 2, 4, 9, 15, 36, 5, 29, 24, 7, 18, 13, 12, 23, 25, 16], [10, 50, 17, 11, 8, 27, 21, 20, 59, 19, 26, 30, 31, 53, 51, 34, 32, 40, 33, 44, 35, 39], [45, 37, 38, 46, 41, 42, 43, 47, 48, 49, 52, 54, 55, 56, 57, 58, 63, 60, 61, 62, 64, 67], [65, 70, 66, 76, 68, 79, 71, 72, 75, 73, 74, 77, 78, 81, 82, 80, 87, 83, 84, 85, 86, 88]]
148: [[3, 1, 69, 28, 22, 6, 14, 2, 4, 9, 15, 36, 5, 29, 24, 7, 18, 13, 12, 23, 25, 16], [10, 50, 17, 11, 8, 27, 21, 20, 59, 19, 26, 30, 31, 53, 51, 34, 32, 40, 33, 44, 35, 39], [45, 37, 38, 46, 41, 42, 43, 47, 48, 49, 52, 54, 55, 56, 57, 58, 63, 60, 61, 62, 64, 67], [65, 70, 66, 76, 68, 79, 71, 72, 75, 73, 74, 77, 78, 81, 82, 80, 87, 83, 84, 85, 86, 88]]
149: [[3, 1, 69, 28, 22, 6, 14, 2, 4, 9, 15, 36, 5, 29, 24, 7, 18, 13, 12, 23, 25, 16], [10, 50, 17, 11, 8, 27, 21, 20, 59, 19, 26, 30, 31, 53, 51, 34, 32, 40, 33, 44, 35, 39], [45, 37, 38, 46, 41, 42, 43, 47, 48, 49, 52, 54, 55, 56, 57, 58, 63, 60, 61, 62, 64, 67], [65, 70, 66, 76, 68, 79, 71, 72, 75, 73, 74, 77, 78, 81, 82, 80, 87, 83, 84, 85, 86, 88]]
150: [[3, 1, 69, 28, 22, 6, 14, 2, 4, 9, 15, 36, 5, 29, 24, 7, 18, 13, 12, 23, 25, 16], [10, 50, 17, 11, 8, 27, 21, 20, 59, 19, 26, 30, 31, 53, 51, 34, 32, 40, 33, 44, 35, 39], [45, 37, 38, 46, 41, 42, 43, 47, 48, 49, 52, 54, 55, 56, 57, 58, 63, 60, 61, 62, 64, 67], [65, 70, 66, 76, 68, 79, 71, 72, 75, 73, 74, 77, 78, 81, 82, 80, 87, 83, 84, 85, 86, 88]]
151: [[3, 1, 69, 28, 22, 6, 14, 2, 4, 9, 15, 36, 5, 29, 24, 7, 18, 13, 12, 23, 25, 16], [10, 50, 17, 11, 8, 27, 21, 20, 59, 19, 26, 30, 31, 53, 51, 34, 32, 40, 33, 44, 35, 39], [45, 37, 38, 46, 41, 42, 43, 47, 48, 49, 52, 54, 55, 56, 57, 58, 63, 60, 61, 62, 64, 67], [65, 70, 66, 76, 68, 79, 71, 72, 75, 73, 74, 77, 78, 81, 82, 80, 87, 83, 84, 85, 86, 88]]
152: [[3, 1, 69, 28, 22, 6, 14, 2, 4, 9, 15, 36, 5, 29, 24, 7, 18, 13, 12, 23, 25, 16], [10, 50, 17, 11, 8, 27, 21, 20, 59, 19, 26, 30, 31, 53, 51, 34, 32, 40, 33, 44, 35, 39], [45, 37, 38, 46, 41, 42, 43, 47, 48, 49, 52, 54, 55, 56, 57, 58, 63, 60, 61, 62, 64, 67], [65, 70, 66, 76, 68, 79, 71, 72, 75, 73, 74, 77, 78, 81, 82, 80, 87, 83, 84, 85, 86, 88]]
153: [[3, 1, 69, 28, 22, 6, 14, 2, 4, 9, 15, 36, 5, 29, 24, 7, 18, 13, 12, 23, 25, 16], [10, 50, 17, 11, 8, 27, 21, 20, 59, 19, 26, 30, 31, 53, 51, 34, 32, 40, 33, 44, 35, 39], [45, 37, 38, 46, 41, 42, 43, 47, 48, 49, 52, 54, 55, 56, 57, 58, 63, 60, 61, 62, 64, 67], [65, 70, 66, 76, 68, 79, 71, 72, 75, 73, 74, 77, 78, 81, 82, 80, 87, 83, 84, 85, 86, 88]]
154: [[3, 1, 69, 28, 22, 6, 14, 2, 4, 9, 15, 36, 5, 29, 24, 7, 18, 13, 12, 23, 25, 16], [10, 50, 17, 11, 8, 27, 21, 20, 59, 19, 26, 30, 31, 53, 51, 34, 32, 40, 33, 44, 35, 39], [45, 37, 38, 46, 41, 42, 43, 47, 48, 49, 52, 54, 55, 56, 57, 58, 63, 60, 61, 62, 64, 67], [65, 70, 66, 76, 68, 79, 71, 72, 75, 73, 74, 77, 78, 81, 82, 80, 87, 83, 84, 85, 86, 88]]
155: [[3, 1, 69, 28, 22, 6, 14, 2, 4, 9, 15, 36, 5, 29, 24, 7, 18, 13, 12, 23, 25, 16], [10, 50, 17, 11, 8, 27, 21, 20, 59, 19, 26, 30, 31, 53, 51, 34, 32, 40, 33, 44, 35, 39], [45, 37, 38, 46, 41, 42, 43, 47, 48, 49, 52, 54, 55, 56, 57, 58, 63, 60, 61, 62, 64, 67], [65, 70, 66, 76, 68, 79, 71, 72, 75, 73, 74, 77, 78, 81, 82, 80, 87, 83, 84, 85, 86, 88]]
156: [[3, 1, 69, 28, 22, 6, 14, 2, 4, 9, 15, 36, 5, 29, 24, 7, 18, 13, 12, 23, 25, 16], [10, 50, 17, 11, 8, 27, 21, 20, 59, 19, 26, 30, 31, 53, 51, 34, 32, 40, 33, 44, 35, 39], [45, 37, 38, 46, 41, 42, 43, 47, 48, 49, 52, 54, 55, 56, 57, 58, 63, 60, 61, 62, 64, 67], [65, 70, 66, 76, 68, 79, 71, 72, 75, 73, 74, 77, 78, 81, 82, 80, 87, 83, 84, 85, 86, 88]]
157: [[3, 1, 69, 28, 22, 6, 14, 2, 4, 9, 15, 36, 5, 29, 24, 7, 18, 13, 12, 23, 25, 16], [10, 50, 17, 11, 8, 27, 21, 20, 59, 19, 26, 30, 31, 53, 51, 34, 32, 40, 33, 44, 35, 39], [45, 37, 38, 46, 41, 42, 43, 47, 48, 49, 52, 54, 55, 56, 57, 58, 63, 60, 61, 62, 64, 67], [65, 70, 66, 76, 68, 79, 71, 72, 75, 73, 74, 77, 78, 81, 82, 80, 87, 83, 84, 85, 86, 88]]
158: [[3, 1, 69, 28, 22, 6, 14, 2, 4, 9, 15, 36, 5, 29, 24, 7, 18, 13, 12, 23, 25, 16], [10, 50, 17, 11, 8, 27, 21, 20, 59, 19, 26, 30, 31, 53, 51, 34, 32, 40, 33, 44, 35, 39], [45, 37, 38, 46, 41, 42, 43, 47, 48, 49, 52, 54, 55, 56, 57, 58, 63, 60, 61, 62, 64, 67], [65, 70, 66, 76, 68, 79, 71, 72, 75, 73, 74, 77, 78, 81, 82, 80, 87, 83, 84, 85, 86, 88]]
159: [[3, 1, 69, 28, 22, 6, 14, 2, 4, 9, 15, 36, 5, 29, 24, 7, 18, 13, 12, 23, 25, 16], [10, 50, 17, 11, 8, 27, 21, 20, 59, 19, 26, 30, 31, 53, 51, 34, 32, 40, 33, 44, 35, 39], [45, 37, 38, 46, 41, 42, 43, 47, 48, 49, 52, 54, 55, 56, 57, 58, 63, 60, 61, 62, 64, 67], [65, 70, 66, 76, 68, 79, 71, 72, 75, 73, 74, 77, 78, 81, 82, 80, 87, 83, 84, 85, 86, 88]]
160: [[3, 1, 69, 28, 22, 6, 14, 2, 4, 9, 15, 36, 5, 29, 24, 7, 18, 13, 12, 23, 25, 16], [10, 50, 17, 11, 8, 27, 21, 20, 59, 19, 26, 30, 31, 53, 51, 34, 32, 40, 33, 44, 35, 39], [45, 37, 38, 46, 41, 42, 43, 47, 48, 49, 52, 54, 55, 56, 57, 58, 63, 60, 61, 62, 64, 67], [65, 70, 66, 76, 68, 79, 71, 72, 75, 73, 74, 77, 78, 81, 82, 80, 87, 83, 84, 85, 86, 88]]
161: [[3, 1, 69, 28, 22, 6, 14, 2, 4, 9, 15, 36, 5, 29, 24, 7, 18, 13, 12, 23, 25, 16], [10, 50, 17, 11, 8, 27, 21, 20, 59, 19, 26, 30, 31, 53, 51, 34, 32, 40, 33, 44, 35, 39], [45, 37, 38, 46, 41, 42, 43, 47, 48, 49, 52, 54, 55, 56, 57, 58, 63, 60, 61, 62, 64, 67], [65, 70, 66, 76, 68, 79, 71, 72, 75, 73, 74, 77, 78, 81, 82, 80, 87, 83, 84, 85, 86, 88]]
162: [[3, 1, 69, 28, 22, 6, 14, 2, 4, 9, 15, 36, 5, 29, 24, 7, 18, 13, 12, 23, 25, 16], [10, 50, 17, 11, 8, 27, 21, 20, 59, 19, 26, 30, 31, 53, 51, 34, 32, 40, 33, 44, 35, 39], [45, 37, 38, 46, 41, 42, 43, 47, 48, 49, 52, 54, 55, 56, 57, 58, 63, 60, 61, 62, 64, 67], [65, 70, 66, 76, 68, 79, 71, 72, 75, 73, 74, 77, 78, 81, 82, 80, 87, 83, 84, 85, 86, 88]]
163: [[3, 1, 69, 28, 22, 6, 14, 2, 4, 9, 15, 36, 5, 29, 24, 7, 18, 13, 12, 23, 25, 16], [10, 50, 17, 11, 8, 27, 21, 20, 59, 19, 26, 30, 31, 53, 51, 34, 32, 40, 33, 44, 35, 39], [45, 37, 38, 46, 41, 42, 43, 47, 48, 49, 52, 54, 55, 56, 57, 58, 63, 60, 61, 62, 64, 67], [65, 70, 66, 76, 68, 79, 71, 72, 75, 73, 74, 77, 78, 81, 82, 80, 87, 83, 84, 85, 86, 88]]
164: [[3, 1, 69, 28, 22, 6, 14, 2, 4, 9, 15, 36, 5, 29, 24, 7, 18, 13, 12, 23, 25, 16], [10, 50, 17, 11, 8, 27, 21, 20, 59, 19, 26, 30, 31, 53, 51, 34, 32, 40, 33, 44, 35, 39], [45, 37, 38, 46, 41, 42, 43, 47, 48, 49, 52, 54, 55, 56, 57, 58, 63, 60, 61, 62, 64, 67], [65, 70, 66, 76, 68, 79, 71, 72, 75, 73, 74, 77, 78, 81, 82, 80, 87, 83, 84, 85, 86, 88]]
165: [[3, 1, 69, 28, 22, 6, 14, 2, 4, 9, 15, 36, 5, 29, 24, 7, 18, 13, 12, 23, 25, 16], [10, 50, 17, 11, 8, 27, 21, 20, 59, 19, 26, 30, 31, 53, 51, 34, 32, 40, 33, 44, 35, 39], [45, 37, 38, 46, 41, 42, 43, 47, 48, 49, 52, 54, 55, 56, 57, 58, 63, 60, 61, 62, 64, 67], [65, 70, 66, 76, 68, 79, 71, 72, 75, 73, 74, 77, 78, 81, 82, 80, 87, 83, 84, 85, 86, 88]]
166: [[3, 1, 69, 28, 22, 6, 14, 2, 4, 9, 15, 36, 5, 29, 24, 7, 18, 13, 12, 23, 25, 16], [10, 50, 17, 11, 8, 27, 21, 20, 59, 19, 26, 30, 31, 53, 51, 34, 32, 40, 33, 44, 35, 39], [45, 37, 38, 46, 41, 42, 43, 47, 48, 49, 52, 54, 55, 56, 57, 58, 63, 60, 61, 62, 64, 67], [65, 70, 66, 76, 68, 79, 71, 72, 75, 73, 74, 77, 78, 81, 82, 80, 87, 83, 84, 85, 86, 88]]
167: [[3, 1, 69, 28, 22, 6, 14, 2, 4, 9, 15, 36, 5, 29, 24, 7, 18, 13, 12, 23, 25, 16], [10, 50, 17, 11, 8, 27, 21, 20, 59, 19, 26, 30, 31, 53, 51, 34, 32, 40, 33, 44, 35, 39], [45, 37, 38, 46, 41, 42, 43, 47, 48, 49, 52, 54, 55, 56, 57, 58, 63, 60, 61, 62, 64, 67], [65, 70, 66, 76, 68, 79, 71, 72, 75, 73, 74, 77, 78, 81, 82, 80, 87, 83, 84, 85, 86, 88]]
168: [[3, 1, 69, 28, 22, 6, 14, 2, 4, 9, 15, 36, 5, 29, 24, 7, 18, 13, 12, 23, 25, 16], [10, 50, 17, 11, 8, 27, 21, 20, 59, 19, 26, 30, 31, 53, 51, 34, 32, 40, 33, 44, 35, 39], [45, 37, 38, 46, 41, 42, 43, 47, 48, 49, 52, 54, 55, 56, 57, 58, 63, 60, 61, 62, 64, 67], [65, 70, 66, 76, 68, 79, 71, 72, 75, 73, 74, 77, 78, 81, 82, 80, 87, 83, 84, 85, 86, 88]]
169: [[3, 1, 69, 28, 22, 6, 14, 2, 4, 9, 15, 36, 5, 29, 24, 7, 18, 13, 12, 23, 25, 16], [10, 50, 17, 11, 8, 27, 21, 20, 59, 19, 26, 30, 31, 53, 51, 34, 32, 40, 33, 44, 35, 39], [45, 37, 38, 46, 41, 42, 43, 47, 48, 49, 52, 54, 55, 56, 57, 58, 63, 60, 61, 62, 64, 67], [65, 70, 66, 76, 68, 79, 71, 72, 75, 73, 74, 77, 78, 81, 82, 80, 87, 83, 84, 85, 86, 88]]
170: [[3, 1, 69, 28, 22, 6, 14, 2, 4, 9, 15, 36, 5, 29, 24, 7, 18, 13, 12, 23, 25, 16], [10, 50, 17, 11, 8, 27, 21, 20, 59, 19, 26, 30, 31, 53, 51, 34, 32, 40, 33, 44, 35, 39], [45, 37, 38, 46, 41, 42, 43, 47, 48, 49, 52, 54, 55, 56, 57, 58, 63, 60, 61, 62, 64, 67], [65, 70, 66, 76, 68, 79, 71, 72, 75, 73, 74, 77, 78, 81, 82, 80, 87, 83, 84, 85, 86, 88]]
171: [[3, 1, 69, 28, 22, 6, 14, 2, 4, 9, 15, 36, 5, 29, 24, 7, 18, 13, 12, 23, 25, 16], [10, 50, 17, 11, 8, 27, 21, 20, 59, 19, 26, 30, 31, 53, 51, 34, 32, 40, 33, 44, 35, 39], [45, 37, 38, 46, 41, 42, 43, 47, 48, 49, 52, 54, 55, 56, 57, 58, 63, 60, 61, 62, 64, 67], [65, 70, 66, 76, 68, 79, 71, 72, 75, 73, 74, 77, 78, 81, 82, 80, 87, 83, 84, 85, 86, 88]]
172: [[3, 1, 69, 28, 22, 6, 14, 2, 4, 9, 15, 36, 5, 29, 24, 7, 18, 13, 12, 23, 25, 16], [10, 50, 17, 11, 8, 27, 21, 20, 59, 19, 26, 30, 31, 53, 51, 34, 32, 40, 33, 44, 35, 39], [45, 37, 38, 46, 41, 42, 43, 47, 48, 49, 52, 54, 55, 56, 57, 58, 63, 60, 61, 62, 64, 67], [65, 70, 66, 76, 68, 79, 71, 72, 75, 73, 74, 77, 78, 81, 82, 80, 87, 83, 84, 85, 86, 88]]
173: [[3, 1, 69, 28, 22, 6, 14, 2, 4, 9, 15, 36, 5, 29, 24, 7, 18, 13, 12, 23, 25, 16], [10, 50, 17, 11, 8, 27, 21, 20, 59, 19, 26, 30, 31, 53, 51, 34, 32, 40, 33, 44, 35, 39], [45, 37, 38, 46, 41, 42, 43, 47, 48, 49, 52, 54, 55, 56, 57, 58, 63, 60, 61, 62, 64, 67], [65, 70, 66, 76, 68, 79, 71, 72, 75, 73, 74, 77, 78, 81, 82, 80, 87, 83, 84, 85, 86, 88]]
174: [[3, 1, 69, 28, 22, 6, 14, 2, 4, 9, 15, 36, 5, 29, 24, 7, 18, 13, 12, 23, 25, 16], [10, 50, 17, 11, 8, 27, 21, 20, 59, 19, 26, 30, 31, 53, 51, 34, 32, 40, 33, 44, 35, 39], [45, 37, 38, 46, 41, 42, 43, 47, 48, 49, 52, 54, 55, 56, 57, 58, 63, 60, 61, 62, 64, 67], [65, 70, 66, 76, 68, 79, 71, 72, 75, 73, 74, 77, 78, 81, 82, 80, 87, 83, 84, 85, 86, 88]]
175: [[3, 1, 69, 28, 22, 6, 14, 2, 4, 9, 15, 36, 5, 29, 24, 7, 18, 13, 12, 23, 25, 16], [10, 50, 17, 11, 8, 27, 21, 20, 59, 19, 26, 30, 31, 53, 51, 34, 32, 40, 33, 44, 35, 39], [45, 37, 38, 46, 41, 42, 43, 47, 48, 49, 52, 54, 55, 56, 57, 58, 63, 60, 61, 62, 64, 67], [65, 70, 66, 76, 68, 79, 71, 72, 75, 73, 74, 77, 78, 81, 82, 80, 87, 83, 84, 85, 86, 88]]
