0: [[38, 46, 42, 20, 5], [4, 75], [70, 58, 31], [40, 6, 10], [11, 59, 30], [53, 87, 8, 26], [62, 80, 49, 63, 16], [81, 48, 7, 61], [3, 35, 9, 52, 57], [17, 24, 1, 32, 29], [19, 13, 23], [22, 12, 27, 2], [25, 28, 64, 43], [21, 34, 33], [14, 15, 36, 51, 41], [47, 18, 45], [60, 66], [50, 55, 37, 54], [68, 56, 39, 44], [73, 76], [74, 69], [65, 67, 71, 78], [72, 83, 85], [79, 82], [77, 84, 88, 86]]
1: [[38, 46, 42, 20, 5], [4, 75], [70, 58, 31], [40, 6, 10], [11, 59, 30], [53, 87, 8, 26], [62, 80, 49, 63, 16], [81, 48, 7, 61], [3, 35, 9, 52, 57], [17, 24, 1, 32, 29], [19, 13, 23], [22, 12, 27, 2], [25, 28, 64, 43], [21, 34, 33], [14, 15, 36, 51, 41], [47, 18, 45], [60, 66], [50, 55, 37, 54], [68, 56, 39, 44], [73, 76], [74, 69], [65, 67, 71, 78], [72, 83, 85], [79, 82], [77, 84, 88, 86]]
2: [[38, 46, 42, 20, 5], [4, 75], [70, 58, 31], [40, 6, 10], [11, 59, 30], [53, 87, 8, 26], [62, 80, 49, 63, 16], [81, 48, 7, 61], [3, 35, 9, 52, 57], [17, 24, 1, 32, 29], [19, 13, 23], [22, 12, 27, 2], [25, 28, 64, 43], [21, 34, 33], [14, 15, 36, 51, 41], [47, 18, 45], [60, 66], [50, 55, 37, 54], [68, 56, 39, 44], [73, 76], [74, 69], [65, 67, 71, 78], [72, 83, 85], [79, 82, 77], [84, 88, 86]]
3: [[38, 46, 42, 20, 5], [4, 75], [70, 58, 31], [40, 6, 10], [11, 59, 30], [53, 87, 8, 26], [62, 80, 49, 63, 16], [81, 48, 7, 61], [3, 35, 9, 52, 57], [17, 24, 1, 32, 29], [19, 13, 23], [22, 12, 27, 2], [25, 28, 64, 43], [21, 34, 33], [14, 15, 36, 51, 41], [47, 18, 45], [60, 66], [50, 55, 37, 54], [68, 56, 39, 44], [73, 76], [74, 69], [65, 67, 71, 78], [72, 83, 85], [79, 82, 77], [84, 88, 86]]
4: [[38, 46, 42, 20, 5], [4, 75], [70, 58, 31], [40, 6, 10], [11, 59, 30], [53, 87, 8, 26], [62, 80, 49, 63, 16], [81, 48, 7, 61], [3, 35, 9, 52, 57], [17, 24, 1, 32, 29], [19, 13, 23], [22, 12, 27, 2], [25, 28, 64, 43], [21, 34, 33], [14, 15, 36, 51, 41], [47, 18, 45], [60, 66], [50, 55, 37], [54, 68, 56], [39, 44, 73, 76], [74, 69, 65, 67], [71, 78, 72], [83, 85, 79, 82], [77, 84], [88, 86]]
5: [[38, 46, 42], [20, 5, 4], [75, 70, 58], [31, 40, 6], [10, 11, 59], [30, 53], [87, 8, 26], [62, 80, 49], [63, 16, 81], [48, 7, 61], [3, 35, 9], [52, 57], [17, 24, 1], [32, 29], [19, 13, 23], [22, 12, 27], [2, 25], [28, 64, 43], [21, 34, 33], [14, 15, 36], [51, 41, 47], [18, 45, 60], [66, 50, 55], [37, 54], [68, 56], [39, 44, 73], [76, 74, 69], [65, 67, 71], [78, 72, 83], [85, 79, 82], [77, 84, 88, 86]]
6: [[38, 46, 42], [20, 5, 4], [75, 70, 58], [31, 40], [6, 10, 11], [59, 30, 53], [87, 8, 26], [62, 80, 49], [63, 16, 81], [48, 7, 61], [3, 35, 9], [52, 57, 17], [24, 1, 32], [29, 19, 13], [23, 22, 12], [27, 2, 25], [28, 64, 43], [21, 34, 33], [14, 15, 36], [51, 41, 47], [18, 45, 60], [66, 50, 55], [37, 54, 68], [56, 39, 44], [73, 76, 74], [69, 65, 67], [71, 78, 72], [83, 85], [79, 82], [77, 84], [88, 86]]
7: [[38, 46, 42], [20, 5, 4], [75, 70, 58], [31, 40, 6], [10, 11, 59], [30, 53, 87], [8, 26, 62], [80, 49, 63], [16, 81], [48, 7, 61], [3, 35, 9], [52, 57, 17], [24, 1], [32, 29, 19], [13, 23, 22], [12, 27, 2], [25, 28], [64, 43, 21], [34, 33], [14, 15], [36, 51, 41], [47, 18, 45], [60, 66, 50], [55, 37, 54], [68, 56, 39], [44, 73, 76], [74, 69], [65, 67, 71], [78, 72, 83], [85, 79, 82], [77, 84, 88, 86]]
8: [[38, 46, 42], [20, 5, 4], [75, 70, 58], [31, 40, 6], [10, 11, 59], [30, 53, 87], [8, 26, 62], [80, 49, 63], [16, 81, 48], [7, 61, 3], [35, 9, 52], [57, 17, 24], [1, 32, 29], [19, 13, 23], [22, 12, 27], [2, 25], [28, 64, 43], [21, 34, 33], [14, 15, 36], [51, 41, 47], [18, 45, 60], [66, 50], [55, 37, 54], [68, 56, 39, 44], [73, 76], [74, 69], [65, 67, 71, 78], [72, 83, 85], [79, 82], [77, 84, 88, 86]]
9: [[38, 46, 42], [20, 5, 4], [75, 70, 58], [31, 40, 6], [10, 11, 59], [30, 53, 87], [8, 26, 62], [80, 49, 63], [16, 81], [48, 7, 61], [3, 35], [9, 52, 57], [17, 24, 1], [32, 29, 19], [13, 23, 22], [12, 27, 2], [25, 28], [64, 43, 21], [34, 33], [14, 15], [36, 51, 41], [47, 18, 45], [60, 66, 50], [55, 37, 54, 68], [56, 39, 44], [73, 76], [74, 69, 65, 67], [71, 78, 72, 83], [85, 79, 82], [77, 84, 88, 86]]
10: [[38, 46, 42], [20, 5, 4], [75, 70, 58], [31, 40, 6], [10, 11, 59], [30, 53, 87], [8, 26, 62], [80, 49, 63], [16, 81, 48], [7, 61], [3, 35, 9], [52, 57, 17], [24, 1, 32], [29, 19, 13], [23, 22, 12], [27, 2, 25], [28, 64, 43], [21, 34, 33], [14, 15, 36], [51, 41, 47], [18, 45, 60], [66, 50, 55], [37, 54, 68], [56, 39, 44], [73, 76, 74], [69, 65], [67, 71, 78], [72, 83, 85], [79, 82], [77, 84], [88, 86]]
11: [[38, 46, 42], [20, 5, 4], [75, 70, 58], [31, 40, 6], [10, 11, 59], [30, 53, 87], [8, 26, 62], [80, 49, 63], [16, 81, 48], [7, 61, 3], [35, 9, 52], [57, 17, 24], [1, 32, 29], [19, 13, 23], [22, 12], [27, 2, 25], [28, 64, 43], [21, 34, 33], [14, 15, 36], [51, 41, 47], [18, 45, 60], [66, 50], [55, 37, 54], [68, 56, 39], [44, 73, 76], [74, 69, 65, 67], [71, 78], [72, 83, 85], [79, 82], [77, 84, 88, 86]]
12: [[38, 46, 42], [20, 5, 4], [75, 70, 58], [31, 40, 6], [10, 11], [59, 30, 53], [87, 8, 26], [62, 80, 49], [63, 16, 81], [48, 7, 61], [3, 35, 9], [52, 57, 17], [24, 1, 32], [29, 19, 13], [23, 22, 12], [27, 2, 25], [28, 64, 43], [21, 34, 33], [14, 15, 36], [51, 41, 47], [18, 45, 60], [66, 50], [55, 37, 54], [68, 56, 39], [44, 73, 76], [74, 69], [65, 67, 71], [78, 72, 83], [85, 79, 82], [77, 84, 88], [86]]
13: [[38, 46], [42, 20, 5], [4, 75, 70], [58, 31, 40, 6], [10, 11, 59, 30], [53, 87, 8, 26, 62], [80, 49, 63, 16], [81, 48, 7, 61, 3], [35, 9, 52, 57, 17], [24, 1, 32], [29, 19, 13, 23], [22, 12, 27, 2], [25, 28, 64], [43, 21, 34, 33, 14], [15, 36, 51], [41, 47, 18], [45, 60], [66, 50, 55], [37, 54, 68], [56, 39, 44], [73, 76, 74], [69, 65, 67], [71, 78, 72], [83, 85], [79, 82], [77, 84], [88, 86]]
14: [[38, 46, 42], [20, 5, 4], [75, 70, 58], [31, 40], [6, 10, 11], [59, 30, 53], [87, 8, 26], [62, 80, 49], [63, 16, 81], [48, 7, 61], [3, 35, 9], [52, 57, 17], [24, 1, 32], [29, 19, 13], [23, 22, 12], [27, 2, 25], [28, 64, 43], [21, 34, 33], [14, 15, 36], [51, 41, 47], [18, 45, 60], [66, 50, 55], [37, 54, 68], [56, 39, 44], [73, 76, 74], [69, 65, 67, 71], [78, 72, 83, 85, 79, 82], [77, 84, 88, 86]]
15: [[38, 46, 42], [20, 5, 4], [75, 70, 58], [31, 40, 6], [10, 11], [59, 30, 53], [87, 8], [26, 62], [80, 49, 63], [16, 81, 48], [7, 61, 3], [35, 9], [52, 57, 17], [24, 1, 32], [29, 19, 13], [23, 22, 12], [27, 2, 25], [28, 64, 43], [21, 34, 33], [14, 15, 36], [51, 41, 47], [18, 45, 60], [66, 50, 55], [37, 54, 68], [56, 39, 44], [73, 76], [74, 69], [65, 67, 71, 78], [72, 83, 85], [79, 82], [77, 84, 88, 86]]
16: [[38, 46, 42], [20, 5, 4], [75, 70, 58], [31, 40, 6], [10, 11, 59], [30, 53, 87], [8, 26], [62, 80, 49], [63, 16, 81], [48, 7, 61], [3, 35, 9], [52, 57, 17], [24, 1, 32], [29, 19, 13], [23, 22, 12], [27, 2, 25], [28, 64, 43], [21, 34, 33], [14, 15, 36], [51, 41, 47], [18, 45, 60], [66, 50, 55], [37, 54, 68], [56, 39, 44], [73, 76, 74], [69, 65, 67, 71], [78, 72, 83, 85], [79, 82, 77], [84, 88, 86]]
17: [[38, 46, 42], [20, 5, 4, 75], [70, 58], [31, 40, 6], [10, 11, 59], [30, 53, 87], [8, 26, 62], [80, 49], [63, 16, 81], [48, 7, 61], [3, 35, 9], [52, 57, 17], [24, 1, 32], [29, 19, 13], [23, 22, 12], [27, 2, 25], [28, 64, 43], [21, 34, 33], [14, 15, 36, 51, 41], [47, 18, 45, 60, 66, 50, 55, 37, 54, 68, 56, 39, 44, 73, 76, 74, 69, 65], [67, 71, 78, 72, 83, 85, 79, 82, 77, 84, 88, 86]]
18: [[38, 46, 42], [20, 5, 4], [75, 70, 58], [31, 40, 6], [10, 11, 59], [30, 53, 87], [8, 26, 62], [80, 49], [63, 16, 81], [48, 7, 61], [3, 35, 9], [52, 57, 17], [24, 1, 32], [29, 19, 13], [23, 22, 12], [27, 2, 25], [28, 64, 43], [21, 34, 33], [14, 15, 36], [51, 41, 47], [18, 45, 60], [66, 50, 55], [37, 54, 68], [56, 39, 44], [73, 76, 74], [69, 65, 67, 71], [78, 72, 83], [85, 79, 82, 77, 84, 88, 86]]
19: [[38, 46, 42], [20, 5, 4], [75, 70, 58], [31, 40, 6], [10, 11, 59], [30, 53, 87], [8, 26, 62], [80, 49, 63], [16, 81, 48], [7, 61, 3], [35, 9, 52], [57, 17, 24], [1, 32, 29], [19, 13, 23], [22, 12], [27, 2, 25], [28, 64, 43], [21, 34, 33], [14, 15, 36], [51, 41, 47], [18, 45, 60], [66, 50, 55], [37, 54, 68], [56, 39, 44], [73, 76, 74], [69, 65, 67], [71, 78], [72, 83], [85, 79, 82], [77, 84, 88, 86]]
20: [[38, 46], [42, 20, 5], [4, 75, 70], [58, 31, 40], [6, 10, 11], [59, 30, 53], [87, 8, 26], [62, 80, 49], [63, 16, 81], [48, 7, 61], [3, 35, 9], [52, 57, 17], [24, 1, 32, 29], [19, 13, 23], [22, 12, 27], [2, 25], [28, 64, 43], [21, 34, 33], [14, 15, 36], [51, 41, 47], [18, 45], [60, 66, 50], [55, 37, 54], [68, 56, 39], [44, 73, 76], [74, 69, 65], [67, 71, 78], [72, 83, 85], [79, 82, 77], [84, 88, 86]]
21: [[38, 46, 42], [20, 5, 4], [75, 70, 58], [31, 40, 6], [10, 11, 59], [30, 53, 87], [8, 26, 62], [80, 49, 63], [16, 81, 48], [7, 61, 3], [35, 9, 52], [57, 17, 24], [1, 32, 29], [19, 13, 23], [22, 12, 27], [2, 25], [28, 64, 43], [21, 34, 33], [14, 15, 36], [51, 41, 47], [18, 45, 60], [66, 50, 55], [37, 54, 68], [56, 39, 44], [73, 76], [74, 69], [65, 67, 71], [78, 72, 83], [85, 79, 82], [77, 84, 88, 86]]
22: [[38, 46, 42], [20, 5, 4], [75, 70, 58], [31, 40, 6], [10, 11], [59, 30, 53], [87, 8, 26], [62, 80, 49], [63, 16, 81], [48, 7, 61], [3, 35, 9], [52, 57, 17], [24, 1, 32], [29, 19, 13], [23, 22, 12], [27, 2, 25], [28, 64, 43], [21, 34, 33], [14, 15], [36, 51, 41], [47, 18, 45], [60, 66], [50, 55, 37], [54, 68, 56], [39, 44, 73], [76, 74, 69], [65, 67, 71], [78, 72], [83, 85], [79, 82, 77], [84, 88, 86]]
23: [[38, 46, 42], [20, 5, 4], [75, 70, 58], [31, 40, 6], [10, 11, 59], [30, 53], [87, 8, 26], [62, 80, 49], [63, 16, 81], [48, 7, 61], [3, 35, 9], [52, 57, 17], [24, 1, 32], [29, 19, 13], [23, 22, 12], [27, 2, 25], [28, 64, 43], [21, 34, 33], [14, 15, 36], [51, 41, 47], [18, 45], [60, 66, 50], [55, 37, 54], [68, 56, 39], [44, 73, 76], [74, 69, 65], [67, 71, 78, 72], [83, 85, 79, 82, 77, 84, 88, 86]]
24: [[38, 46, 42], [20, 5, 4], [75, 70, 58], [31, 40, 6], [10, 11, 59, 30], [53, 87, 8, 26], [62, 80, 49, 63], [16, 81, 48, 7, 61], [3, 35, 9, 52, 57], [17, 24, 1], [32, 29, 19, 13], [23, 22, 12, 27], [2, 25, 28], [64, 43, 21, 34, 33], [14, 15, 36], [51, 41, 47], [18, 45, 60], [66, 50], [55, 37, 54], [68, 56, 39, 44], [73, 76, 74], [69, 65, 67, 71], [78, 72, 83, 85], [79, 82, 77], [84, 88, 86]]
25: [[38, 46, 42], [20, 5, 4], [75, 70, 58], [31, 40], [6, 10, 11], [59, 30, 53], [87, 8, 26], [62, 80, 49], [63, 16, 81], [48, 7, 61], [3, 35, 9], [52, 57, 17], [24, 1, 32], [29, 19, 13], [23, 22, 12], [27, 2, 25], [28, 64, 43], [21, 34, 33], [14, 15, 36], [51, 41, 47], [18, 45, 60], [66, 50, 55], [37, 54, 68], [56, 39, 44], [73, 76, 74], [69, 65, 67], [71, 78, 72], [83, 85], [79, 82, 77], [84, 88, 86]]
26: [[38, 46, 42], [20, 5, 4], [75, 70, 58], [31, 40, 6], [10, 11, 59], [30, 53, 87], [8, 26, 62], [80, 49], [63, 16, 81], [48, 7, 61], [3, 35, 9], [52, 57, 17], [24, 1, 32], [29, 19, 13], [23, 22, 12], [27, 2, 25], [28, 64, 43], [21, 34, 33], [14, 15, 36], [51, 41, 47], [18, 45, 60], [66, 50, 55], [37, 54, 68], [56, 39, 44], [73, 76], [74, 69, 65], [67, 71, 78, 72, 83, 85, 79, 82, 77, 84, 88, 86]]
27: [[38, 46, 42], [20, 5, 4], [75, 70, 58], [31, 40, 6], [10, 11, 59], [30, 53, 87], [8, 26, 62], [80, 49], [63, 16, 81], [48, 7, 61], [3, 35, 9], [52, 57, 17], [24, 1, 32], [29, 19, 13], [23, 22, 12], [27, 2, 25], [28, 64, 43], [21, 34, 33], [14, 15, 36], [51, 41, 47], [18, 45, 60], [66, 50, 55], [37, 54, 68], [56, 39, 44], [73, 76], [74, 69, 65], [67, 71, 78, 72, 83, 85, 79, 82, 77, 84, 88, 86]]
28: [[38, 46, 42], [20, 5, 4], [75, 70, 58], [31, 40, 6], [10, 11, 59], [30, 53, 87], [8, 26, 62], [80, 49, 63], [16, 81, 48], [7, 61, 3], [35, 9, 52], [57, 17, 24], [1, 32], [29, 19, 13], [23, 22, 12], [27, 2, 25], [28, 64, 43], [21, 34, 33], [14, 15, 36], [51, 41, 47], [18, 45, 60], [66, 50, 55], [37, 54, 68], [56, 39, 44], [73, 76, 74], [69, 65, 67], [71, 78], [72, 83, 85], [79, 82], [77, 84, 88, 86]]
29: [[38, 46, 42], [20, 5, 4], [75, 70, 58], [31, 40, 6], [10, 11, 59], [30, 53, 87], [8, 26, 62], [80, 49], [63, 16, 81], [48, 7, 61], [3, 35, 9], [52, 57, 17], [24, 1, 32], [29, 19, 13], [23, 22, 12], [27, 2], [25, 28, 64], [43, 21, 34], [33, 14, 15], [36, 51, 41], [47, 18, 45], [60, 66, 50], [55, 37, 54], [68, 56, 39], [44, 73, 76], [74, 69, 65, 67], [71, 78, 72], [83, 85, 79, 82], [77, 84, 88, 86]]
30: [[38, 46, 42], [20, 5, 4], [75, 70, 58], [31, 40, 6], [10, 11, 59], [30, 53], [87, 8, 26], [62, 80, 49], [63, 16, 81], [48, 7, 61], [3, 35, 9], [52, 57, 17], [24, 1, 32], [29, 19, 13], [23, 22, 12], [27, 2, 25], [28, 64, 43], [21, 34, 33], [14, 15, 36], [51, 41, 47], [18, 45, 60], [66, 50, 55], [37, 54], [68, 56, 39], [44, 73, 76], [74, 69, 65], [67, 71, 78], [72, 83, 85], [79, 82, 77], [84, 88, 86]]
31: [[38, 46, 42], [20, 5, 4], [75, 70, 58], [31, 40, 6], [10, 11], [59, 30, 53], [87, 8, 26], [62, 80, 49], [63, 16, 81], [48, 7, 61], [3, 35, 9], [52, 57, 17], [24, 1, 32], [29, 19, 13], [23, 22, 12], [27, 2, 25], [28, 64, 43], [21, 34, 33], [14, 15, 36], [51, 41, 47], [18, 45, 60], [66, 50, 55], [37, 54, 68], [56, 39, 44], [73, 76, 74], [69, 65, 67], [71, 78, 72], [83, 85], [79, 82, 77], [84, 88, 86]]
32: [[38, 46, 42], [20, 5, 4], [75, 70, 58], [31, 40, 6], [10, 11], [59, 30, 53], [87, 8, 26], [62, 80, 49], [63, 16, 81], [48, 7, 61], [3, 35, 9], [52, 57, 17], [24, 1, 32], [29, 19, 13], [23, 22, 12], [27, 2, 25], [28, 64, 43], [21, 34, 33], [14, 15, 36], [51, 41, 47], [18, 45, 60], [66, 50, 55], [37, 54, 68], [56, 39, 44], [73, 76, 74], [69, 65, 67], [71, 78, 72], [83, 85], [79, 82, 77], [84, 88, 86]]
33: [[38, 46, 42], [20, 5, 4], [75, 70, 58], [31, 40, 6], [10, 11, 59], [30, 53, 87], [8, 26, 62], [80, 49, 63], [16, 81, 48, 7], [61, 3, 35, 9], [52, 57, 17], [24, 1, 32], [29, 19, 13, 23], [22, 12, 27], [2, 25], [28, 64, 43], [21, 34, 33], [14, 15, 36], [51, 41, 47], [18, 45, 60], [66, 50, 55], [37, 54, 68], [56, 39, 44], [73, 76, 74], [69, 65], [67, 71, 78], [72, 83, 85], [79, 82, 77, 84], [88, 86]]
34: [[38, 46, 42], [20, 5, 4], [75, 70, 58], [31, 40, 6], [10, 11, 59], [30, 53, 87], [8, 26, 62], [80, 49], [63, 16, 81], [48, 7, 61], [3, 35, 9], [52, 57, 17], [24, 1, 32], [29, 19, 13], [23, 22, 12], [27, 2, 25], [28, 64, 43], [21, 34, 33], [14, 15, 36], [51, 41, 47], [18, 45, 60], [66, 50], [55, 37, 54], [68, 56], [39, 44], [73, 76, 74, 69, 65, 67, 71, 78, 72, 83, 85, 79, 82, 77, 84, 88, 86]]
35: [[38, 46, 42], [20, 5], [4, 75, 70], [58, 31, 40], [6, 10, 11], [59, 30], [53, 87, 8], [26, 62, 80], [49, 63, 16], [81, 48, 7], [61, 3, 35], [9, 52, 57], [17, 24, 1], [32, 29, 19], [13, 23], [22, 12, 27], [2, 25, 28], [64, 43], [21, 34, 33], [14, 15, 36], [51, 41, 47], [18, 45, 60], [66, 50, 55], [37, 54, 68], [56, 39, 44], [73, 76, 74], [69, 65, 67, 71], [78, 72, 83], [85, 79, 82], [77, 84, 88, 86]]
36: [[38, 46, 42], [20, 5, 4], [75, 70, 58], [31, 40, 6], [10, 11], [59, 30, 53], [87, 8, 26], [62, 80, 49], [63, 16, 81], [48, 7, 61], [3, 35, 9], [52, 57, 17], [24, 1, 32], [29, 19, 13], [23, 22, 12], [27, 2, 25], [28, 64, 43], [21, 34, 33], [14, 15], [36, 51, 41], [47, 18, 45], [60, 66], [50, 55, 37], [54, 68, 56], [39, 44, 73], [76, 74, 69], [65, 67, 71], [78, 72, 83, 85, 79, 82, 77, 84, 88, 86]]
37: [[38, 46, 42], [20, 5, 4], [75, 70, 58], [31, 40, 6], [10, 11, 59], [30, 53, 87], [8, 26, 62], [80, 49, 63], [16, 81], [48, 7, 61], [3, 35, 9], [52, 57, 17], [24, 1, 32], [29, 19, 13], [23, 22, 12], [27, 2, 25], [28, 64, 43], [21, 34, 33], [14, 15, 36], [51, 41, 47], [18, 45, 60], [66, 50, 55], [37, 54, 68], [56, 39, 44], [73, 76, 74], [69, 65, 67], [71, 78, 72], [83, 85, 79], [82, 77], [84, 88, 86]]
38: [[38, 46, 42], [20, 5], [4, 75, 70], [58, 31, 40], [6, 10, 11], [59, 30, 53], [87, 8, 26], [62, 80, 49], [63, 16, 81], [48, 7, 61], [3, 35, 9], [52, 57, 17], [24, 1, 32], [29, 19, 13], [23, 22, 12], [27, 2, 25], [28, 64, 43], [21, 34, 33], [14, 15, 36], [51, 41, 47], [18, 45], [60, 66, 50], [55, 37, 54], [68, 56, 39, 44, 73, 76, 74, 69, 65, 67, 71, 78, 72, 83, 85, 79, 82, 77, 84, 88, 86]]
39: [[38, 46, 42], [20, 5, 4], [75, 70, 58], [31, 40, 6], [10, 11, 59], [30, 53, 87], [8, 26], [62, 80, 49], [63, 16, 81], [48, 7, 61], [3, 35, 9], [52, 57, 17], [24, 1, 32], [29, 19, 13], [23, 22, 12], [27, 2, 25], [28, 64, 43], [21, 34, 33], [14, 15], [36, 51, 41], [47, 18, 45, 60], [66, 50, 55], [37, 54, 68, 56], [39, 44, 73], [76, 74, 69, 65, 67, 71, 78, 72, 83, 85, 79, 82, 77, 84, 88, 86]]
40: [[38, 46, 42], [20, 5, 4], [75, 70, 58], [31, 40, 6], [10, 11, 59], [30, 53], [87, 8, 26], [62, 80, 49], [63, 16, 81], [48, 7, 61], [3, 35, 9], [52, 57, 17], [24, 1, 32], [29, 19, 13], [23, 22, 12], [27, 2, 25], [28, 64, 43], [21, 34, 33], [14, 15, 36, 51], [41, 47, 18], [45, 60, 66], [50, 55], [37, 54, 68, 56], [39, 44, 73], [76, 74, 69, 65], [67, 71, 78], [72, 83, 85], [79, 82, 77], [84, 88, 86]]
41: [[38, 46, 42], [20, 5, 4, 75], [70, 58, 31], [40, 6, 10], [11, 59, 30], [53, 87, 8, 26], [62, 80, 49], [63, 16, 81], [48, 7, 61], [3, 35, 9], [52, 57, 17], [24, 1, 32], [29, 19, 13], [23, 22, 12], [27, 2], [25, 28, 64], [43, 21, 34, 33], [14, 15, 36], [51, 41, 47], [18, 45, 60], [66, 50, 55], [37, 54], [68, 56, 39], [44, 73, 76, 74, 69, 65, 67, 71, 78, 72, 83, 85, 79, 82, 77, 84, 88, 86]]
42: [[38, 46, 42], [20, 5, 4], [75, 70, 58], [31, 40, 6], [10, 11, 59], [30, 53, 87], [8, 26], [62, 80, 49], [63, 16, 81], [48, 7, 61], [3, 35, 9], [52, 57, 17], [24, 1, 32], [29, 19, 13], [23, 22, 12], [27, 2, 25], [28, 64, 43], [21, 34], [33, 14, 15], [36, 51, 41], [47, 18, 45, 60], [66, 50, 55], [37, 54, 68], [56, 39, 44], [73, 76, 74], [69, 65, 67], [71, 78], [72, 83, 85], [79, 82, 77], [84, 88, 86]]
43: [[38, 46, 42], [20, 5, 4], [75, 70, 58], [31, 40, 6], [10, 11, 59], [30, 53, 87], [8, 26], [62, 80, 49], [63, 16, 81], [48, 7, 61], [3, 35, 9], [52, 57, 17], [24, 1, 32], [29, 19, 13], [23, 22, 12], [27, 2, 25], [28, 64, 43], [21, 34, 33], [14, 15, 36], [51, 41, 47], [18, 45, 60], [66, 50], [55, 37, 54], [68, 56, 39], [44, 73, 76], [74, 69, 65], [67, 71, 78, 72, 83, 85, 79, 82, 77, 84, 88, 86]]
44: [[38, 46, 42], [20, 5, 4], [75, 70, 58], [31, 40, 6], [10, 11, 59], [30, 53, 87], [8, 26], [62, 80, 49], [63, 16, 81], [48, 7, 61], [3, 35, 9], [52, 57], [17, 24, 1, 32], [29, 19, 13], [23, 22, 12], [27, 2, 25], [28, 64], [43, 21, 34], [33, 14, 15], [36, 51, 41], [47, 18, 45], [60, 66, 50], [55, 37, 54, 68], [56, 39, 44], [73, 76, 74], [69, 65, 67], [71, 78, 72], [83, 85, 79, 82], [77, 84, 88, 86]]
45: [[38, 46, 42], [20, 5], [4, 75, 70], [58, 31, 40], [6, 10, 11], [59, 30, 53], [87, 8, 26], [62, 80, 49], [63, 16, 81], [48, 7, 61], [3, 35, 9], [52, 57, 17], [24, 1, 32], [29, 19], [13, 23, 22], [12, 27, 2], [25, 28, 64], [43, 21, 34], [33, 14, 15], [36, 51, 41], [47, 18, 45], [60, 66, 50], [55, 37, 54], [68, 56], [39, 44, 73], [76, 74, 69], [65, 67, 71], [78, 72, 83], [85, 79, 82, 77, 84, 88, 86]]
46: [[38, 46, 42], [20, 5, 4], [75, 70, 58], [31, 40, 6], [10, 11, 59], [30, 53, 87], [8, 26], [62, 80, 49, 63], [16, 81, 48, 7, 61], [3, 35, 9, 52, 57], [17, 24, 1, 32], [29, 19, 13, 23], [22, 12, 27, 2, 25], [28, 64, 43], [21, 34, 33, 14, 15], [36, 51, 41], [47, 18, 45], [60, 66], [50, 55, 37], [54, 68, 56], [39, 44, 73], [76, 74, 69, 65], [67, 71, 78], [72, 83], [85, 79, 82, 77], [84, 88, 86]]
47: [[38, 46, 42], [20, 5, 4], [75, 70, 58], [31, 40, 6], [10, 11, 59], [30, 53, 87], [8, 26, 62], [80, 49], [63, 16, 81], [48, 7, 61], [3, 35, 9], [52, 57, 17], [24, 1, 32], [29, 19, 13], [23, 22, 12], [27, 2], [25, 28, 64], [43, 21, 34], [33, 14, 15], [36, 51, 41, 47], [18, 45, 60, 66], [50, 55, 37], [54, 68, 56], [39, 44], [73, 76, 74, 69], [65, 67], [71, 78, 72, 83], [85, 79, 82], [77, 84, 88, 86]]
48: [[38, 46, 42], [20, 5], [4, 75, 70], [58, 31, 40], [6, 10], [11, 59, 30], [53, 87, 8], [26, 62], [80, 49], [63, 16, 81], [48, 7, 61], [3, 35, 9], [52, 57, 17], [24, 1, 32], [29, 19], [13, 23, 22, 12], [27, 2, 25], [28, 64, 43], [21, 34], [33, 14], [15, 36, 51], [41, 47, 18], [45, 60, 66], [50, 55, 37, 54], [68, 56, 39, 44], [73, 76], [74, 69], [65, 67, 71, 78], [72, 83, 85], [79, 82, 77], [84, 88, 86]]
49: [[38, 46, 42], [20, 5, 4], [75, 70, 58], [31, 40], [6, 10, 11], [59, 30, 53], [87, 8, 26], [62, 80, 49], [63, 16, 81], [48, 7, 61], [3, 35, 9], [52, 57, 17], [24, 1, 32], [29, 19, 13], [23, 22], [12, 27, 2], [25, 28, 64], [43, 21, 34], [33, 14, 15], [36, 51, 41], [47, 18, 45], [60, 66, 50], [55, 37, 54], [68, 56], [39, 44], [73, 76, 74, 69], [65, 67, 71], [78, 72, 83], [85, 79, 82], [77, 84, 88, 86]]
50: [[38, 46, 42], [20, 5, 4], [75, 70, 58], [31, 40, 6], [10, 11], [59, 30, 53], [87, 8, 26], [62, 80, 49], [63, 16, 81], [48, 7, 61], [3, 35, 9], [52, 57, 17], [24, 1, 32], [29, 19, 13], [23, 22, 12], [27, 2, 25], [28, 64, 43], [21, 34, 33], [14, 15, 36], [51, 41, 47], [18, 45, 60], [66, 50, 55], [37, 54, 68, 56], [39, 44, 73, 76], [74, 69, 65, 67], [71, 78, 72, 83], [85, 79, 82, 77], [84, 88, 86]]
51: [[38, 46, 42], [20, 5, 4], [75, 70, 58], [31, 40, 6], [10, 11, 59], [30, 53, 87], [8, 26, 62], [80, 49], [63, 16], [81, 48], [7, 61, 3], [35, 9, 52], [57, 17], [24, 1, 32], [29, 19, 13], [23, 22, 12], [27, 2, 25], [28, 64, 43], [21, 34, 33], [14, 15, 36], [51, 41, 47], [18, 45, 60], [66, 50], [55, 37, 54], [68, 56, 39, 44], [73, 76, 74], [69, 65, 67, 71], [78, 72, 83, 85], [79, 82, 77], [84, 88, 86]]
52: [[38, 46, 42], [20, 5, 4], [75, 70, 58], [31, 40, 6], [10, 11, 59], [30, 53, 87], [8, 26, 62], [80, 49, 63], [16, 81, 48], [7, 61, 3], [35, 9, 52], [57, 17, 24], [1, 32, 29], [19, 13, 23], [22, 12, 27], [2, 25], [28, 64, 43], [21, 34, 33], [14, 15, 36], [51, 41], [47, 18], [45, 60, 66, 50], [55, 37, 54], [68, 56], [39, 44, 73, 76], [74, 69, 65, 67, 71, 78, 72], [83, 85, 79, 82, 77, 84, 88, 86]]
53: [[38, 46, 42], [20, 5, 4], [75, 70, 58], [31, 40, 6], [10, 11, 59], [30, 53, 87], [8, 26, 62], [80, 49], [63, 16, 81], [48, 7, 61], [3, 35], [9, 52, 57], [17, 24, 1], [32, 29, 19], [13, 23], [22, 12, 27, 2], [25, 28, 64, 43], [21, 34], [33, 14, 15, 36, 51, 41, 47, 18, 45, 60, 66, 50], [55, 37, 54, 68, 56, 39, 44, 73, 76, 74, 69, 65, 67, 71, 78, 72, 83, 85, 79, 82, 77, 84, 88, 86]]
54: [[38, 46, 42], [20, 5, 4], [75, 70, 58], [31, 40, 6], [10, 11, 59, 30], [53, 87, 8], [26, 62, 80], [49, 63, 16], [81, 48, 7], [61, 3], [35, 9, 52], [57, 17], [24, 1, 32], [29, 19, 13], [23, 22, 12], [27, 2, 25], [28, 64, 43], [21, 34], [33, 14, 15], [36, 51], [41, 47], [18, 45, 60], [66, 50, 55], [37, 54, 68], [56, 39, 44], [73, 76], [74, 69, 65, 67], [71, 78, 72, 83], [85, 79, 82], [77, 84, 88, 86]]
55: [[38, 46, 42], [20, 5, 4], [75, 70, 58], [31, 40, 6], [10, 11, 59], [30, 53, 87], [8, 26, 62], [80, 49, 63], [16, 81], [48, 7, 61], [3, 35, 9], [52, 57, 17], [24, 1, 32], [29, 19, 13], [23, 22, 12], [27, 2, 25], [28, 64, 43], [21, 34, 33], [14, 15, 36], [51, 41], [47, 18, 45, 60, 66, 50, 55, 37, 54], [68, 56, 39, 44, 73, 76, 74, 69, 65, 67, 71, 78, 72, 83, 85, 79, 82, 77, 84, 88, 86]]
56: [[38, 46, 42, 20, 5], [4, 75], [70, 58, 31], [40, 6], [10, 11, 59], [30, 53, 87], [8, 26, 62], [80, 49, 63], [16, 81], [48, 7, 61], [3, 35, 9], [52, 57, 17], [24, 1], [32, 29, 19], [13, 23, 22], [12, 27, 2], [25, 28, 64], [43, 21, 34], [33, 14, 15], [36, 51, 41, 47, 18, 45, 60, 66, 50, 55, 37, 54, 68, 56, 39, 44, 73, 76, 74, 69, 65, 67, 71, 78, 72, 83, 85, 79, 82, 77, 84, 88, 86]]
57: [[38, 46, 42], [20, 5, 4], [75, 70, 58], [31, 40, 6], [10, 11, 59], [30, 53, 87], [8, 26, 62], [80, 49, 63], [16, 81], [48, 7, 61], [3, 35], [9, 52, 57], [17, 24, 1], [32, 29, 19], [13, 23, 22], [12, 27, 2], [25, 28], [64, 43, 21], [34, 33, 14], [15, 36, 51, 41], [47, 18, 45], [60, 66, 50, 55], [37, 54, 68], [56, 39, 44, 73], [76, 74, 69, 65, 67], [71, 78, 72, 83, 85, 79, 82, 77, 84, 88, 86]]
58: [[38, 46, 42], [20, 5, 4], [75, 70, 58], [31, 40, 6], [10, 11, 59], [30, 53, 87], [8, 26], [62, 80, 49], [63, 16, 81], [48, 7], [61, 3, 35], [9, 52, 57], [17, 24, 1], [32, 29, 19], [13, 23], [22, 12, 27], [2, 25, 28], [64, 43], [21, 34, 33], [14, 15, 36], [51, 41, 47], [18, 45, 60], [66, 50, 55], [37, 54], [68, 56], [39, 44, 73], [76, 74, 69], [65, 67, 71, 78, 72, 83, 85, 79, 82, 77, 84, 88, 86]]
59: [[38, 46], [42, 20, 5], [4, 75, 70], [58, 31], [40, 6, 10], [11, 59, 30, 53], [87, 8, 26, 62], [80, 49, 63], [16, 81, 48], [7, 61, 3], [35, 9, 52, 57], [17, 24, 1, 32], [29, 19], [13, 23, 22], [12, 27, 2], [25, 28, 64], [43, 21, 34], [33, 14, 15], [36, 51, 41], [47, 18, 45, 60], [66, 50, 55, 37], [54, 68, 56], [39, 44, 73], [76, 74, 69, 65], [67, 71, 78], [72, 83], [85, 79, 82], [77, 84], [88, 86]]
60: [[38, 46, 42], [20, 5, 4], [75, 70, 58], [31, 40, 6], [10, 11, 59], [30, 53, 87], [8, 26, 62], [80, 49, 63], [16, 81, 48], [7, 61, 3], [35, 9, 52], [57, 17, 24], [1, 32, 29], [19, 13, 23], [22, 12, 27], [2, 25], [28, 64, 43], [21, 34, 33], [14, 15], [36, 51, 41], [47, 18, 45], [60, 66, 50], [55, 37, 54], [68, 56, 39], [44, 73, 76, 74], [69, 65], [67, 71], [78, 72, 83], [85, 79], [82, 77, 84, 88], [86]]
61: [[38, 46, 42], [20, 5, 4], [75, 70, 58], [31, 40, 6], [10, 11], [59, 30, 53], [87, 8, 26], [62, 80, 49], [63, 16, 81], [48, 7, 61], [3, 35, 9], [52, 57, 17, 24], [1, 32, 29], [19, 13, 23], [22, 12], [27, 2], [25, 28, 64], [43, 21, 34], [33, 14, 15], [36, 51, 41], [47, 18, 45], [60, 66, 50], [55, 37, 54], [68, 56, 39], [44, 73, 76, 74], [69, 65, 67], [71, 78, 72, 83], [85, 79, 82, 77], [84, 88, 86]]
62: [[38, 46, 42], [20, 5, 4], [75, 70, 58], [31, 40, 6], [10, 11, 59], [30, 53, 87], [8, 26, 62], [80, 49, 63], [16, 81, 48, 7], [61, 3, 35, 9], [52, 57, 17], [24, 1, 32], [29, 19, 13, 23], [22, 12, 27], [2, 25], [28, 64, 43], [21, 34], [33, 14, 15], [36, 51, 41], [47, 18, 45], [60, 66], [50, 55, 37], [54, 68, 56], [39, 44, 73], [76, 74, 69], [65], [67, 71, 78, 72, 83, 85, 79, 82, 77, 84, 88, 86]]
63: [[38, 46, 42], [20, 5, 4], [75, 70, 58], [31, 40, 6], [10, 11, 59], [30, 53, 87], [8, 26], [62, 80, 49], [63, 16], [81, 48, 7], [61, 3, 35], [9, 52, 57], [17, 24, 1], [32, 29], [19, 13, 23], [22, 12, 27], [2, 25, 28], [64, 43], [21, 34, 33], [14, 15, 36], [51, 41, 47], [18, 45, 60], [66, 50, 55], [37, 54, 68], [56, 39, 44], [73, 76, 74, 69, 65, 67, 71, 78, 72, 83, 85, 79, 82, 77, 84, 88, 86]]
64: [[38, 46, 42], [20, 5, 4], [75, 70, 58], [31, 40, 6], [10, 11, 59], [30, 53, 87], [8, 26, 62, 80], [49, 63, 16], [81, 48, 7], [61, 3, 35], [9, 52, 57], [17, 24, 1], [32, 29, 19], [13, 23, 22], [12, 27, 2], [25, 28, 64], [43, 21, 34], [33, 14, 15], [36, 51, 41], [47, 18, 45], [60, 66, 50], [55, 37, 54], [68, 56, 39], [44, 73, 76], [74, 69], [65, 67, 71], [78, 72, 83], [85, 79, 82], [77, 84], [88, 86]]
65: [[38, 46, 42], [20, 5, 4], [75, 70, 58], [31, 40, 6], [10, 11, 59], [30, 53, 87], [8, 26, 62], [80, 49, 63], [16, 81], [48, 7, 61], [3, 35, 9], [52, 57], [17, 24, 1], [32, 29, 19], [13, 23], [22, 12, 27], [2, 25, 28], [64, 43, 21], [34, 33, 14], [15, 36, 51], [41, 47, 18], [45, 60, 66], [50, 55, 37], [54, 68, 56], [39, 44, 73], [76, 74, 69], [65, 67, 71], [78, 72, 83], [85, 79, 82], [77, 84, 88, 86]]
66: [[38, 46, 42], [20, 5, 4], [75, 70, 58], [31, 40, 6], [10, 11, 59], [30, 53, 87], [8, 26, 62], [80, 49], [63, 16], [81, 48], [7, 61, 3], [35, 9, 52], [57, 17], [24, 1, 32], [29, 19, 13], [23, 22, 12], [27, 2, 25], [28, 64, 43], [21, 34, 33], [14, 15, 36], [51, 41, 47], [18, 45], [60, 66, 50], [55, 37, 54], [68, 56, 39], [44, 73, 76], [74, 69, 65, 67], [71, 78, 72, 83, 85, 79], [82, 77, 84, 88, 86]]
67: [[38, 46, 42], [20, 5, 4, 75], [70, 58, 31], [40, 6, 10], [11, 59], [30, 53, 87], [8, 26, 62], [80, 49, 63], [16, 81], [48, 7, 61], [3, 35, 9], [52, 57, 17], [24, 1, 32], [29, 19, 13], [23, 22, 12], [27, 2, 25, 28], [64, 43, 21], [34, 33, 14], [15, 36, 51, 41], [47, 18, 45], [60, 66, 50], [55, 37, 54], [68, 56], [39, 44, 73, 76], [74, 69, 65, 67, 71, 78, 72, 83, 85, 79, 82, 77, 84, 88, 86]]
68: [[38, 46, 42], [20, 5, 4], [75, 70, 58], [31, 40, 6], [10, 11, 59], [30, 53], [87, 8], [26, 62, 80], [49, 63, 16], [81, 48, 7], [61, 3, 35], [9, 52], [57, 17, 24], [1, 32], [29, 19], [13, 23], [22, 12, 27], [2, 25, 28], [64, 43], [21, 34, 33], [14, 15, 36], [51, 41, 47], [18, 45, 60], [66, 50, 55], [37, 54, 68], [56, 39, 44], [73, 76, 74], [69, 65, 67], [71, 78, 72], [83, 85], [79, 82, 77], [84, 88, 86]]
69: [[38, 46, 42], [20, 5, 4], [75, 70, 58], [31, 40, 6], [10, 11, 59], [30, 53, 87], [8, 26], [62, 80, 49], [63, 16, 81], [48, 7, 61], [3, 35, 9], [52, 57, 17], [24, 1], [32, 29, 19], [13, 23, 22], [12, 27, 2], [25, 28, 64], [43, 21, 34], [33, 14, 15], [36, 51], [41, 47, 18], [45, 60, 66], [50, 55, 37], [54, 68, 56], [39, 44, 73], [76, 74, 69], [65, 67, 71, 78, 72, 83, 85, 79, 82, 77, 84, 88, 86]]
70: [[38, 46], [42, 20, 5], [4, 75, 70], [58, 31], [40, 6, 10], [11, 59, 30], [53, 87, 8], [26, 62, 80], [49, 63, 16], [81, 48, 7], [61, 3, 35], [9, 52, 57], [17, 24, 1], [32, 29, 19], [13, 23, 22], [12, 27, 2], [25, 28, 64], [43, 21, 34], [33, 14, 15], [36, 51, 41], [47, 18, 45], [60, 66, 50], [55, 37, 54], [68, 56], [39, 44, 73], [76, 74, 69], [65, 67, 71], [78, 72, 83], [85, 79, 82], [77, 84, 88, 86]]
71: [[38, 46, 42], [20, 5, 4], [75, 70, 58], [31, 40, 6], [10, 11, 59], [30, 53, 87], [8, 26, 62], [80, 49, 63], [16, 81, 48], [7, 61, 3], [35, 9, 52], [57, 17, 24], [1, 32, 29], [19, 13, 23], [22, 12, 27], [2, 25, 28], [64, 43, 21, 34], [33, 14, 15], [36, 51, 41, 47], [18, 45, 60], [66, 50, 55], [37, 54], [68, 56, 39], [44, 73, 76], [74, 69, 65], [67, 71], [78, 72, 83], [85, 79, 82], [77, 84, 88, 86]]
72: [[38, 46, 42], [20, 5, 4], [75, 70], [58, 31, 40], [6, 10, 11], [59, 30], [53, 87, 8], [26, 62, 80], [49, 63, 16], [81, 48, 7], [61, 3, 35], [9, 52, 57], [17, 24, 1], [32, 29, 19], [13, 23], [22, 12, 27], [2, 25, 28], [64, 43], [21, 34, 33], [14, 15, 36], [51, 41, 47], [18, 45, 60], [66, 50, 55], [37, 54, 68], [56, 39, 44], [73, 76, 74], [69, 65, 67], [71, 78, 72], [83, 85, 79], [82, 77], [84, 88, 86]]
73: [[38, 46, 42], [20, 5, 4], [75, 70, 58], [31, 40, 6], [10, 11, 59], [30, 53, 87], [8, 26, 62], [80, 49, 63], [16, 81], [48, 7, 61], [3, 35, 9], [52, 57, 17], [24, 1, 32], [29, 19, 13], [23, 22, 12], [27, 2, 25], [28, 64, 43], [21, 34, 33], [14, 15], [36, 51], [41, 47, 18], [45, 60], [66, 50], [55, 37], [54, 68, 56, 39, 44, 73, 76, 74, 69, 65, 67, 71, 78, 72, 83, 85, 79, 82, 77, 84, 88, 86]]
74: [[38, 46, 42], [20, 5, 4], [75, 70, 58], [31, 40, 6], [10, 11, 59], [30, 53, 87], [8, 26, 62], [80, 49, 63], [16, 81, 48], [7, 61], [3, 35, 9], [52, 57, 17, 24, 1, 32, 29, 19, 13, 23], [22, 12], [27, 2, 25, 28], [64, 43, 21, 34, 33, 14, 15, 36, 51, 41, 47], [18, 45, 60], [66, 50], [55, 37, 54], [68, 56, 39, 44, 73, 76, 74, 69, 65, 67, 71, 78, 72], [83, 85, 79, 82, 77, 84, 88, 86]]
75: [[38, 46, 42], [20, 5, 4], [75, 70, 58], [31, 40, 6], [10, 11, 59], [30, 53, 87], [8, 26, 62], [80, 49, 63], [16, 81, 48], [7, 61, 3], [35, 9], [52, 57, 17], [24, 1, 32], [29, 19, 13], [23, 22, 12], [27, 2], [25, 28, 64], [43, 21, 34], [33, 14, 15], [36, 51], [41, 47, 18], [45, 60, 66], [50, 55, 37], [54, 68, 56], [39, 44, 73], [76, 74, 69], [65, 67, 71, 78], [72, 83], [85, 79, 82], [77, 84, 88, 86]]
76: [[38, 46, 42], [20, 5, 4], [75, 70, 58], [31, 40, 6], [10, 11], [59, 30, 53], [87, 8, 26], [62, 80, 49], [63, 16, 81], [48, 7, 61], [3, 35, 9], [52, 57, 17], [24, 1, 32], [29, 19], [13, 23], [22, 12, 27, 2], [25, 28, 64], [43, 21, 34], [33, 14, 15], [36, 51, 41, 47, 18, 45, 60, 66, 50, 55, 37, 54, 68, 56, 39, 44, 73, 76, 74, 69, 65, 67, 71, 78, 72, 83, 85, 79, 82, 77, 84, 88, 86]]
77: [[38, 46, 42], [20, 5, 4], [75, 70, 58], [31, 40, 6], [10, 11], [59, 30, 53], [87, 8, 26], [62, 80, 49], [63, 16, 81], [48, 7], [61, 3, 35], [9, 52, 57], [17, 24, 1], [32, 29, 19], [13, 23, 22], [12, 27, 2], [25, 28, 64], [43, 21, 34], [33, 14, 15], [36, 51, 41], [47, 18, 45, 60], [66, 50, 55], [37, 54, 68], [56, 39, 44, 73], [76, 74, 69, 65], [67, 71, 78, 72], [83, 85, 79, 82], [77, 84, 88, 86]]
78: [[38, 46], [42, 20, 5], [4, 75, 70], [58, 31, 40], [6, 10, 11], [59, 30, 53], [87, 8, 26], [62, 80, 49], [63, 16, 81], [48, 7, 61], [3, 35, 9], [52, 57], [17, 24, 1], [32, 29, 19], [13, 23, 22], [12, 27, 2], [25, 28, 64], [43, 21, 34], [33, 14, 15], [36, 51, 41], [47, 18, 45], [60, 66, 50], [55, 37, 54], [68, 56, 39], [44, 73, 76, 74], [69, 65, 67, 71], [78, 72, 83], [85, 79, 82, 77], [84, 88, 86]]
79: [[38, 46, 42], [20, 5, 4], [75, 70], [58, 31, 40], [6, 10, 11], [59, 30, 53], [87, 8, 26], [62, 80], [49, 63, 16], [81, 48, 7], [61, 3, 35], [9, 52, 57], [17, 24, 1], [32, 29, 19], [13, 23, 22], [12, 27, 2], [25, 28, 64], [43, 21, 34], [33, 14, 15], [36, 51, 41, 47], [18, 45, 60], [66, 50, 55], [37, 54, 68], [56, 39, 44], [73, 76], [74, 69, 65], [67, 71], [78, 72, 83], [85, 79, 82], [77, 84, 88, 86]]
80: [[38, 46], [42, 20, 5], [4, 75, 70], [58, 31], [40, 6], [10, 11, 59, 30], [53, 87, 8], [26, 62, 80], [49, 63, 16, 81], [48, 7, 61], [3, 35, 9], [52, 57, 17, 24, 1], [32, 29, 19, 13], [23, 22, 12], [27, 2, 25], [28, 64, 43], [21, 34, 33, 14], [15, 36, 51], [41, 47, 18, 45], [60, 66, 50], [55, 37, 54], [68, 56, 39], [44, 73], [76, 74, 69], [65, 67, 71], [78, 72, 83], [85, 79, 82], [77, 84, 88, 86]]
81: [[38, 46, 42], [20, 5, 4], [75, 70, 58], [31, 40, 6], [10, 11, 59], [30, 53, 87], [8, 26, 62], [80, 49, 63], [16, 81, 48], [7, 61, 3], [35, 9, 52], [57, 17], [24, 1, 32], [29, 19, 13], [23, 22, 12], [27, 2, 25], [28, 64, 43], [21, 34, 33], [14, 15, 36], [51, 41, 47, 18], [45, 60], [66, 50, 55], [37, 54, 68, 56], [39, 44, 73], [76, 74, 69, 65], [67, 71, 78, 72], [83, 85, 79], [82, 77, 84, 88, 86]]
82: [[38, 46], [42, 20, 5], [4, 75, 70], [58, 31], [40, 6, 10], [11, 59, 30], [53, 87, 8], [26, 62, 80], [49, 63, 16], [81, 48, 7], [61, 3, 35], [9, 52, 57], [17, 24, 1], [32, 29, 19], [13, 23, 22], [12, 27, 2], [25, 28, 64], [43, 21, 34], [33, 14, 15], [36, 51, 41], [47, 18, 45], [60, 66, 50], [55, 37, 54], [68, 56, 39], [44, 73, 76], [74, 69], [65, 67, 71], [78, 72, 83], [85, 79, 82], [77, 84, 88, 86]]
83: [[38, 46, 42], [20, 5, 4], [75, 70, 58], [31, 40, 6], [10, 11, 59], [30, 53, 87], [8, 26, 62], [80, 49, 63], [16, 81], [48, 7], [61, 3, 35], [9, 52, 57], [17, 24, 1], [32, 29, 19], [13, 23], [22, 12, 27], [2, 25, 28], [64, 43, 21], [34, 33, 14, 15], [36, 51], [41, 47, 18], [45, 60, 66], [50, 55, 37, 54], [68, 56], [39, 44, 73], [76, 74, 69], [65, 67, 71], [78, 72, 83], [85, 79, 82], [77, 84, 88, 86]]
84: [[38, 46, 42], [20, 5, 4], [75, 70], [58, 31], [40, 6, 10], [11, 59, 30], [53, 87, 8], [26, 62, 80], [49, 63, 16], [81, 48, 7], [61, 3, 35], [9, 52, 57], [17, 24, 1], [32, 29, 19], [13, 23, 22], [12, 27, 2, 25], [28, 64, 43, 21], [34, 33, 14, 15], [36, 51, 41], [47, 18, 45], [60, 66], [50, 55, 37, 54], [68, 56], [39, 44, 73, 76], [74, 69, 65, 67], [71, 78, 72, 83], [85, 79, 82], [77, 84, 88, 86]]
85: [[38, 46], [42, 20], [5, 4, 75], [70, 58, 31], [40, 6, 10], [11, 59], [30, 53, 87], [8, 26], [62, 80, 49], [63, 16, 81], [48, 7, 61], [3, 35, 9], [52, 57, 17], [24, 1, 32], [29, 19, 13], [23, 22, 12], [27, 2, 25], [28, 64, 43], [21, 34, 33], [14, 15, 36], [51, 41], [47, 18, 45], [60, 66, 50], [55, 37, 54], [68, 56, 39], [44, 73, 76], [74, 69, 65], [67, 71, 78], [72, 83], [85, 79], [82, 77], [84, 88, 86]]
86: [[38, 46, 42], [20, 5, 4], [75, 70, 58], [31, 40, 6], [10, 11, 59], [30, 53, 87], [8, 26, 62], [80, 49, 63], [16, 81, 48, 7], [61, 3, 35, 9], [52, 57, 17], [24, 1, 32], [29, 19, 13, 23], [22, 12, 27], [2, 25, 28], [64, 43, 21], [34, 33, 14], [15, 36, 51], [41, 47, 18], [45, 60, 66], [50, 55, 37], [54, 68, 56], [39, 44, 73], [76, 74, 69], [65, 67, 71], [78, 72], [83, 85], [79, 82], [77, 84], [88, 86]]
87: [[38, 46, 42], [20, 5, 4], [75, 70, 58], [31, 40], [6, 10, 11], [59, 30, 53], [87, 8, 26], [62, 80, 49], [63, 16, 81], [48, 7, 61], [3, 35, 9], [52, 57, 17], [24, 1, 32], [29, 19, 13], [23, 22, 12], [27, 2, 25], [28, 64, 43], [21, 34, 33], [14, 15], [36, 51], [41, 47, 18, 45], [60, 66, 50], [55, 37], [54, 68, 56, 39], [44, 73, 76, 74, 69, 65], [67, 71, 78, 72, 83, 85, 79, 82, 77, 84, 88, 86]]
88: [[38, 46, 42], [20, 5, 4], [75, 70, 58], [31, 40], [6, 10, 11], [59, 30, 53], [87, 8, 26], [62, 80, 49], [63, 16, 81], [48, 7, 61], [3, 35, 9], [52, 57, 17], [24, 1], [32, 29, 19], [13, 23, 22], [12, 27, 2], [25, 28, 64], [43, 21, 34], [33, 14], [15, 36, 51], [41, 47, 18], [45, 60], [66, 50, 55], [37, 54, 68], [56, 39, 44], [73, 76, 74], [69, 65, 67], [71, 78], [72, 83, 85], [79, 82, 77], [84, 88, 86]]
89: [[38, 46, 42], [20, 5], [4, 75, 70], [58, 31, 40], [6, 10, 11], [59, 30, 53], [87, 8, 26], [62, 80, 49], [63, 16, 81, 48], [7, 61, 3, 35], [9, 52, 57], [17, 24, 1], [32, 29, 19, 13], [23, 22, 12], [27, 2, 25], [28, 64, 43], [21, 34, 33], [14, 15, 36], [51, 41, 47], [18, 45, 60], [66, 50, 55], [37, 54, 68], [56, 39, 44], [73, 76, 74, 69], [65, 67, 71], [78, 72, 83, 85, 79, 82, 77, 84, 88], [86]]
90: [[38, 46, 42], [20, 5, 4], [75, 70, 58], [31, 40, 6], [10, 11, 59], [30, 53, 87, 8], [26, 62, 80], [49, 63], [16, 81, 48], [7, 61, 3], [35, 9, 52], [57, 17], [24, 1, 32], [29, 19, 13], [23, 22, 12], [27, 2, 25, 28], [64, 43, 21, 34], [33, 14, 15, 36], [51, 41], [47, 18], [45, 60, 66, 50], [55, 37, 54], [68, 56], [39, 44, 73, 76], [74, 69, 65, 67, 71, 78, 72], [83, 85], [79, 82, 77, 84, 88, 86]]
91: [[38, 46, 42], [20, 5, 4], [75, 70, 58], [31, 40, 6], [10, 11, 59], [30, 53, 87], [8, 26, 62, 80], [49, 63, 16], [81, 48, 7], [61, 3, 35], [9, 52, 57], [17, 24, 1], [32, 29, 19], [13, 23, 22], [12, 27, 2], [25, 28, 64], [43, 21, 34], [33, 14, 15], [36, 51, 41], [47, 18, 45], [60, 66, 50], [55, 37, 54], [68, 56, 39], [44, 73, 76], [74, 69, 65], [67, 71, 78], [72, 83, 85], [79, 82, 77], [84, 88, 86]]
92: [[38, 46, 42], [20, 5], [4, 75, 70], [58, 31, 40], [6, 10, 11], [59, 30], [53, 87, 8], [26, 62, 80], [49, 63, 16], [81, 48, 7], [61, 3, 35], [9, 52, 57], [17, 24, 1], [32, 29], [19, 13], [23, 22, 12], [27, 2, 25], [28, 64, 43], [21, 34, 33], [14, 15, 36], [51, 41, 47], [18, 45, 60], [66, 50, 55], [37, 54, 68], [56, 39, 44], [73, 76, 74], [69, 65, 67], [71, 78], [72, 83, 85], [79, 82, 77], [84, 88, 86]]
93: [[38, 46, 42], [20, 5, 4], [75, 70, 58], [31, 40, 6], [10, 11, 59], [30, 53, 87], [8, 26, 62], [80, 49, 63], [16, 81, 48], [7, 61], [3, 35, 9], [52, 57, 17], [24, 1], [32, 29, 19], [13, 23, 22], [12, 27, 2], [25, 28, 64], [43, 21, 34], [33, 14, 15], [36, 51, 41], [47, 18, 45], [60, 66, 50], [55, 37, 54], [68, 56, 39], [44, 73, 76], [74, 69, 65], [67, 71, 78], [72, 83, 85, 79], [82, 77], [84, 88, 86]]
94: [[38, 46, 42], [20, 5, 4], [75, 70, 58], [31, 40, 6], [10, 11], [59, 30, 53], [87, 8, 26], [62, 80, 49], [63, 16, 81], [48, 7], [61, 3, 35], [9, 52, 57], [17, 24, 1], [32, 29, 19], [13, 23, 22], [12, 27, 2], [25, 28, 64], [43, 21, 34, 33], [14, 15], [36, 51, 41, 47], [18, 45, 60], [66, 50, 55], [37, 54, 68], [56, 39, 44], [73, 76, 74], [69, 65, 67, 71, 78, 72, 83, 85, 79, 82, 77, 84, 88, 86]]
95: [[38, 46, 42], [20, 5, 4], [75, 70, 58], [31, 40, 6], [10, 11, 59], [30, 53, 87], [8, 26, 62], [80, 49, 63], [16, 81], [48, 7, 61], [3, 35, 9], [52, 57], [17, 24, 1], [32, 29, 19], [13, 23, 22], [12, 27, 2], [25, 28, 64], [43, 21, 34, 33, 14, 15, 36, 51, 41, 47], [18, 45, 60, 66, 50, 55, 37, 54, 68, 56, 39, 44, 73, 76, 74, 69, 65, 67, 71, 78, 72, 83, 85, 79, 82, 77, 84, 88, 86]]
96: [[38, 46, 42], [20, 5, 4], [75, 70, 58], [31, 40], [6, 10, 11], [59, 30, 53], [87, 8, 26], [62, 80, 49], [63, 16, 81], [48, 7, 61], [3, 35, 9], [52, 57, 17], [24, 1, 32], [29, 19, 13], [23, 22, 12], [27, 2, 25], [28, 64], [43, 21, 34], [33, 14], [15, 36, 51], [41, 47, 18], [45, 60], [66, 50, 55], [37, 54, 68], [56, 39, 44], [73, 76], [74, 69, 65, 67], [71, 78, 72, 83], [85, 79, 82], [77, 84, 88, 86]]
97: [[38, 46, 42], [20, 5, 4], [75, 70, 58], [31, 40, 6], [10, 11, 59], [30, 53], [87, 8, 26], [62, 80, 49], [63, 16, 81, 48], [7, 61, 3], [35, 9, 52], [57, 17, 24], [1, 32], [29, 19, 13], [23, 22, 12], [27, 2, 25], [28, 64, 43], [21, 34, 33], [14, 15, 36], [51, 41, 47], [18, 45, 60], [66, 50, 55], [37, 54, 68], [56, 39, 44], [73, 76, 74], [69, 65, 67], [71, 78, 72], [83, 85, 79], [82, 77], [84, 88, 86]]
98: [[38, 46, 42], [20, 5, 4], [75, 70, 58], [31, 40, 6], [10, 11, 59], [30, 53, 87], [8, 26], [62, 80, 49], [63, 16], [81, 48, 7], [61, 3, 35], [9, 52, 57], [17, 24, 1], [32, 29, 19], [13, 23], [22, 12, 27], [2, 25], [28, 64], [43, 21, 34], [33, 14, 15], [36, 51, 41], [47, 18, 45, 60], [66, 50, 55], [37, 54], [68, 56, 39, 44], [73, 76, 74, 69, 65], [67, 71, 78, 72, 83, 85], [79, 82, 77, 84, 88, 86]]
99: [[38, 46, 42], [20, 5, 4], [75, 70, 58], [31, 40, 6], [10, 11, 59], [30, 53, 87], [8, 26, 62], [80, 49, 63], [16, 81, 48], [7, 61, 3], [35, 9, 52], [57, 17, 24], [1, 32, 29], [19, 13], [23, 22, 12], [27, 2, 25], [28, 64, 43], [21, 34, 33], [14, 15, 36], [51, 41, 47], [18, 45, 60], [66, 50, 55], [37, 54, 68], [56, 39], [44, 73, 76], [74, 69, 65], [67, 71, 78], [72, 83, 85], [79, 82, 77], [84, 88, 86]]
100: [[38, 46], [42, 20, 5], [4, 75, 70, 58], [31, 40], [6, 10, 11, 59], [30, 53, 87], [8, 26, 62, 80], [49, 63, 16, 81], [48, 7, 61], [3, 35], [9, 52, 57, 17], [24, 1, 32], [29, 19, 13], [23, 22, 12, 27], [2, 25], [28, 64, 43], [21, 34, 33, 14], [15, 36, 51], [41, 47, 18], [45, 60, 66], [50, 55, 37, 54], [68, 56, 39], [44, 73, 76, 74], [69, 65, 67, 71], [78, 72], [83, 85, 79, 82], [77, 84, 88, 86]]
101: [[38, 46, 42], [20, 5, 4], [75, 70, 58], [31, 40, 6], [10, 11], [59, 30, 53], [87, 8, 26], [62, 80, 49], [63, 16, 81, 48], [7, 61, 3], [35, 9, 52], [57, 17, 24], [1, 32], [29, 19, 13], [23, 22, 12], [27, 2, 25], [28, 64, 43], [21, 34, 33], [14, 15, 36], [51, 41, 47], [18, 45, 60], [66, 50, 55], [37, 54, 68], [56, 39], [44, 73, 76], [74, 69, 65], [67, 71, 78], [72, 83, 85], [79, 82, 77], [84, 88, 86]]
102: [[38, 46, 42], [20, 5, 4], [75, 70, 58], [31, 40, 6], [10, 11, 59], [30, 53], [87, 8, 26], [62, 80, 49], [63, 16, 81], [48, 7], [61, 3, 35], [9, 52, 57], [17, 24, 1], [32, 29, 19], [13, 23, 22], [12, 27], [2, 25, 28], [64, 43], [21, 34], [33, 14, 15], [36, 51, 41], [47, 18, 45], [60, 66, 50], [55, 37, 54], [68, 56, 39], [44, 73, 76], [74, 69, 65], [67, 71, 78], [72, 83, 85], [79, 82, 77], [84, 88, 86]]
103: [[38, 46, 42], [20, 5, 4], [75, 70, 58], [31, 40, 6], [10, 11, 59], [30, 53, 87], [8, 26, 62], [80, 49, 63], [16, 81, 48], [7, 61, 3, 35], [9, 52], [57, 17, 24], [1, 32, 29], [19, 13, 23], [22, 12], [27, 2, 25], [28, 64, 43], [21, 34, 33, 14], [15, 36, 51, 41], [47, 18, 45, 60], [66, 50, 55], [37, 54, 68], [56, 39, 44], [73, 76, 74], [69, 65, 67], [71, 78, 72], [83, 85, 79], [82, 77, 84, 88, 86]]
104: [[38, 46, 42], [20, 5, 4], [75, 70, 58], [31, 40, 6], [10, 11, 59], [30, 53, 87], [8, 26, 62], [80, 49, 63], [16, 81], [48, 7, 61], [3, 35, 9], [52, 57, 17, 24], [1, 32, 29], [19, 13, 23], [22, 12, 27], [2, 25, 28, 64], [43, 21, 34], [33, 14, 15, 36], [51, 41, 47], [18, 45, 60, 66, 50, 55, 37, 54, 68, 56, 39, 44, 73, 76, 74, 69, 65, 67, 71, 78, 72, 83, 85, 79, 82, 77, 84, 88, 86]]
105: [[38, 46, 42], [20, 5, 4], [75, 70, 58], [31, 40, 6], [10, 11], [59, 30], [53, 87, 8], [26, 62, 80], [49, 63, 16], [81, 48, 7], [61, 3, 35], [9, 52, 57], [17, 24, 1], [32, 29, 19], [13, 23, 22], [12, 27, 2], [25, 28, 64], [43, 21, 34], [33, 14, 15], [36, 51, 41], [47, 18, 45], [60, 66, 50], [55, 37, 54, 68], [56, 39, 44], [73, 76, 74, 69], [65, 67, 71], [78, 72, 83, 85, 79, 82, 77, 84, 88, 86]]
106: [[38, 46], [42, 20, 5], [4, 75, 70], [58, 31, 40], [6, 10, 11], [59, 30, 53], [87, 8, 26], [62, 80, 49], [63, 16], [81, 48, 7], [61, 3, 35], [9, 52, 57], [17, 24, 1], [32, 29, 19], [13, 23, 22], [12, 27, 2], [25, 28, 64], [43, 21, 34], [33, 14, 15], [36, 51, 41], [47, 18, 45], [60, 66, 50], [55, 37, 54], [68, 56, 39], [44, 73, 76], [74, 69, 65], [67, 71, 78], [72, 83], [85, 79, 82], [77, 84], [88, 86]]
107: [[38, 46, 42], [20, 5], [4, 75, 70], [58, 31, 40], [6, 10], [11, 59, 30], [53, 87, 8], [26, 62, 80], [49, 63, 16], [81, 48, 7], [61, 3], [35, 9, 52], [57, 17], [24, 1, 32], [29, 19, 13], [23, 22, 12], [27, 2, 25], [28, 64], [43, 21, 34], [33, 14, 15], [36, 51, 41], [47, 18], [45, 60, 66], [50, 55, 37], [54, 68, 56], [39, 44, 73], [76, 74, 69], [65, 67, 71], [78, 72, 83], [85, 79, 82, 77, 84, 88, 86]]
108: [[38, 46, 42], [20, 5, 4], [75, 70, 58], [31, 40, 6], [10, 11, 59], [30, 53, 87], [8, 26], [62, 80, 49], [63, 16, 81], [48, 7, 61], [3, 35, 9], [52, 57, 17], [24, 1], [32, 29], [19, 13, 23, 22], [12, 27, 2], [25, 28], [64, 43, 21, 34], [33, 14, 15, 36, 51, 41, 47, 18, 45, 60, 66, 50, 55, 37, 54, 68, 56, 39, 44, 73, 76, 74, 69, 65, 67, 71, 78, 72, 83, 85, 79, 82, 77, 84, 88, 86]]
109: [[38, 46, 42], [20, 5, 4], [75, 70, 58], [31, 40, 6], [10, 11, 59], [30, 53, 87], [8, 26, 62], [80, 49, 63], [16, 81, 48], [7, 61, 3], [35, 9, 52], [57, 17, 24], [1, 32, 29], [19, 13, 23], [22, 12, 27], [2, 25, 28], [64, 43, 21], [34, 33, 14], [15, 36, 51], [41, 47, 18, 45], [60, 66, 50, 55], [37, 54, 68], [56, 39, 44, 73], [76, 74], [69, 65], [67, 71, 78, 72], [83, 85, 79, 82], [77, 84, 88, 86]]
110: [[38, 46, 42], [20, 5, 4], [75, 70], [58, 31, 40], [6, 10, 11], [59, 30], [53, 87, 8], [26, 62, 80], [49, 63, 16], [81, 48, 7], [61, 3, 35], [9, 52, 57], [17, 24, 1], [32, 29, 19], [13, 23, 22], [12, 27, 2], [25, 28, 64], [43, 21, 34], [33, 14, 15], [36, 51, 41], [47, 18, 45], [60, 66, 50], [55, 37, 54], [68, 56, 39, 44], [73, 76, 74], [69, 65, 67], [71, 78, 72], [83, 85, 79], [82, 77], [84, 88, 86]]
111: [[38, 46, 42], [20, 5, 4], [75, 70, 58], [31, 40, 6], [10, 11, 59], [30, 53, 87], [8, 26, 62], [80, 49, 63], [16, 81, 48], [7, 61, 3], [35, 9, 52], [57, 17], [24, 1, 32, 29], [19, 13, 23, 22], [12, 27], [2, 25, 28], [64, 43, 21], [34, 33, 14, 15], [36, 51, 41], [47, 18], [45, 60, 66], [50, 55, 37, 54], [68, 56, 39], [44, 73], [76, 74, 69], [65, 67, 71], [78, 72, 83, 85], [79, 82, 77], [84, 88, 86]]
112: [[38, 46, 42, 20, 5], [4, 75], [70, 58, 31], [40, 6, 10, 11], [59, 30, 53], [87, 8, 26], [62, 80, 49], [63, 16], [81, 48, 7, 61], [3, 35, 9, 52, 57, 17, 24, 1, 32, 29, 19, 13, 23, 22, 12], [27, 2, 25, 28, 64, 43, 21, 34, 33, 14, 15, 36, 51, 41, 47, 18, 45, 60, 66, 50, 55, 37, 54, 68, 56, 39, 44, 73, 76, 74, 69, 65, 67, 71, 78, 72, 83, 85, 79, 82, 77, 84, 88, 86]]
113: [[38, 46, 42], [20, 5], [4, 75, 70], [58, 31, 40], [6, 10, 11], [59, 30, 53], [87, 8], [26, 62, 80], [49, 63, 16], [81, 48, 7], [61, 3, 35], [9, 52, 57], [17, 24, 1], [32, 29, 19], [13, 23, 22], [12, 27, 2], [25, 28, 64], [43, 21, 34], [33, 14, 15], [36, 51, 41], [47, 18, 45], [60, 66], [50, 55, 37], [54, 68, 56, 39, 44, 73, 76, 74, 69, 65, 67, 71, 78], [72, 83, 85, 79, 82, 77, 84, 88, 86]]
114: [[38, 46, 42], [20, 5], [4, 75, 70], [58, 31, 40], [6, 10, 11], [59, 30, 53], [87, 8, 26], [62, 80, 49], [63, 16], [81, 48], [7, 61, 3], [35, 9, 52], [57, 17, 24], [1, 32, 29], [19, 13, 23], [22, 12], [27, 2, 25], [28, 64, 43], [21, 34], [33, 14], [15, 36, 51], [41, 47, 18], [45, 60, 66], [50, 55, 37, 54], [68, 56, 39, 44], [73, 76], [74, 69], [65, 67, 71, 78], [72, 83, 85], [79, 82, 77], [84, 88, 86]]
115: [[38, 46], [42, 20, 5], [4, 75, 70], [58, 31, 40], [6, 10, 11, 59], [30, 53, 87, 8], [26, 62, 80], [49, 63, 16], [81, 48, 7], [61, 3, 35], [9, 52, 57], [17, 24], [1, 32, 29, 19], [13, 23, 22], [12, 27, 2], [25, 28, 64], [43, 21, 34], [33, 14, 15, 36], [51, 41, 47, 18], [45, 60, 66, 50], [55, 37, 54, 68], [56, 39, 44, 73, 76], [74, 69, 65, 67], [71, 78, 72], [83, 85, 79, 82], [77, 84, 88, 86]]
116: [[38, 46, 42], [20, 5, 4], [75, 70, 58], [31, 40, 6], [10, 11], [59, 30], [53, 87, 8], [26, 62, 80], [49, 63, 16], [81, 48, 7], [61, 3, 35], [9, 52, 57], [17, 24, 1], [32, 29, 19], [13, 23, 22], [12, 27, 2], [25, 28, 64], [43, 21, 34], [33, 14, 15], [36, 51, 41], [47, 18], [45, 60, 66], [50, 55], [37, 54], [68, 56, 39, 44, 73, 76, 74, 69, 65, 67, 71, 78, 72, 83, 85, 79, 82, 77, 84, 88, 86]]
117: [[38, 46, 42], [20, 5, 4], [75, 70, 58], [31, 40, 6], [10, 11, 59], [30, 53, 87], [8, 26, 62], [80, 49, 63], [16, 81, 48, 7], [61, 3, 35], [9, 52, 57, 17], [24, 1, 32], [29, 19, 13], [23, 22, 12], [27, 2, 25], [28, 64, 43], [21, 34], [33, 14, 15], [36, 51, 41, 47], [18, 45, 60], [66, 50, 55], [37, 54, 68, 56], [39, 44, 73, 76], [74, 69, 65], [67, 71, 78], [72, 83, 85, 79, 82, 77, 84, 88, 86]]
118: [[38, 46, 42], [20, 5, 4], [75, 70, 58], [31, 40, 6], [10, 11, 59], [30, 53, 87], [8, 26, 62], [80, 49, 63], [16, 81], [48, 7, 61], [3, 35, 9, 52], [57, 17], [24, 1], [32, 29, 19], [13, 23, 22], [12, 27, 2, 25, 28, 64, 43, 21, 34, 33, 14, 15, 36, 51, 41, 47, 18, 45, 60, 66, 50], [55, 37, 54, 68, 56, 39, 44, 73, 76, 74, 69, 65, 67, 71, 78, 72, 83, 85, 79, 82, 77, 84, 88, 86]]
119: [[38, 46, 42], [20, 5, 4], [75, 70, 58], [31, 40, 6], [10, 11, 59], [30, 53, 87], [8, 26, 62], [80, 49, 63], [16, 81], [48, 7, 61], [3, 35, 9, 52], [57, 17], [24, 1], [32, 29, 19], [13, 23, 22], [12, 27, 2, 25, 28, 64, 43, 21, 34, 33, 14, 15, 36, 51, 41, 47, 18, 45, 60, 66, 50], [55, 37, 54, 68, 56, 39, 44, 73, 76, 74, 69, 65, 67, 71, 78, 72, 83, 85, 79, 82, 77, 84, 88, 86]]
120: [[38, 46], [42, 20, 5], [4, 75], [70, 58, 31], [40, 6, 10], [11, 59, 30], [53, 87, 8], [26, 62, 80], [49, 63, 16], [81, 48, 7], [61, 3, 35], [9, 52, 57], [17, 24, 1], [32, 29, 19], [13, 23, 22], [12, 27, 2], [25, 28, 64, 43], [21, 34, 33, 14, 15, 36, 51, 41, 47, 18], [45, 60], [66, 50, 55, 37], [54, 68, 56, 39, 44, 73, 76, 74, 69, 65, 67], [71, 78, 72], [83, 85], [79, 82, 77], [84, 88, 86]]
121: [[38, 46, 42], [20, 5, 4], [75, 70, 58], [31, 40, 6], [10, 11, 59], [30, 53, 87], [8, 26], [62, 80], [49, 63, 16], [81, 48, 7], [61, 3, 35], [9, 52, 57], [17, 24, 1], [32, 29, 19], [13, 23, 22], [12, 27, 2], [25, 28, 64], [43, 21, 34], [33, 14, 15], [36, 51, 41], [47, 18], [45, 60], [66, 50, 55, 37], [54, 68, 56, 39, 44, 73, 76, 74, 69, 65, 67, 71, 78, 72, 83, 85, 79, 82, 77, 84, 88, 86]]
122: [[38, 46, 42, 20, 5], [4, 75], [70, 58, 31], [40, 6, 10], [11, 59, 30], [53, 87, 8, 26], [62, 80, 49], [63, 16, 81], [48, 7, 61], [3, 35, 9], [52, 57, 17], [24, 1, 32, 29, 19, 13, 23, 22, 12, 27, 2, 25, 28, 64, 43, 21, 34, 33, 14, 15, 36, 51, 41, 47, 18, 45, 60, 66, 50, 55, 37, 54, 68, 56, 39, 44, 73, 76, 74, 69, 65, 67, 71, 78, 72, 83, 85, 79, 82, 77, 84, 88, 86]]
123: [[38, 46, 42], [20, 5, 4, 75], [70, 58, 31], [40, 6, 10], [11, 59, 30], [53, 87, 8, 26], [62, 80, 49], [63, 16, 81], [48, 7, 61], [3, 35, 9], [52, 57, 17], [24, 1, 32], [29, 19, 13], [23, 22, 12], [27, 2, 25, 28, 64, 43, 21, 34, 33, 14, 15, 36, 51, 41, 47, 18, 45, 60, 66, 50, 55, 37, 54, 68, 56, 39, 44, 73], [76, 74, 69, 65, 67, 71, 78, 72, 83, 85, 79, 82, 77, 84, 88, 86]]
124: [[38, 46, 42], [20, 5, 4], [75, 70, 58], [31, 40, 6], [10, 11, 59], [30, 53, 87, 8], [26, 62, 80], [49, 63], [16, 81, 48], [7, 61, 3], [35, 9, 52], [57, 17, 24], [1, 32, 29], [19, 13, 23, 22], [12, 27, 2, 25], [28, 64, 43, 21], [34, 33, 14, 15], [36, 51, 41, 47], [18, 45, 60, 66, 50], [55, 37, 54], [68, 56, 39], [44, 73], [76, 74, 69], [65, 67, 71], [78, 72, 83], [85, 79, 82], [77, 84, 88, 86]]
125: [[38, 46], [42, 20, 5], [4, 75, 70], [58, 31, 40], [6, 10, 11, 59], [30, 53, 87], [8, 26, 62], [80, 49, 63], [16, 81, 48], [7, 61, 3], [35, 9, 52], [57, 17, 24], [1, 32, 29], [19, 13, 23], [22, 12], [27, 2, 25], [28, 64, 43], [21, 34, 33], [14, 15], [36, 51], [41, 47, 18, 45], [60, 66, 50], [55, 37], [54, 68, 56, 39], [44, 73, 76, 74, 69, 65, 67], [71, 78, 72, 83, 85, 79, 82, 77], [84, 88, 86]]
126: [[38, 46, 42], [20, 5, 4], [75, 70, 58], [31, 40, 6], [10, 11, 59], [30, 53, 87], [8, 26, 62], [80, 49, 63], [16, 81], [48, 7, 61], [3, 35], [9, 52], [57, 17, 24], [1, 32, 29], [19, 13, 23], [22, 12, 27, 2], [25, 28, 64], [43, 21], [34, 33, 14, 15], [36, 51, 41, 47, 18], [45, 60, 66, 50, 55, 37], [54, 68, 56, 39, 44, 73, 76, 74, 69, 65, 67, 71, 78, 72, 83, 85, 79, 82, 77, 84, 88, 86]]
127: [[38, 46, 42], [20, 5, 4], [75, 70, 58], [31, 40, 6], [10, 11, 59], [30, 53], [87, 8, 26], [62, 80, 49], [63, 16], [81, 48, 7], [61, 3, 35], [9, 52, 57], [17, 24, 1], [32, 29, 19], [13, 23, 22], [12, 27], [2, 25, 28], [64, 43, 21], [34, 33], [14, 15, 36], [51, 41, 47], [18, 45, 60], [66, 50, 55], [37, 54, 68], [56, 39, 44], [73, 76, 74], [69, 65, 67], [71, 78, 72], [83, 85, 79], [82, 77], [84, 88, 86]]
128: [[38, 46], [42, 20, 5], [4, 75], [70, 58], [31, 40, 6], [10, 11, 59], [30, 53, 87], [8, 26], [62, 80, 49], [63, 16, 81], [48, 7], [61, 3, 35], [9, 52, 57], [17, 24, 1], [32, 29], [19, 13, 23], [22, 12, 27], [2, 25, 28], [64, 43], [21, 34, 33], [14, 15, 36], [51, 41, 47, 18], [45, 60, 66, 50, 55, 37, 54, 68, 56, 39, 44, 73, 76, 74, 69, 65, 67, 71, 78, 72, 83, 85, 79, 82, 77, 84, 88, 86]]
129: [[38, 46], [42, 20, 5], [4, 75, 70], [58, 31, 40], [6, 10, 11, 59], [30, 53, 87, 8], [26, 62], [80, 49, 63], [16, 81, 48], [7, 61, 3], [35, 9, 52], [57, 17, 24], [1, 32, 29], [19, 13, 23], [22, 12, 27], [2, 25], [28, 64, 43], [21, 34, 33, 14], [15, 36, 51, 41], [47, 18, 45, 60], [66, 50, 55, 37], [54, 68, 56], [39, 44, 73, 76], [74, 69, 65, 67], [71, 78, 72], [83, 85, 79], [82, 77, 84, 88, 86]]
130: [[38, 46, 42], [20, 5, 4], [75, 70, 58], [31, 40, 6], [10, 11, 59], [30, 53, 87], [8, 26, 62], [80, 49, 63], [16, 81, 48], [7, 61, 3, 35], [9, 52, 57], [17, 24, 1], [32, 29, 19], [13, 23, 22], [12, 27, 2], [25, 28, 64], [43, 21, 34, 33], [14, 15], [36, 51, 41, 47], [18, 45, 60], [66, 50], [55, 37], [54, 68, 56, 39], [44, 73, 76, 74, 69, 65, 67, 71, 78, 72, 83, 85, 79, 82, 77, 84, 88, 86]]
131: [[38, 46, 42], [20, 5, 4], [75, 70, 58], [31, 40, 6], [10, 11, 59], [30, 53, 87], [8, 26, 62], [80, 49, 63], [16, 81], [48, 7, 61], [3, 35], [9, 52, 57], [17, 24, 1], [32, 29, 19], [13, 23, 22], [12, 27, 2], [25, 28, 64], [43, 21], [34, 33, 14], [15, 36, 51], [41, 47, 18], [45, 60, 66], [50, 55, 37], [54, 68, 56, 39, 44, 73, 76, 74, 69, 65], [67, 71, 78, 72, 83, 85, 79, 82, 77, 84, 88, 86]]
132: [[38, 46, 42, 20, 5], [4, 75], [70, 58, 31], [40, 6, 10], [11, 59, 30], [53, 87, 8, 26], [62, 80, 49, 63], [16, 81, 48, 7], [61, 3], [35, 9, 52], [57, 17, 24, 1], [32, 29, 19, 13, 23, 22, 12, 27, 2, 25, 28, 64, 43, 21, 34, 33, 14, 15, 36, 51, 41, 47, 18, 45, 60, 66, 50, 55, 37, 54, 68, 56, 39], [44, 73, 76, 74, 69, 65, 67, 71, 78, 72, 83, 85, 79, 82, 77, 84, 88, 86]]
133: [[38, 46, 42, 20], [5, 4, 75], [70, 58], [31, 40, 6], [10, 11, 59], [30, 53, 87], [8, 26], [62, 80, 49], [63, 16, 81, 48], [7, 61, 3], [35, 9, 52], [57, 17, 24], [1, 32, 29], [19, 13, 23, 22], [12, 27, 2], [25, 28, 64], [43, 21, 34], [33, 14, 15], [36, 51, 41, 47], [18, 45, 60, 66], [50, 55, 37], [54, 68, 56, 39], [44, 73, 76], [74, 69, 65, 67], [71, 78], [72, 83, 85], [79, 82, 77], [84, 88, 86]]
134: [[38, 46, 42], [20, 5, 4], [75, 70], [58, 31, 40], [6, 10, 11], [59, 30, 53], [87, 8, 26, 62], [80, 49, 63], [16, 81, 48], [7, 61, 3], [35, 9, 52], [57, 17, 24], [1, 32, 29], [19, 13, 23], [22, 12, 27], [2, 25, 28], [64, 43, 21], [34, 33, 14], [15, 36, 51], [41, 47, 18], [45, 60, 66], [50, 55, 37], [54, 68, 56], [39, 44, 73], [76, 74, 69], [65, 67, 71], [78, 72, 83], [85, 79, 82], [77, 84, 88, 86]]
135: [[38, 46, 42], [20, 5, 4], [75, 70, 58], [31, 40, 6], [10, 11, 59], [30, 53, 87], [8, 26, 62], [80, 49, 63], [16, 81, 48], [7, 61, 3], [35, 9], [52, 57, 17], [24, 1], [32, 29, 19], [13, 23, 22], [12, 27, 2], [25, 28], [64, 43, 21], [34, 33, 14], [15, 36, 51], [41, 47, 18], [45, 60, 66], [50, 55, 37], [54, 68, 56], [39, 44, 73], [76, 74, 69, 65], [67, 71, 78, 72], [83, 85, 79, 82, 77, 84, 88, 86]]
136: [[38, 46, 42], [20, 5, 4, 75, 70], [58, 31, 40, 6], [10, 11, 59], [30, 53, 87], [8, 26, 62], [80, 49, 63], [16, 81], [48, 7, 61], [3, 35, 9], [52, 57, 17], [24, 1, 32, 29, 19, 13, 23, 22, 12, 27, 2, 25, 28, 64, 43, 21, 34, 33, 14, 15, 36, 51, 41, 47], [18, 45, 60, 66, 50, 55, 37, 54, 68, 56, 39, 44], [73, 76, 74, 69, 65, 67, 71, 78, 72, 83, 85, 79, 82, 77, 84, 88, 86]]
137: [[38, 46, 42, 20, 5], [4, 75, 70], [58, 31, 40, 6], [10, 11, 59, 30], [53, 87, 8], [26, 62, 80, 49, 63], [16, 81, 48], [7, 61], [3, 35, 9, 52], [57, 17, 24, 1], [32, 29], [19, 13], [23, 22, 12, 27], [2, 25, 28], [64, 43], [21, 34, 33, 14], [15, 36, 51, 41, 47, 18, 45, 60, 66, 50, 55, 37, 54, 68, 56, 39, 44, 73, 76, 74, 69, 65, 67, 71, 78, 72, 83, 85, 79, 82, 77, 84, 88, 86]]
138: [[38, 46, 42], [20, 5, 4], [75, 70, 58], [31, 40, 6], [10, 11, 59], [30, 53, 87], [8, 26, 62], [80, 49, 63], [16, 81, 48], [7, 61, 3], [35, 9, 52], [57, 17, 24], [1, 32, 29], [19, 13, 23], [22, 12, 27], [2, 25, 28], [64, 43], [21, 34, 33, 14, 15, 36], [51, 41, 47, 18, 45], [60, 66, 50, 55, 37, 54, 68, 56, 39, 44, 73, 76, 74], [69, 65, 67, 71, 78, 72, 83, 85, 79, 82, 77, 84, 88, 86]]
139: [[38, 46], [42, 20, 5], [4, 75, 70], [58, 31, 40], [6, 10, 11], [59, 30, 53], [87, 8, 26], [62, 80, 49], [63, 16, 81], [48, 7, 61], [3, 35, 9], [52, 57, 17], [24, 1, 32], [29, 19, 13], [23, 22, 12], [27, 2, 25], [28, 64, 43, 21], [34, 33], [14, 15, 36, 51], [41, 47], [18, 45, 60, 66], [50, 55, 37, 54, 68, 56, 39, 44, 73, 76, 74, 69, 65, 67, 71, 78, 72, 83, 85, 79, 82, 77, 84, 88, 86]]
140: [[38, 46, 42], [20, 5, 4], [75, 70, 58], [31, 40, 6], [10, 11, 59], [30, 53, 87], [8, 26, 62], [80, 49], [63, 16, 81], [48, 7, 61], [3, 35, 9], [52, 57, 17], [24, 1, 32], [29, 19], [13, 23], [22, 12, 27, 2, 25, 28, 64, 43, 21, 34, 33, 14, 15, 36, 51, 41, 47, 18, 45, 60, 66, 50, 55, 37, 54, 68, 56, 39, 44, 73, 76, 74, 69, 65, 67, 71, 78, 72, 83, 85, 79, 82, 77, 84, 88, 86]]
141: [[38, 46, 42], [20, 5, 4], [75, 70, 58], [31, 40, 6], [10, 11, 59], [30, 53, 87], [8, 26, 62], [80, 49, 63], [16, 81, 48], [7, 61, 3], [35, 9, 52], [57, 17], [24, 1, 32], [29, 19], [13, 23, 22], [12, 27, 2], [25, 28, 64, 43], [21, 34, 33, 14], [15, 36, 51, 41, 47, 18, 45, 60, 66, 50, 55, 37, 54, 68, 56, 39, 44, 73, 76, 74, 69, 65, 67, 71, 78, 72, 83, 85, 79, 82, 77, 84, 88, 86]]
142: [[38, 46, 42], [20, 5], [4, 75, 70], [58, 31, 40], [6, 10, 11], [59, 30, 53], [87, 8, 26], [62, 80, 49], [63, 16, 81], [48, 7, 61], [3, 35, 9], [52, 57, 17], [24, 1, 32], [29, 19], [13, 23, 22], [12, 27, 2], [25, 28, 64], [43, 21], [34, 33, 14], [15, 36, 51, 41, 47, 18, 45, 60, 66, 50, 55, 37, 54, 68, 56, 39, 44, 73, 76, 74, 69, 65, 67, 71, 78, 72, 83, 85, 79, 82, 77, 84, 88, 86]]
143: [[38, 46, 42], [20, 5, 4], [75, 70, 58], [31, 40, 6], [10, 11, 59], [30, 53, 87], [8, 26, 62], [80, 49], [63, 16, 81], [48, 7, 61], [3, 35, 9], [52, 57, 17], [24, 1, 32], [29, 19, 13], [23, 22, 12], [27, 2], [25, 28], [64, 43, 21], [34, 33, 14], [15, 36, 51], [41, 47, 18, 45], [60, 66, 50, 55, 37, 54, 68, 56, 39, 44, 73, 76, 74, 69, 65, 67, 71, 78, 72, 83, 85, 79, 82, 77, 84, 88, 86]]
144: [[38, 46, 42], [20, 5, 4], [75, 70, 58], [31, 40, 6], [10, 11, 59], [30, 53], [87, 8, 26], [62, 80, 49], [63, 16, 81], [48, 7, 61], [3, 35, 9], [52, 57, 17], [24, 1, 32], [29, 19, 13], [23, 22, 12], [27, 2, 25, 28], [64, 43, 21], [34, 33, 14], [15, 36, 51], [41, 47, 18, 45, 60, 66, 50, 55, 37, 54, 68, 56, 39, 44, 73, 76, 74, 69, 65, 67, 71, 78, 72, 83, 85, 79, 82, 77, 84, 88, 86]]
145: [[38, 46, 42], [20, 5], [4, 75, 70], [58, 31, 40], [6, 10, 11], [59, 30, 53], [87, 8, 26], [62, 80, 49], [63, 16, 81], [48, 7, 61], [3, 35, 9], [52, 57], [17, 24], [1, 32], [29, 19, 13], [23, 22, 12], [27, 2], [25, 28, 64], [43, 21], [34, 33, 14], [15, 36, 51], [41, 47, 18], [45, 60, 66], [50, 55, 37], [54, 68, 56], [39, 44], [73, 76, 74], [69, 65, 67, 71], [78, 72, 83, 85], [79, 82, 77], [84, 88, 86]]
146: [[38, 46, 42], [20, 5, 4], [75, 70, 58], [31, 40, 6], [10, 11, 59], [30, 53, 87], [8, 26, 62], [80, 49, 63], [16, 81, 48], [7, 61, 3, 35], [9, 52], [57, 17, 24], [1, 32, 29], [19, 13, 23], [22, 12, 27, 2], [25, 28], [64, 43, 21, 34], [33, 14, 15, 36, 51, 41, 47, 18, 45, 60, 66, 50, 55, 37, 54, 68, 56, 39, 44, 73, 76, 74, 69, 65, 67, 71, 78, 72, 83, 85, 79, 82, 77, 84, 88, 86]]
147: [[38, 46, 42], [20, 5, 4], [75, 70, 58], [31, 40, 6], [10, 11], [59, 30, 53], [87, 8, 26], [62, 80], [49, 63, 16], [81, 48, 7], [61, 3, 35], [9, 52, 57], [17, 24, 1], [32, 29, 19], [13, 23, 22], [12, 27, 2], [25, 28, 64], [43, 21, 34], [33, 14], [15, 36, 51], [41, 47, 18], [45, 60, 66, 50], [55, 37], [54, 68, 56], [39, 44, 73], [76, 74, 69], [65, 67, 71], [78, 72, 83], [85, 79, 82], [77, 84, 88, 86]]
148: [[38, 46, 42], [20, 5, 4], [75, 70, 58], [31, 40, 6], [10, 11, 59], [30, 53, 87], [8, 26, 62], [80, 49, 63], [16, 81, 48], [7, 61, 3], [35, 9, 52], [57, 17, 24], [1, 32, 29], [19, 13, 23], [22, 12, 27], [2, 25, 28], [64, 43, 21], [34, 33, 14], [15, 36, 51], [41, 47, 18], [45, 60, 66], [50, 55, 37], [54, 68, 56], [39, 44, 73], [76, 74, 69], [65, 67, 71], [78, 72, 83, 85, 79, 82, 77, 84, 88, 86]]
149: [[38, 46, 42], [20, 5, 4], [75, 70, 58], [31, 40, 6], [10, 11, 59], [30, 53, 87, 8], [26, 62], [80, 49, 63], [16, 81, 48], [7, 61], [3, 35, 9], [52, 57, 17, 24], [1, 32, 29], [19, 13], [23, 22], [12, 27, 2, 25], [28, 64], [43, 21, 34, 33], [14, 15], [36, 51, 41, 47], [18, 45, 60], [66, 50, 55, 37], [54, 68, 56], [39, 44], [73, 76, 74, 69], [65, 67, 71], [78, 72, 83, 85], [79, 82, 77], [84, 88, 86]]
150: [[38, 46, 42], [20, 5, 4], [75, 70, 58], [31, 40], [6, 10, 11], [59, 30, 53], [87, 8, 26], [62, 80, 49], [63, 16, 81, 48], [7, 61, 3], [35, 9, 52], [57, 17, 24], [1, 32, 29], [19, 13, 23], [22, 12, 27], [2, 25, 28], [64, 43, 21], [34, 33, 14], [15, 36, 51], [41, 47, 18], [45, 60, 66], [50, 55, 37], [54, 68, 56], [39, 44, 73], [76, 74, 69], [65, 67], [71, 78], [72, 83, 85], [79, 82, 77], [84, 88, 86]]
151: [[38, 46, 42], [20, 5, 4], [75, 70, 58], [31, 40, 6], [10, 11, 59, 30], [53, 87, 8], [26, 62, 80], [49, 63, 16], [81, 48, 7], [61, 3, 35], [9, 52, 57], [17, 24, 1], [32, 29, 19], [13, 23, 22], [12, 27], [2, 25, 28], [64, 43, 21], [34, 33, 14], [15, 36, 51, 41], [47, 18, 45, 60, 66, 50, 55, 37, 54, 68, 56, 39, 44, 73, 76, 74, 69, 65, 67, 71, 78, 72, 83, 85, 79, 82, 77, 84, 88, 86]]
152: [[38, 46, 42], [20, 5, 4], [75, 70, 58], [31, 40, 6], [10, 11, 59], [30, 53, 87], [8, 26, 62], [80, 49, 63], [16, 81, 48], [7, 61, 3], [35, 9, 52], [57, 17, 24], [1, 32, 29], [19, 13], [23, 22, 12], [27, 2, 25], [28, 64], [43, 21, 34], [33, 14, 15], [36, 51, 41], [47, 18, 45], [60, 66, 50], [55, 37], [54, 68], [56, 39, 44], [73, 76, 74], [69, 65, 67, 71, 78, 72, 83, 85, 79, 82, 77, 84, 88, 86]]
153: [[38, 46, 42], [20, 5, 4], [75, 70, 58], [31, 40, 6], [10, 11, 59, 30], [53, 87, 8], [26, 62, 80], [49, 63, 16], [81, 48, 7, 61], [3, 35], [9, 52, 57, 17], [24, 1], [32, 29, 19, 13], [23, 22, 12, 27, 2, 25, 28, 64, 43, 21, 34, 33, 14, 15, 36, 51, 41, 47, 18, 45, 60, 66, 50, 55, 37, 54, 68, 56, 39, 44, 73, 76, 74, 69, 65, 67, 71, 78, 72, 83, 85, 79, 82, 77, 84, 88, 86]]
154: [[38, 46, 42], [20, 5, 4], [75, 70, 58], [31, 40], [6, 10, 11], [59, 30, 53], [87, 8, 26], [62, 80, 49], [63, 16, 81], [48, 7, 61], [3, 35, 9], [52, 57, 17], [24, 1, 32], [29, 19, 13], [23, 22], [12, 27, 2], [25, 28, 64, 43, 21, 34, 33, 14, 15, 36, 51, 41, 47, 18, 45, 60, 66, 50, 55, 37, 54, 68, 56, 39, 44, 73, 76, 74, 69, 65, 67, 71, 78, 72, 83, 85, 79, 82, 77, 84, 88, 86]]
155: [[38, 46, 42], [20, 5, 4], [75, 70, 58], [31, 40, 6], [10, 11, 59], [30, 53, 87], [8, 26], [62, 80], [49, 63, 16, 81, 48, 7, 61, 3, 35, 9, 52, 57, 17, 24, 1, 32, 29, 19, 13, 23, 22, 12], [27, 2, 25, 28, 64, 43, 21, 34, 33, 14, 15, 36, 51, 41, 47, 18, 45, 60, 66, 50, 55, 37, 54, 68, 56, 39, 44, 73, 76, 74, 69, 65, 67, 71, 78, 72, 83, 85, 79, 82, 77, 84, 88, 86]]
156: [[38, 46, 42, 20, 5], [4, 75], [70, 58, 31], [40, 6, 10], [11, 59], [30, 53], [87, 8, 26, 62], [80, 49, 63], [16, 81, 48], [7, 61, 3], [35, 9, 52, 57, 17, 24, 1, 32, 29, 19, 13, 23, 22, 12, 27, 2, 25, 28, 64, 43, 21, 34, 33, 14, 15, 36, 51, 41, 47, 18, 45, 60, 66, 50, 55, 37, 54, 68, 56, 39, 44, 73, 76, 74, 69, 65, 67, 71, 78, 72, 83, 85, 79, 82, 77, 84, 88, 86]]
157: [[38, 46, 42], [20, 5, 4], [75, 70, 58], [31, 40, 6], [10, 11, 59], [30, 53, 87], [8, 26, 62], [80, 49, 63], [16, 81, 48], [7, 61, 3], [35, 9, 52], [57, 17, 24], [1, 32, 29], [19, 13, 23], [22, 12, 27], [2, 25, 28], [64, 43, 21], [34, 33, 14], [15, 36, 51], [41, 47], [18, 45], [60, 66, 50], [55, 37], [54, 68], [56, 39], [44, 73, 76, 74, 69, 65, 67, 71, 78, 72, 83, 85, 79, 82, 77, 84, 88, 86]]
158: [[38, 46, 42], [20, 5, 4], [75, 70, 58], [31, 40, 6], [10, 11, 59], [30, 53, 87], [8, 26, 62], [80, 49, 63], [16, 81, 48], [7, 61, 3], [35, 9, 52], [57, 17, 24], [1, 32, 29], [19, 13, 23], [22, 12], [27, 2, 25], [28, 64], [43, 21, 34], [33, 14], [15, 36, 51], [41, 47, 18], [45, 60, 66], [50, 55, 37, 54, 68, 56, 39, 44, 73, 76, 74, 69, 65, 67, 71, 78, 72, 83, 85, 79, 82, 77, 84, 88, 86]]
159: [[38, 46, 42], [20, 5, 4], [75, 70, 58], [31, 40, 6], [10, 11], [59, 30, 53], [87, 8, 26], [62, 80, 49, 63], [16, 81, 48, 7], [61, 3, 35], [9, 52, 57, 17, 24, 1, 32, 29, 19, 13, 23, 22, 12, 27, 2, 25, 28, 64, 43, 21, 34], [33, 14, 15, 36, 51, 41, 47, 18, 45, 60, 66, 50, 55, 37, 54, 68, 56, 39, 44, 73, 76, 74, 69, 65, 67, 71, 78, 72, 83, 85, 79, 82, 77, 84, 88, 86]]
160: [[38, 46, 42], [20, 5, 4], [75, 70], [58, 31], [40, 6, 10, 11], [59, 30, 53], [87, 8], [26, 62, 80, 49], [63, 16, 81, 48, 7, 61, 3], [35, 9, 52, 57, 17, 24, 1, 32], [29, 19, 13, 23, 22, 12, 27, 2, 25, 28, 64, 43, 21, 34, 33, 14, 15, 36, 51, 41, 47, 18, 45, 60, 66, 50, 55, 37, 54, 68, 56, 39, 44, 73, 76, 74, 69, 65, 67, 71, 78, 72, 83, 85, 79, 82, 77, 84, 88, 86]]
161: [[38, 46, 42], [20, 5, 4], [75, 70, 58], [31, 40], [6, 10, 11], [59, 30, 53], [87, 8, 26], [62, 80, 49], [63, 16, 81], [48, 7, 61, 3], [35, 9, 52, 57, 17, 24], [1, 32, 29, 19, 13, 23, 22, 12, 27, 2, 25, 28, 64, 43, 21, 34, 33, 14, 15, 36, 51, 41, 47, 18, 45, 60, 66, 50, 55, 37, 54, 68, 56, 39, 44, 73, 76, 74, 69, 65, 67, 71, 78, 72, 83, 85, 79, 82, 77, 84, 88, 86]]
162: [[38, 46, 42], [20, 5, 4], [75, 70, 58], [31, 40, 6, 10], [11, 59], [30, 53, 87, 8], [26, 62, 80, 49], [63, 16, 81, 48, 7, 61, 3, 35, 9, 52, 57], [17, 24, 1, 32, 29, 19, 13, 23, 22, 12, 27, 2, 25, 28, 64, 43, 21, 34, 33, 14, 15, 36, 51, 41, 47, 18, 45, 60, 66, 50, 55, 37, 54, 68, 56, 39, 44, 73, 76, 74, 69, 65, 67, 71, 78, 72, 83, 85, 79, 82, 77, 84, 88, 86]]
163: [[38, 46, 42], [20, 5, 4], [75, 70, 58], [31, 40, 6], [10, 11, 59], [30, 53, 87], [8, 26, 62], [80, 49, 63], [16, 81, 48, 7], [61, 3], [35, 9], [52, 57, 17, 24, 1, 32, 29, 19, 13, 23, 22, 12, 27, 2, 25, 28, 64, 43, 21, 34, 33, 14, 15, 36, 51, 41, 47, 18, 45, 60, 66, 50, 55, 37, 54, 68, 56, 39, 44, 73, 76, 74, 69, 65, 67, 71, 78, 72, 83, 85, 79, 82, 77, 84, 88, 86]]
164: [[38, 46], [42, 20, 5], [4, 75, 70], [58, 31, 40], [6, 10, 11], [59, 30, 53], [87, 8, 26], [62, 80, 49], [63, 16, 81], [48, 7], [61, 3, 35], [9, 52, 57], [17, 24, 1], [32, 29, 19, 13], [23, 22, 12], [27, 2], [25, 28, 64, 43], [21, 34, 33, 14, 15], [36, 51, 41, 47, 18, 45], [60, 66, 50, 55, 37, 54, 68, 56, 39, 44, 73, 76, 74, 69, 65, 67, 71, 78, 72, 83, 85, 79, 82, 77, 84, 88, 86]]
165: [[38, 46, 42], [20, 5, 4], [75, 70, 58], [31, 40, 6], [10, 11], [59, 30, 53], [87, 8, 26], [62, 80, 49, 63], [16, 81, 48], [7, 61], [3, 35, 9], [52, 57, 17], [24, 1, 32, 29], [19, 13, 23, 22, 12, 27, 2, 25, 28, 64, 43, 21, 34, 33, 14, 15, 36, 51, 41, 47, 18, 45, 60, 66, 50, 55, 37, 54, 68, 56, 39, 44, 73, 76, 74, 69, 65, 67, 71, 78, 72, 83, 85, 79, 82, 77, 84, 88, 86]]
166: [[38, 46, 42], [20, 5, 4], [75, 70, 58], [31, 40], [6, 10, 11, 59], [30, 53, 87], [8, 26, 62], [80, 49, 63], [16, 81, 48, 7, 61, 3, 35, 9, 52, 57, 17, 24, 1, 32, 29, 19, 13, 23, 22, 12, 27, 2, 25, 28, 64, 43, 21, 34, 33, 14, 15, 36, 51, 41, 47, 18, 45, 60, 66, 50, 55, 37, 54, 68, 56, 39, 44, 73, 76, 74, 69, 65, 67, 71, 78, 72, 83, 85, 79, 82, 77, 84, 88, 86]]
167: [[38, 46, 42], [20, 5, 4], [75, 70, 58], [31, 40, 6], [10, 11, 59], [30, 53, 87], [8, 26, 62], [80, 49, 63], [16, 81, 48], [7, 61], [3, 35, 9, 52], [57, 17, 24, 1, 32, 29, 19, 13, 23, 22, 12, 27, 2, 25, 28, 64, 43, 21, 34, 33, 14, 15, 36, 51, 41, 47, 18, 45, 60, 66, 50, 55, 37, 54, 68, 56, 39, 44, 73, 76, 74, 69, 65, 67, 71, 78, 72, 83, 85, 79, 82, 77, 84, 88, 86]]
168: [[38, 46, 42], [20, 5, 4], [75, 70, 58], [31, 40, 6], [10, 11, 59], [30, 53, 87], [8, 26, 62], [80, 49, 63], [16, 81, 48], [7, 61, 3], [35, 9, 52], [57, 17, 24], [1, 32, 29, 19], [13, 23, 22], [12, 27, 2, 25, 28], [64, 43, 21], [34, 33, 14], [15, 36, 51], [41, 47, 18], [45, 60, 66, 50], [55, 37], [54, 68, 56], [39, 44, 73, 76], [74, 69, 65, 67, 71, 78, 72, 83, 85, 79, 82, 77, 84, 88, 86]]
169: [[38, 46, 42], [20, 5, 4], [75, 70, 58], [31, 40, 6], [10, 11, 59], [30, 53, 87], [8, 26, 62], [80, 49, 63, 16], [81, 48, 7], [61, 3, 35, 9], [52, 57, 17, 24, 1, 32, 29, 19, 13, 23, 22, 12, 27, 2, 25, 28, 64, 43, 21, 34, 33, 14, 15, 36, 51, 41, 47, 18, 45, 60, 66, 50, 55, 37, 54, 68, 56, 39, 44, 73, 76, 74, 69, 65, 67, 71, 78, 72, 83, 85, 79, 82, 77, 84, 88, 86]]
170: [[38, 46, 42], [20, 5, 4], [75, 70], [58, 31], [40, 6], [10, 11, 59, 30, 53, 87, 8, 26, 62, 80, 49, 63, 16, 81, 48, 7, 61, 3, 35, 9, 52, 57, 17, 24, 1, 32, 29, 19, 13, 23, 22, 12, 27, 2, 25, 28, 64, 43, 21, 34, 33, 14, 15, 36, 51, 41, 47, 18, 45, 60, 66, 50, 55, 37, 54, 68, 56, 39, 44, 73, 76, 74, 69, 65, 67, 71, 78, 72, 83, 85, 79, 82, 77, 84, 88, 86]]
171: [[38, 46, 42], [20, 5, 4], [75, 70, 58, 31], [40, 6, 10, 11, 59, 30, 53, 87, 8, 26, 62, 80, 49, 63, 16, 81, 48, 7, 61, 3, 35, 9, 52, 57, 17, 24, 1, 32, 29, 19, 13, 23, 22, 12, 27, 2, 25, 28, 64, 43, 21, 34, 33, 14, 15, 36, 51, 41, 47, 18, 45, 60, 66, 50, 55, 37, 54, 68, 56, 39, 44, 73, 76, 74, 69, 65, 67, 71, 78, 72, 83, 85, 79, 82, 77, 84, 88, 86]]
172: [[38, 46, 42], [20, 5], [4, 75, 70], [58, 31, 40], [6, 10, 11], [59, 30, 53], [87, 8, 26], [62, 80, 49], [63, 16, 81, 48, 7, 61, 3, 35, 9, 52, 57, 17, 24, 1, 32, 29, 19, 13, 23, 22, 12, 27, 2, 25, 28, 64, 43, 21, 34, 33, 14, 15, 36, 51, 41, 47, 18, 45, 60, 66, 50, 55, 37, 54, 68, 56, 39, 44, 73, 76, 74, 69, 65, 67, 71, 78, 72, 83, 85, 79, 82, 77, 84, 88, 86]]
173: [[38, 46, 42], [20, 5, 4], [75, 70, 58], [31, 40, 6], [10, 11, 59], [30, 53, 87], [8, 26, 62], [80, 49, 63, 16], [81, 48, 7], [61, 3, 35], [9, 52, 57, 17], [24, 1, 32, 29, 19, 13, 23, 22, 12, 27, 2, 25, 28, 64, 43, 21, 34, 33, 14, 15, 36, 51, 41, 47, 18, 45, 60, 66, 50, 55, 37, 54, 68, 56, 39, 44, 73, 76, 74, 69, 65, 67, 71, 78, 72, 83, 85, 79, 82, 77], [84, 88, 86]]
174: [[38, 46], [42, 20, 5], [4, 75, 70], [58, 31, 40], [6, 10, 11], [59, 30, 53], [87, 8, 26], [62, 80, 49], [63, 16, 81], [48, 7, 61], [3, 35], [9, 52, 57], [17, 24], [1, 32], [29, 19], [13, 23, 22, 12, 27, 2, 25, 28, 64, 43, 21, 34, 33, 14, 15, 36, 51, 41, 47, 18, 45, 60, 66, 50, 55, 37, 54, 68, 56, 39, 44, 73, 76, 74, 69, 65, 67, 71, 78, 72, 83, 85, 79, 82, 77, 84, 88, 86]]
175: [[38, 46, 42], [20, 5, 4], [75, 70, 58], [31, 40, 6], [10, 11, 59], [30, 53, 87], [8, 26, 62], [80, 49, 63, 16], [81, 48, 7], [61, 3, 35], [9, 52, 57], [17, 24, 1, 32, 29, 19], [13], [23, 22, 12, 27, 2, 25, 28, 64, 43, 21, 34, 33, 14, 15, 36, 51, 41, 47, 18, 45, 60, 66, 50, 55, 37, 54, 68, 56, 39, 44, 73, 76, 74, 69, 65, 67, 71, 78, 72, 83, 85, 79, 82, 77, 84, 88, 86]]
