0: [[35, 27, 11, 2, 7, 3, 1, 4, 9, 14, 12, 24], [5, 6, 21, 40, 10, 8, 16, 18, 15, 29, 13, 17], [20, 19, 30, 23, 26, 25, 28, 45, 22, 31, 37, 32], [38, 33, 34, 47, 36, 39, 43, 42, 41, 51, 44, 46], [49, 48, 55, 50, 53, 54, 56, 52, 57, 58, 59, 60]]
1: [[35, 27, 11, 2, 7, 3, 1, 4, 9, 14, 12, 24], [5, 6, 21, 40, 10, 8, 16, 18, 15, 29, 13, 17], [20, 19, 30, 23, 26, 25, 28, 45, 22, 31, 37, 32], [38, 33, 34, 47, 36, 39, 43, 42, 41, 51, 44, 46], [49, 48, 55, 50, 53, 54, 56, 52, 57, 58, 59, 60]]
2: [[35, 27, 11, 2, 7, 3, 1, 4, 9, 14, 12, 24], [5, 6, 21, 40, 10, 8, 16, 18, 15, 29, 13, 17], [20, 19, 30, 23, 26, 25, 28, 45, 22, 31, 37, 32], [38, 33, 34, 47, 36, 39, 43, 42, 41, 51, 44, 46], [49, 48, 55, 50, 53, 54, 56, 52, 57, 58, 59, 60]]
3: [[35, 27, 11, 2, 7, 3, 1, 4, 9, 14, 12, 24], [5, 6, 21, 40, 10, 8, 16, 18, 15, 29, 13, 17], [20, 19, 30, 23, 26, 25, 28, 45, 22, 31, 37, 32], [38, 33, 34, 47, 36, 39, 43, 42, 41, 51, 44, 46], [49, 48, 55, 50, 53, 54, 56, 52, 57, 58, 59, 60]]
4: [[35, 27, 11, 2, 7, 3, 1, 4, 9, 14, 12, 24], [5, 6, 21, 40, 10, 8, 16, 18, 15, 29, 13, 17], [20, 19, 30, 23, 26, 25, 28, 45, 22, 31, 37, 32], [38, 33, 34, 47, 36, 39, 43, 42, 41, 51, 44, 46], [49, 48, 55, 50, 53, 54, 56, 52, 57, 58, 59, 60]]
5: [[35, 27, 11, 2, 7, 3, 1, 4, 9, 14, 12, 24], [5, 6, 21, 40, 10, 8, 16, 18, 15, 29, 13, 17], [20, 19, 30, 23, 26, 25, 28, 45, 22, 31, 37, 32], [38, 33, 34, 47, 36, 39, 43, 42, 41, 51, 44, 46], [49, 48, 55, 50, 53, 54, 56, 52, 57, 58, 59, 60]]
6: [[35, 27, 11, 2, 7, 3, 1, 4, 9, 14, 12, 24], [5, 6, 21, 40, 10, 8, 16, 18, 15, 29, 13, 17], [20, 19, 30, 23, 26, 25, 28, 45, 22, 31, 37, 32], [38, 33, 34, 47, 36, 39, 43, 42, 41, 51, 44, 46], [49, 48, 55, 50, 53, 54, 56, 52, 57, 58, 59, 60]]
7: [[35, 27, 11, 2, 7, 3, 1, 4, 9, 14, 12, 24], [5, 6, 21, 40, 10, 8, 16, 18, 15, 29, 13, 17], [20, 19, 30, 23, 26, 25, 28, 45, 22, 31, 37, 32], [38, 33, 34, 47, 36, 39, 43, 42, 41, 51, 44, 46], [49, 48, 55, 50, 53, 54, 56, 52, 57, 58, 59, 60]]
8: [[35, 27, 11, 2, 7, 3, 1, 4, 9, 14, 12, 24], [5, 6, 21, 40, 10, 8, 16, 18, 15, 29, 13, 17], [20, 19, 30, 23, 26, 25, 28, 45, 22, 31, 37, 32], [38, 33, 34, 47, 36, 39, 43, 42, 41, 51, 44, 46], [49, 48, 55, 50, 53, 54, 56, 52, 57, 58, 59, 60]]
9: [[35, 27, 11, 2, 7, 3, 1, 4, 9, 14, 12, 24], [5, 6, 21, 40, 10, 8, 16, 18, 15, 29, 13, 17], [20, 19, 30, 23, 26, 25, 28, 45, 22, 31, 37, 32], [38, 33, 34, 47, 36, 39, 43, 42, 41, 51, 44, 46], [49, 48, 55, 50, 53, 54, 56, 52, 57, 58, 59, 60]]
10: [[35, 27, 11, 2, 7, 3, 1, 4, 9, 14, 12, 24], [5, 6, 21, 40, 10, 8, 16, 18, 15, 29, 13, 17], [20, 19, 30, 23, 26, 25, 28, 45, 22, 31, 37, 32], [38, 33, 34, 47, 36, 39, 43, 42, 41, 51, 44, 46], [49, 48, 55, 50, 53, 54, 56, 52, 57, 58, 59, 60]]
11: [[35, 27, 11, 2, 7, 3, 1, 4, 9, 14, 12, 24], [5, 6, 21, 40, 10, 8, 16, 18, 15, 29, 13, 17], [20, 19, 30, 23, 26, 25, 28, 45, 22, 31, 37, 32], [38, 33, 34, 47, 36, 39, 43, 42, 41, 51, 44, 46], [49, 48, 55, 50, 53, 54, 56, 52, 57, 58, 59, 60]]
12: [[35, 27, 11, 2, 7, 3, 1, 4, 9, 14, 12, 24], [5, 6, 21, 40, 10, 8, 16, 18, 15, 29, 13, 17], [20, 19, 30, 23, 26, 25, 28, 45, 22, 31, 37, 32], [38, 33, 34, 47, 36, 39, 43, 42, 41, 51, 44, 46], [49, 48, 55, 50, 53, 54, 56, 52, 57, 58, 59, 60]]
13: [[35, 27, 11, 2, 7, 3, 1, 4, 9, 14, 12, 24], [5, 6, 21, 40, 10, 8, 16, 18, 15, 29, 13, 17], [20, 19, 30, 23, 26, 25, 28, 45, 22, 31, 37, 32], [38, 33, 34, 47, 36, 39, 43, 42, 41, 51, 44, 46], [49, 48, 55, 50, 53, 54, 56, 52, 57, 58, 59, 60]]
14: [[35, 27, 11, 2, 7, 3, 1, 4, 9, 14, 12, 24], [5, 6, 21, 40, 10, 8, 16, 18, 15, 29, 13, 17], [20, 19, 30, 23, 26, 25, 28, 45, 22, 31, 37, 32], [38, 33, 34, 47, 36, 39, 43, 42, 41, 51, 44, 46], [49, 48, 55, 50, 53, 54, 56, 52, 57, 58, 59, 60]]
15: [[35, 27, 11, 2, 7, 3, 1, 4, 9, 14, 12, 24], [5, 6, 21, 40, 10, 8, 16, 18, 15, 29, 13, 17], [20, 19, 30, 23, 26, 25, 28, 45, 22, 31, 37, 32], [38, 33, 34, 47, 36, 39, 43, 42, 41, 51, 44, 46], [49, 48, 55, 50, 53, 54, 56, 52, 57, 58, 59, 60]]
16: [[35, 27, 11, 2, 7, 3, 1, 4, 9, 14, 12, 24], [5, 6, 21, 40, 10, 8, 16, 18, 15, 29, 13, 17], [20, 19, 30, 23, 26, 25, 28, 45, 22, 31, 37, 32], [38, 33, 34, 47, 36, 39, 43, 42, 41, 51, 44, 46], [49, 48, 55, 50, 53, 54, 56, 52, 57, 58, 59, 60]]
17: [[35, 27, 11, 2, 7, 3, 1, 4, 9, 14, 12, 24], [5, 6, 21, 40, 10, 8, 16, 18, 15, 29, 13, 17], [20, 19, 30, 23, 26, 25, 28, 45, 22, 31, 37, 32], [38, 33, 34, 47, 36, 39, 43, 42, 41, 51, 44, 46], [49, 48, 55, 50, 53, 54, 56, 52, 57, 58, 59, 60]]
18: [[35, 27, 11, 2, 7, 3, 1, 4, 9, 14, 12, 24], [5, 6, 21, 40, 10, 8, 16, 18, 15, 29, 13, 17], [20, 19, 30, 23, 26, 25, 28, 45, 22, 31, 37, 32], [38, 33, 34, 47, 36, 39, 43, 42, 41, 51, 44, 46], [49, 48, 55, 50, 53, 54, 56, 52, 57, 58, 59, 60]]
19: [[35, 27, 11, 2, 7, 3, 1, 4, 9, 14, 12, 24], [5, 6, 21, 40, 10, 8, 16, 18, 15, 29, 13, 17], [20, 19, 30, 23, 26, 25, 28, 45, 22, 31, 37, 32], [38, 33, 34, 47, 36, 39, 43, 42, 41, 51, 44, 46], [49, 48, 55, 50, 53, 54, 56, 52, 57, 58, 59, 60]]
20: [[35, 27, 11, 2, 7, 3, 1, 4, 9, 14, 12, 24], [5, 6, 21, 40, 10, 8, 16, 18, 15, 29, 13, 17], [20, 19, 30, 23, 26, 25, 28, 45, 22, 31, 37, 32], [38, 33, 34, 47, 36, 39, 43, 42, 41, 51, 44, 46], [49, 48, 55, 50, 53, 54, 56, 52, 57, 58, 59, 60]]
21: [[35, 27, 11, 2, 7, 3, 1, 4, 9, 14, 12, 24], [5, 6, 21, 40, 10, 8, 16, 18, 15, 29, 13, 17], [20, 19, 30, 23, 26, 25, 28, 45, 22, 31, 37, 32], [38, 33, 34, 47, 36, 39, 43, 42, 41, 51, 44, 46], [49, 48, 55, 50, 53, 54, 56, 52, 57, 58, 59, 60]]
22: [[35, 27, 11, 2, 7, 3, 1, 4, 9, 14, 12, 24], [5, 6, 21, 40, 10, 8, 16, 18, 15, 29, 13, 17], [20, 19, 30, 23, 26, 25, 28, 45, 22, 31, 37, 32], [38, 33, 34, 47, 36, 39, 43, 42, 41, 51, 44, 46], [49, 48, 55, 50, 53, 54, 56, 52, 57, 58, 59, 60]]
23: [[35, 27, 11, 2, 7, 3, 1, 4, 9, 14, 12, 24], [5, 6, 21, 40, 10, 8, 16, 18, 15, 29, 13, 17], [20, 19, 30, 23, 26, 25, 28, 45, 22, 31, 37, 32], [38, 33, 34, 47, 36, 39, 43, 42, 41, 51, 44, 46], [49, 48, 55, 50, 53, 54, 56, 52, 57, 58, 59, 60]]
24: [[35, 27, 11, 2, 7, 3, 1, 4, 9, 14, 12, 24], [5, 6, 21, 40, 10, 8, 16, 18, 15, 29, 13, 17], [20, 19, 30, 23, 26, 25, 28, 45, 22, 31, 37, 32], [38, 33, 34, 47, 36, 39, 43, 42, 41, 51, 44, 46], [49, 48, 55, 50, 53, 54, 56, 52, 57, 58, 59, 60]]
25: [[35, 27, 11, 2, 7, 3, 1, 4, 9, 14, 12, 24], [5, 6, 21, 40, 10, 8, 16, 18, 15, 29, 13, 17], [20, 19, 30, 23, 26, 25, 28, 45, 22, 31, 37, 32], [38, 33, 34, 47, 36, 39, 43, 42, 41, 51, 44, 46], [49, 48, 55, 50, 53, 54, 56, 52, 57, 58, 59, 60]]
26: [[35, 27, 11, 2, 7, 3, 1, 4, 9, 14, 12, 24], [5, 6, 21, 40, 10, 8, 16, 18, 15, 29, 13, 17], [20, 19, 30, 23, 26, 25, 28, 45, 22, 31, 37, 32], [38, 33, 34, 47, 36, 39, 43, 42, 41, 51, 44, 46], [49, 48, 55, 50, 53, 54, 56, 52, 57, 58, 59, 60]]
27: [[35, 27, 11, 2, 7, 3, 1, 4, 9, 14, 12, 24], [5, 6, 21, 40, 10, 8, 16, 18, 15, 29, 13, 17], [20, 19, 30, 23, 26, 25, 28, 45, 22, 31, 37, 32], [38, 33, 34, 47, 36, 39, 43, 42, 41, 51, 44, 46], [49, 48, 55, 50, 53, 54, 56, 52, 57, 58, 59, 60]]
28: [[35, 27, 11, 2, 7, 3, 1, 4, 9, 14, 12, 24], [5, 6, 21, 40, 10, 8, 16, 18, 15, 29, 13, 17], [20, 19, 30, 23, 26, 25, 28, 45, 22, 31, 37, 32], [38, 33, 34, 47, 36, 39, 43, 42, 41, 51, 44, 46], [49, 48, 55, 50, 53, 54, 56, 52, 57, 58, 59, 60]]
29: [[35, 27, 11, 2, 7, 3, 1, 4, 9, 14, 12, 24], [5, 6, 21, 40, 10, 8, 16, 18, 15, 29, 13, 17], [20, 19, 30, 23, 26, 25, 28, 45, 22, 31, 37, 32], [38, 33, 34, 47, 36, 39, 43, 42, 41, 51, 44, 46], [49, 48, 55, 50, 53, 54, 56, 52, 57, 58, 59, 60]]
30: [[35, 27, 11, 2, 7, 3, 1, 4, 9, 14, 12, 24], [5, 6, 21, 40, 10, 8, 16, 18, 15, 29, 13, 17], [20, 19, 30, 23, 26, 25, 28, 45, 22, 31, 37, 32], [38, 33, 34, 47, 36, 39, 43, 42, 41, 51, 44, 46], [49, 48, 55, 50, 53, 54, 56, 52, 57, 58, 59, 60]]
31: [[35, 27, 11, 2, 7, 3, 1, 4, 9, 14, 12, 24], [5, 6, 21, 40, 10, 8, 16, 18, 15, 29, 13, 17], [20, 19, 30, 23, 26, 25, 28, 45, 22, 31, 37, 32], [38, 33, 34, 47, 36, 39, 43, 42, 41, 51, 44, 46], [49, 48, 55, 50, 53, 54, 56, 52, 57, 58, 59, 60]]
32: [[35, 27, 11, 2, 7, 3, 1, 4, 9, 14, 12, 24], [5, 6, 21, 40, 10, 8, 16, 18, 15, 29, 13, 17], [20, 19, 30, 23, 26, 25, 28, 45, 22, 31, 37, 32], [38, 33, 34, 47, 36, 39, 43, 42, 41, 51, 44, 46], [49, 48, 55, 50, 53, 54, 56, 52, 57, 58, 59, 60]]
33: [[35, 27, 11, 2, 7, 3, 1, 4, 9, 14, 12, 24], [5, 6, 21, 40, 10, 8, 16, 18, 15, 29, 13, 17], [20, 19, 30, 23, 26, 25, 28, 45, 22, 31, 37, 32], [38, 33, 34, 47, 36, 39, 43, 42, 41, 51, 44, 46], [49, 48, 55, 50, 53, 54, 56, 52, 57, 58, 59, 60]]
34: [[35, 27, 11, 2, 7, 3, 1, 4, 9, 14, 12, 24], [5, 6, 21, 40, 10, 8, 16, 18, 15, 29, 13, 17], [20, 19, 30, 23, 26, 25, 28, 45, 22, 31, 37, 32], [38, 33, 34, 47, 36, 39, 43, 42, 41, 51, 44, 46], [49, 48, 55, 50, 53, 54, 56, 52, 57, 58, 59, 60]]
35: [[35, 27, 11, 2, 7, 3, 1, 4, 9, 14, 12, 24], [5, 6, 21, 40, 10, 8, 16, 18, 15, 29, 13, 17], [20, 19, 30, 23, 26, 25, 28, 45, 22, 31, 37, 32], [38, 33, 34, 47, 36, 39, 43, 42, 41, 51, 44, 46], [49, 48, 55, 50, 53, 54, 56, 52, 57, 58, 59, 60]]
36: [[35, 27, 11, 2, 7, 3, 1, 4, 9, 14, 12, 24], [5, 6, 21, 40, 10, 8, 16, 18, 15, 29, 13, 17], [20, 19, 30, 23, 26, 25, 28, 45, 22, 31, 37, 32], [38, 33, 34, 47, 36, 39, 43, 42, 41, 51, 44, 46], [49, 48, 55, 50, 53, 54, 56, 52, 57, 58, 59, 60]]
37: [[35, 27, 11, 2, 7, 3, 1, 4, 9, 14, 12, 24], [5, 6, 21, 40, 10, 8, 16, 18, 15, 29, 13, 17], [20, 19, 30, 23, 26, 25, 28, 45, 22, 31, 37, 32], [38, 33, 34, 47, 36, 39, 43, 42, 41, 51, 44, 46], [49, 48, 55, 50, 53, 54, 56, 52, 57, 58, 59, 60]]
38: [[35, 27, 11, 2, 7, 3, 1, 4, 9, 14, 12, 24], [5, 6, 21, 40, 10, 8, 16, 18, 15, 29, 13, 17], [20, 19, 30, 23, 26, 25, 28, 45, 22, 31, 37, 32], [38, 33, 34, 47, 36, 39, 43, 42, 41, 51, 44, 46], [49, 48, 55, 50, 53, 54, 56, 52, 57, 58, 59, 60]]
39: [[35, 27, 11, 2, 7, 3, 1, 4, 9, 14, 12, 24], [5, 6, 21, 40, 10, 8, 16, 18, 15, 29, 13, 17], [20, 19, 30, 23, 26, 25, 28, 45, 22, 31, 37, 32], [38, 33, 34, 47, 36, 39, 43, 42, 41, 51, 44, 46], [49, 48, 55, 50, 53, 54, 56, 52, 57, 58, 59, 60]]
40: [[35, 27, 11, 2, 7, 3, 1, 4, 9, 14, 12, 24], [5, 6, 21, 40, 10, 8, 16, 18, 15, 29, 13, 17], [20, 19, 30, 23, 26, 25, 28, 45, 22, 31, 37, 32], [38, 33, 34, 47, 36, 39, 43, 42, 41, 51, 44, 46], [49, 48, 55, 50, 53, 54, 56, 52, 57, 58, 59, 60]]
41: [[35, 27, 11, 2, 7, 3, 1, 4, 9, 14, 12, 24], [5, 6, 21, 40, 10, 8, 16, 18, 15, 29, 13, 17], [20, 19, 30, 23, 26, 25, 28, 45, 22, 31, 37, 32], [38, 33, 34, 47, 36, 39, 43, 42, 41, 51, 44, 46], [49, 48, 55, 50, 53, 54, 56, 52, 57, 58, 59, 60]]
42: [[35, 27, 11, 2, 7, 3, 1, 4, 9, 14, 12, 24], [5, 6, 21, 40, 10, 8, 16, 18, 15, 29, 13, 17], [20, 19, 30, 23, 26, 25, 28, 45, 22, 31, 37, 32], [38, 33, 34, 47, 36, 39, 43, 42, 41, 51, 44, 46], [49, 48, 55, 50, 53, 54, 56, 52, 57, 58, 59, 60]]
43: [[35, 27, 11, 2, 7, 3, 1, 4, 9, 14, 12, 24], [5, 6, 21, 40, 10, 8, 16, 18, 15, 29, 13, 17], [20, 19, 30, 23, 26, 25, 28, 45, 22, 31, 37, 32], [38, 33, 34, 47, 36, 39, 43, 42, 41, 51, 44, 46], [49, 48, 55, 50, 53, 54, 56, 52, 57, 58, 59, 60]]
44: [[35, 27, 11, 2, 7, 3, 1, 4, 9, 14, 12, 24], [5, 6, 21, 40, 10, 8, 16, 18, 15, 29, 13, 17], [20, 19, 30, 23, 26, 25, 28, 45, 22, 31, 37, 32], [38, 33, 34, 47, 36, 39, 43, 42, 41, 51, 44, 46], [49, 48, 55, 50, 53, 54, 56, 52, 57, 58, 59, 60]]
45: [[35, 27, 11, 2, 7, 3, 1, 4, 9, 14, 12, 24], [5, 6, 21, 40, 10, 8, 16, 18, 15, 29, 13, 17], [20, 19, 30, 23, 26, 25, 28, 45, 22, 31, 37, 32], [38, 33, 34, 47, 36, 39, 43, 42, 41, 51, 44, 46], [49, 48, 55, 50, 53, 54, 56, 52, 57, 58, 59, 60]]
46: [[35, 27, 11, 2, 7, 3, 1, 4, 9, 14, 12, 24], [5, 6, 21, 40, 10, 8, 16, 18, 15, 29, 13, 17], [20, 19, 30, 23, 26, 25, 28, 45, 22, 31, 37, 32], [38, 33, 34, 47, 36, 39, 43, 42, 41, 51, 44, 46], [49, 48, 55, 50, 53, 54, 56, 52, 57, 58, 59, 60]]
47: [[35, 27, 11, 2, 7, 3, 1, 4, 9, 14, 12, 24], [5, 6, 21, 40, 10, 8, 16, 18, 15, 29, 13, 17], [20, 19, 30, 23, 26, 25, 28, 45, 22, 31, 37, 32], [38, 33, 34, 47, 36, 39, 43, 42, 41, 51, 44, 46], [49, 48, 55, 50, 53, 54, 56, 52, 57, 58, 59, 60]]
48: [[35, 27, 11, 2, 7, 3, 1, 4, 9, 14, 12, 24], [5, 6, 21, 40, 10, 8, 16, 18, 15, 29, 13, 17], [20, 19, 30, 23, 26, 25, 28, 45, 22, 31, 37, 32], [38, 33, 34, 47, 36, 39, 43, 42, 41, 51, 44, 46], [49, 48, 55, 50, 53, 54, 56, 52, 57, 58, 59, 60]]
49: [[35, 27, 11, 2, 7, 3, 1, 4, 9, 14, 12, 24], [5, 6, 21, 40, 10, 8, 16, 18, 15, 29, 13, 17], [20, 19, 30, 23, 26, 25, 28, 45, 22, 31, 37, 32], [38, 33, 34, 47, 36, 39, 43, 42, 41, 51, 44, 46], [49, 48, 55, 50, 53, 54, 56, 52, 57, 58, 59, 60]]
50: [[35, 27, 11, 2, 7, 3, 1, 4, 9, 14, 12, 24], [5, 6, 21, 40, 10, 8, 16, 18, 15, 29, 13, 17], [20, 19, 30, 23, 26, 25, 28, 45, 22, 31, 37, 32], [38, 33, 34, 47, 36, 39, 43, 42, 41, 51, 44, 46], [49, 48, 55, 50, 53, 54, 56, 52, 57, 58, 59, 60]]
51: [[35, 27, 11, 2, 7, 3, 1, 4, 9, 14, 12, 24], [5, 6, 21, 40, 10, 8, 16, 18, 15, 29, 13, 17], [20, 19, 30, 23, 26, 25, 28, 45, 22, 31, 37, 32], [38, 33, 34, 47, 36, 39, 43, 42, 41, 51, 44, 46], [49, 48, 55, 50, 53, 54, 56, 52, 57, 58, 59, 60]]
52: [[35, 27, 11, 2, 7, 3, 1, 4, 9, 14, 12, 24], [5, 6, 21, 40, 10, 8, 16, 18, 15, 29, 13, 17], [20, 19, 30, 23, 26, 25, 28, 45, 22, 31, 37, 32], [38, 33, 34, 47, 36, 39, 43, 42, 41, 51, 44, 46], [49, 48, 55, 50, 53, 54, 56, 52, 57, 58, 59, 60]]
53: [[35, 27, 11, 2, 7, 3, 1, 4, 9, 14, 12, 24], [5, 6, 21, 40, 10, 8, 16, 18, 15, 29, 13, 17], [20, 19, 30, 23, 26, 25, 28, 45, 22, 31, 37, 32], [38, 33, 34, 47, 36, 39, 43, 42, 41, 51, 44, 46], [49, 48, 55, 50, 53, 54, 56, 52, 57, 58, 59, 60]]
54: [[35, 27, 11, 2, 7, 3, 1, 4, 9, 14, 12, 24], [5, 6, 21, 40, 10, 8, 16, 18, 15, 29, 13, 17], [20, 19, 30, 23, 26, 25, 28, 45, 22, 31, 37, 32], [38, 33, 34, 47, 36, 39, 43, 42, 41, 51, 44, 46], [49, 48, 55, 50, 53, 54, 56, 52, 57, 58, 59, 60]]
55: [[35, 27, 11, 2, 7, 3, 1, 4, 9, 14, 12, 24], [5, 6, 21, 40, 10, 8, 16, 18, 15, 29, 13, 17], [20, 19, 30, 23, 26, 25, 28, 45, 22, 31, 37, 32], [38, 33, 34, 47, 36, 39, 43, 42, 41, 51, 44, 46], [49, 48, 55, 50, 53, 54, 56, 52, 57, 58, 59, 60]]
56: [[35, 27, 11, 2, 7, 3, 1, 4, 9, 14, 12, 24], [5, 6, 21, 40, 10, 8, 16, 18, 15, 29, 13, 17], [20, 19, 30, 23, 26, 25, 28, 45, 22, 31, 37, 32], [38, 33, 34, 47, 36, 39, 43, 42, 41, 51, 44, 46], [49, 48, 55, 50, 53, 54, 56, 52, 57, 58, 59, 60]]
57: [[35, 27, 11, 2, 7, 3, 1, 4, 9, 14, 12, 24], [5, 6, 21, 40, 10, 8, 16, 18, 15, 29, 13, 17], [20, 19, 30, 23, 26, 25, 28, 45, 22, 31, 37, 32], [38, 33, 34, 47, 36, 39, 43, 42, 41, 51, 44, 46], [49, 48, 55, 50, 53, 54, 56, 52, 57, 58, 59, 60]]
58: [[35, 27, 11, 2, 7, 3, 1, 4, 9, 14, 12, 24], [5, 6, 21, 40, 10, 8, 16, 18, 15, 29, 13, 17], [20, 19, 30, 23, 26, 25, 28, 45, 22, 31, 37, 32], [38, 33, 34, 47, 36, 39, 43, 42, 41, 51, 44, 46], [49, 48, 55, 50, 53, 54, 56, 52, 57, 58, 59, 60]]
59: [[35, 27, 11, 2, 7, 3, 1, 4, 9, 14, 12, 24], [5, 6, 21, 40, 10, 8, 16, 18, 15, 29, 13, 17], [20, 19, 30, 23, 26, 25, 28, 45, 22, 31, 37, 32], [38, 33, 34, 47, 36, 39, 43, 42, 41, 51, 44, 46], [49, 48, 55, 50, 53, 54, 56, 52, 57, 58, 59, 60]]
60: [[35, 27, 11, 2, 7, 3, 1, 4, 9, 14, 12, 24], [5, 6, 21, 40, 10, 8, 16, 18, 15, 29, 13, 17], [20, 19, 30, 23, 26, 25, 28, 45, 22, 31, 37, 32], [38, 33, 34, 47, 36, 39, 43, 42, 41, 51, 44, 46], [49, 48, 55, 50, 53, 54, 56, 52, 57, 58, 59, 60]]
61: [[35, 27, 11, 2, 7, 3, 1, 4, 9, 14, 12, 24], [5, 6, 21, 40, 10, 8, 16, 18, 15, 29, 13, 17], [20, 19, 30, 23, 26, 25, 28, 45, 22, 31, 37, 32], [38, 33, 34, 47, 36, 39, 43, 42, 41, 51, 44, 46], [49, 48, 55, 50, 53, 54, 56, 52, 57, 58, 59, 60]]
62: [[35, 27, 11, 2, 7, 3, 1, 4, 9, 14, 12, 24], [5, 6, 21, 40, 10, 8, 16, 18, 15, 29, 13, 17], [20, 19, 30, 23, 26, 25, 28, 45, 22, 31, 37, 32], [38, 33, 34, 47, 36, 39, 43, 42, 41, 51, 44, 46], [49, 48, 55, 50, 53, 54, 56, 52, 57, 58, 59, 60]]
63: [[35, 27, 11, 2, 7, 3, 1, 4, 9, 14, 12, 24], [5, 6, 21, 40, 10, 8, 16, 18, 15, 29, 13, 17], [20, 19, 30, 23, 26, 25, 28, 45, 22, 31, 37, 32], [38, 33, 34, 47, 36, 39, 43, 42, 41, 51, 44, 46], [49, 48, 55, 50, 53, 54, 56, 52, 57, 58, 59, 60]]
64: [[35, 27, 11, 2, 7, 3, 1, 4, 9, 14, 12, 24], [5, 6, 21, 40, 10, 8, 16, 18, 15, 29, 13, 17], [20, 19, 30, 23, 26, 25, 28, 45, 22, 31, 37, 32], [38, 33, 34, 47, 36, 39, 43, 42, 41, 51, 44, 46], [49, 48, 55, 50, 53, 54, 56, 52, 57, 58, 59, 60]]
65: [[35, 27, 11, 2, 7, 3, 1, 4, 9, 14, 12, 24], [5, 6, 21, 40, 10, 8, 16, 18, 15, 29, 13, 17], [20, 19, 30, 23, 26, 25, 28, 45, 22, 31, 37, 32], [38, 33, 34, 47, 36, 39, 43, 42, 41, 51, 44, 46], [49, 48, 55, 50, 53, 54, 56, 52, 57, 58, 59, 60]]
66: [[35, 27, 11, 2, 7, 3, 1, 4, 9, 14, 12, 24], [5, 6, 21, 40, 10, 8, 16, 18, 15, 29, 13, 17], [20, 19, 30, 23, 26, 25, 28, 45, 22, 31, 37, 32], [38, 33, 34, 47, 36, 39, 43, 42, 41, 51, 44, 46], [49, 48, 55, 50, 53, 54, 56, 52, 57, 58, 59, 60]]
67: [[35, 27, 11, 2, 7, 3, 1, 4, 9, 14, 12, 24], [5, 6, 21, 40, 10, 8, 16, 18, 15, 29, 13, 17], [20, 19, 30, 23, 26, 25, 28, 45, 22, 31, 37, 32], [38, 33, 34, 47, 36, 39, 43, 42, 41, 51, 44, 46], [49, 48, 55, 50, 53, 54, 56, 52, 57, 58, 59, 60]]
68: [[35, 27, 11, 2, 7, 3, 1, 4, 9, 14, 12, 24], [5, 6, 21, 40, 10, 8, 16, 18, 15, 29, 13, 17], [20, 19, 30, 23, 26, 25, 28, 45, 22, 31, 37, 32], [38, 33, 34, 47, 36, 39, 43, 42, 41, 51, 44, 46], [49, 48, 55, 50, 53, 54, 56, 52, 57, 58, 59, 60]]
69: [[35, 27, 11, 2, 7, 3, 1, 4, 9, 14, 12, 24], [5, 6, 21, 40, 10, 8, 16, 18, 15, 29, 13, 17], [20, 19, 30, 23, 26, 25, 28, 45, 22, 31, 37, 32], [38, 33, 34, 47, 36, 39, 43, 42, 41, 51, 44, 46], [49, 48, 55, 50, 53, 54, 56, 52, 57, 58, 59, 60]]
70: [[35, 27, 11, 2, 7, 3, 1, 4, 9, 14, 12, 24], [5, 6, 21, 40, 10, 8, 16, 18, 15, 29, 13, 17], [20, 19, 30, 23, 26, 25, 28, 45, 22, 31, 37, 32], [38, 33, 34, 47, 36, 39, 43, 42, 41, 51, 44, 46], [49, 48, 55, 50, 53, 54, 56, 52, 57, 58, 59, 60]]
71: [[35, 27, 11, 2, 7, 3, 1, 4, 9, 14, 12, 24], [5, 6, 21, 40, 10, 8, 16, 18, 15, 29, 13, 17], [20, 19, 30, 23, 26, 25, 28, 45, 22, 31, 37, 32], [38, 33, 34, 47, 36, 39, 43, 42, 41, 51, 44, 46], [49, 48, 55, 50, 53, 54, 56, 52, 57, 58, 59, 60]]
72: [[35, 27, 11, 2, 7, 3, 1, 4, 9, 14, 12, 24], [5, 6, 21, 40, 10, 8, 16, 18, 15, 29, 13, 17], [20, 19, 30, 23, 26, 25, 28, 45, 22, 31, 37, 32], [38, 33, 34, 47, 36, 39, 43, 42, 41, 51, 44, 46], [49, 48, 55, 50, 53, 54, 56, 52, 57, 58, 59, 60]]
73: [[35, 27, 11, 2, 7, 3, 1, 4, 9, 14, 12, 24], [5, 6, 21, 40, 10, 8, 16, 18, 15, 29, 13, 17], [20, 19, 30, 23, 26, 25, 28, 45, 22, 31, 37, 32], [38, 33, 34, 47, 36, 39, 43, 42, 41, 51, 44, 46], [49, 48, 55, 50, 53, 54, 56, 52, 57, 58, 59, 60]]
74: [[35, 27, 11, 2, 7, 3, 1, 4, 9, 14, 12, 24], [5, 6, 21, 40, 10, 8, 16, 18, 15, 29, 13, 17], [20, 19, 30, 23, 26, 25, 28, 45, 22, 31, 37, 32], [38, 33, 34, 47, 36, 39, 43, 42, 41, 51, 44, 46], [49, 48, 55, 50, 53, 54, 56, 52, 57, 58, 59, 60]]
75: [[35, 27, 11, 2, 7, 3, 1, 4, 9, 14, 12, 24], [5, 6, 21, 40, 10, 8, 16, 18, 15, 29, 13, 17], [20, 19, 30, 23, 26, 25, 28, 45, 22, 31, 37, 32], [38, 33, 34, 47, 36, 39, 43, 42, 41, 51, 44, 46], [49, 48, 55, 50, 53, 54, 56, 52, 57, 58, 59, 60]]
76: [[35, 27, 11, 2, 7, 3, 1, 4, 9, 14, 12, 24], [5, 6, 21, 40, 10, 8, 16, 18, 15, 29, 13, 17], [20, 19, 30, 23, 26, 25, 28, 45, 22, 31, 37, 32], [38, 33, 34, 47, 36, 39, 43, 42, 41, 51, 44, 46], [49, 48, 55, 50, 53, 54, 56, 52, 57, 58, 59, 60]]
77: [[35, 27, 11, 2, 7, 3, 1, 4, 9, 14, 12, 24], [5, 6, 21, 40, 10, 8, 16, 18, 15, 29, 13, 17], [20, 19, 30, 23, 26, 25, 28, 45, 22, 31, 37, 32], [38, 33, 34, 47, 36, 39, 43, 42, 41, 51, 44, 46], [49, 48, 55, 50, 53, 54, 56, 52, 57, 58, 59, 60]]
78: [[35, 27, 11, 2, 7, 3, 1, 4, 9, 14, 12, 24], [5, 6, 21, 40, 10, 8, 16, 18, 15, 29, 13, 17], [20, 19, 30, 23, 26, 25, 28, 45, 22, 31, 37, 32], [38, 33, 34, 47, 36, 39, 43, 42, 41, 51, 44, 46], [49, 48, 55, 50, 53, 54, 56, 52, 57, 58, 59, 60]]
79: [[35, 27, 11, 2, 7, 3, 1, 4, 9, 14, 12, 24], [5, 6, 21, 40, 10, 8, 16, 18, 15, 29, 13, 17], [20, 19, 30, 23, 26, 25, 28, 45, 22, 31, 37, 32], [38, 33, 34, 47, 36, 39, 43, 42, 41, 51, 44, 46], [49, 48, 55, 50, 53, 54, 56, 52, 57, 58, 59, 60]]
80: [[35, 27, 11, 2, 7, 3, 1, 4, 9, 14, 12, 24], [5, 6, 21, 40, 10, 8, 16, 18, 15, 29, 13, 17], [20, 19, 30, 23, 26, 25, 28, 45, 22, 31, 37, 32], [38, 33, 34, 47, 36, 39, 43, 42, 41, 51, 44, 46], [49, 48, 55, 50, 53, 54, 56, 52, 57, 58, 59, 60]]
81: [[35, 27, 11, 2, 7, 3, 1, 4, 9, 14, 12, 24], [5, 6, 21, 40, 10, 8, 16, 18, 15, 29, 13, 17], [20, 19, 30, 23, 26, 25, 28, 45, 22, 31, 37, 32], [38, 33, 34, 47, 36, 39, 43, 42, 41, 51, 44, 46], [49, 48, 55, 50, 53, 54, 56, 52, 57, 58, 59, 60]]
82: [[35, 27, 11, 2, 7, 3, 1, 4, 9, 14, 12, 24], [5, 6, 21, 40, 10, 8, 16, 18, 15, 29, 13, 17], [20, 19, 30, 23, 26, 25, 28, 45, 22, 31, 37, 32], [38, 33, 34, 47, 36, 39, 43, 42, 41, 51, 44, 46], [49, 48, 55, 50, 53, 54, 56, 52, 57, 58, 59, 60]]
83: [[35, 27, 11, 2, 7, 3, 1, 4, 9, 14, 12, 24], [5, 6, 21, 40, 10, 8, 16, 18, 15, 29, 13, 17], [20, 19, 30, 23, 26, 25, 28, 45, 22, 31, 37, 32], [38, 33, 34, 47, 36, 39, 43, 42, 41, 51, 44, 46], [49, 48, 55, 50, 53, 54, 56, 52, 57, 58, 59, 60]]
84: [[35, 27, 11, 2, 7, 3, 1, 4, 9, 14, 12, 24], [5, 6, 21, 40, 10, 8, 16, 18, 15, 29, 13, 17], [20, 19, 30, 23, 26, 25, 28, 45, 22, 31, 37, 32], [38, 33, 34, 47, 36, 39, 43, 42, 41, 51, 44, 46], [49, 48, 55, 50, 53, 54, 56, 52, 57, 58, 59, 60]]
85: [[35, 27, 11, 2, 7, 3, 1, 4, 9, 14, 12, 24], [5, 6, 21, 40, 10, 8, 16, 18, 15, 29, 13, 17], [20, 19, 30, 23, 26, 25, 28, 45, 22, 31, 37, 32], [38, 33, 34, 47, 36, 39, 43, 42, 41, 51, 44, 46], [49, 48, 55, 50, 53, 54, 56, 52, 57, 58, 59, 60]]
86: [[35, 27, 11, 2, 7, 3, 1, 4, 9, 14, 12, 24], [5, 6, 21, 40, 10, 8, 16, 18, 15, 29, 13, 17], [20, 19, 30, 23, 26, 25, 28, 45, 22, 31, 37, 32], [38, 33, 34, 47, 36, 39, 43, 42, 41, 51, 44, 46], [49, 48, 55, 50, 53, 54, 56, 52, 57, 58, 59, 60]]
87: [[35, 27, 11, 2, 7, 3, 1, 4, 9, 14, 12, 24], [5, 6, 21, 40, 10, 8, 16, 18, 15, 29, 13, 17], [20, 19, 30, 23, 26, 25, 28, 45, 22, 31, 37, 32], [38, 33, 34, 47, 36, 39, 43, 42, 41, 51, 44, 46], [49, 48, 55, 50, 53, 54, 56, 52, 57, 58, 59, 60]]
88: [[35, 27, 11, 2, 7, 3, 1, 4, 9, 14, 12, 24], [5, 6, 21, 40, 10, 8, 16, 18, 15, 29, 13, 17], [20, 19, 30, 23, 26, 25, 28, 45, 22, 31, 37, 32], [38, 33, 34, 47, 36, 39, 43, 42, 41, 51, 44, 46], [49, 48, 55, 50, 53, 54, 56, 52, 57, 58, 59, 60]]
89: [[35, 27, 11, 2, 7, 3, 1, 4, 9, 14, 12, 24], [5, 6, 21, 40, 10, 8, 16, 18, 15, 29, 13, 17], [20, 19, 30, 23, 26, 25, 28, 45, 22, 31, 37, 32], [38, 33, 34, 47, 36, 39, 43, 42, 41, 51, 44, 46], [49, 48, 55, 50, 53, 54, 56, 52, 57, 58, 59, 60]]
90: [[35, 27, 11, 2, 7, 3, 1, 4, 9, 14, 12, 24], [5, 6, 21, 40, 10, 8, 16, 18, 15, 29, 13, 17], [20, 19, 30, 23, 26, 25, 28, 45, 22, 31, 37, 32], [38, 33, 34, 47, 36, 39, 43, 42, 41, 51, 44, 46], [49, 48, 55, 50, 53, 54, 56, 52, 57, 58, 59, 60]]
91: [[35, 27, 11, 2, 7, 3, 1, 4, 9, 14, 12, 24], [5, 6, 21, 40, 10, 8, 16, 18, 15, 29, 13, 17], [20, 19, 30, 23, 26, 25, 28, 45, 22, 31, 37, 32], [38, 33, 34, 47, 36, 39, 43, 42, 41, 51, 44, 46], [49, 48, 55, 50, 53, 54, 56, 52, 57, 58, 59, 60]]
92: [[35, 27, 11, 2, 7, 3, 1, 4, 9, 14, 12, 24], [5, 6, 21, 40, 10, 8, 16, 18, 15, 29, 13, 17], [20, 19, 30, 23, 26, 25, 28, 45, 22, 31, 37, 32], [38, 33, 34, 47, 36, 39, 43, 42, 41, 51, 44, 46], [49, 48, 55, 50, 53, 54, 56, 52, 57, 58, 59, 60]]
93: [[35, 27, 11, 2, 7, 3, 1, 4, 9, 14, 12, 24], [5, 6, 21, 40, 10, 8, 16, 18, 15, 29, 13, 17], [20, 19, 30, 23, 26, 25, 28, 45, 22, 31, 37, 32], [38, 33, 34, 47, 36, 39, 43, 42, 41, 51, 44, 46], [49, 48, 55, 50, 53, 54, 56, 52, 57, 58, 59, 60]]
94: [[35, 27, 11, 2, 7, 3, 1, 4, 9, 14, 12, 24], [5, 6, 21, 40, 10, 8, 16, 18, 15, 29, 13, 17], [20, 19, 30, 23, 26, 25, 28, 45, 22, 31, 37, 32], [38, 33, 34, 47, 36, 39, 43, 42, 41, 51, 44, 46], [49, 48, 55, 50, 53, 54, 56, 52, 57, 58, 59, 60]]
95: [[35, 27, 11, 2, 7, 3, 1, 4, 9, 14, 12, 24], [5, 6, 21, 40, 10, 8, 16, 18, 15, 29, 13, 17], [20, 19, 30, 23, 26, 25, 28, 45, 22, 31, 37, 32], [38, 33, 34, 47, 36, 39, 43, 42, 41, 51, 44, 46], [49, 48, 55, 50, 53, 54, 56, 52, 57, 58, 59, 60]]
96: [[35, 27, 11, 2, 7, 3, 1, 4, 9, 14, 12, 24], [5, 6, 21, 40, 10, 8, 16, 18, 15, 29, 13, 17], [20, 19, 30, 23, 26, 25, 28, 45, 22, 31, 37, 32], [38, 33, 34, 47, 36, 39, 43, 42, 41, 51, 44, 46], [49, 48, 55, 50, 53, 54, 56, 52, 57, 58, 59, 60]]
97: [[35, 27, 11, 2, 7, 3, 1, 4, 9, 14, 12, 24], [5, 6, 21, 40, 10, 8, 16, 18, 15, 29, 13, 17], [20, 19, 30, 23, 26, 25, 28, 45, 22, 31, 37, 32], [38, 33, 34, 47, 36, 39, 43, 42, 41, 51, 44, 46], [49, 48, 55, 50, 53, 54, 56, 52, 57, 58, 59, 60]]
98: [[35, 27, 11, 2, 7, 3, 1, 4, 9, 14, 12, 24], [5, 6, 21, 40, 10, 8, 16, 18, 15, 29, 13, 17], [20, 19, 30, 23, 26, 25, 28, 45, 22, 31, 37, 32], [38, 33, 34, 47, 36, 39, 43, 42, 41, 51, 44, 46], [49, 48, 55, 50, 53, 54, 56, 52, 57, 58, 59, 60]]
99: [[35, 27, 11, 2, 7, 3, 1, 4, 9, 14, 12, 24], [5, 6, 21, 40, 10, 8, 16, 18, 15, 29, 13, 17], [20, 19, 30, 23, 26, 25, 28, 45, 22, 31, 37, 32], [38, 33, 34, 47, 36, 39, 43, 42, 41, 51, 44, 46], [49, 48, 55, 50, 53, 54, 56, 52, 57, 58, 59, 60]]
100: [[35, 27, 11, 2, 7, 3, 1, 4, 9, 14, 12, 24], [5, 6, 21, 40, 10, 8, 16, 18, 15, 29, 13, 17], [20, 19, 30, 23, 26, 25, 28, 45, 22, 31, 37, 32], [38, 33, 34, 47, 36, 39, 43, 42, 41, 51, 44, 46], [49, 48, 55, 50, 53, 54, 56, 52, 57, 58, 59, 60]]
101: [[35, 27, 11, 2, 7, 3, 1, 4, 9, 14, 12, 24], [5, 6, 21, 40, 10, 8, 16, 18, 15, 29, 13, 17], [20, 19, 30, 23, 26, 25, 28, 45, 22, 31, 37, 32], [38, 33, 34, 47, 36, 39, 43, 42, 41, 51, 44, 46], [49, 48, 55, 50, 53, 54, 56, 52, 57, 58, 59, 60]]
102: [[35, 27, 11, 2, 7, 3, 1, 4, 9, 14, 12, 24], [5, 6, 21, 40, 10, 8, 16, 18, 15, 29, 13, 17], [20, 19, 30, 23, 26, 25, 28, 45, 22, 31, 37, 32], [38, 33, 34, 47, 36, 39, 43, 42, 41, 51, 44, 46], [49, 48, 55, 50, 53, 54, 56, 52, 57, 58, 59, 60]]
103: [[35, 27, 11, 2, 7, 3, 1, 4, 9, 14, 12, 24], [5, 6, 21, 40, 10, 8, 16, 18, 15, 29, 13, 17], [20, 19, 30, 23, 26, 25, 28, 45, 22, 31, 37, 32], [38, 33, 34, 47, 36, 39, 43, 42, 41, 51, 44, 46], [49, 48, 55, 50, 53, 54, 56, 52, 57, 58, 59, 60]]
104: [[35, 27, 11, 2, 7, 3, 1, 4, 9, 14, 12, 24], [5, 6, 21, 40, 10, 8, 16, 18, 15, 29, 13, 17], [20, 19, 30, 23, 26, 25, 28, 45, 22, 31, 37, 32], [38, 33, 34, 47, 36, 39, 43, 42, 41, 51, 44, 46], [49, 48, 55, 50, 53, 54, 56, 52, 57, 58, 59, 60]]
105: [[35, 27, 11, 2, 7, 3, 1, 4, 9, 14, 12, 24], [5, 6, 21, 40, 10, 8, 16, 18, 15, 29, 13, 17], [20, 19, 30, 23, 26, 25, 28, 45, 22, 31, 37, 32], [38, 33, 34, 47, 36, 39, 43, 42, 41, 51, 44, 46], [49, 48, 55, 50, 53, 54, 56, 52, 57, 58, 59, 60]]
106: [[35, 27, 11, 2, 7, 3, 1, 4, 9, 14, 12, 24], [5, 6, 21, 40, 10, 8, 16, 18, 15, 29, 13, 17], [20, 19, 30, 23, 26, 25, 28, 45, 22, 31, 37, 32], [38, 33, 34, 47, 36, 39, 43, 42, 41, 51, 44, 46], [49, 48, 55, 50, 53, 54, 56, 52, 57, 58, 59, 60]]
107: [[35, 27, 11, 2, 7, 3, 1, 4, 9, 14, 12, 24], [5, 6, 21, 40, 10, 8, 16, 18, 15, 29, 13, 17], [20, 19, 30, 23, 26, 25, 28, 45, 22, 31, 37, 32], [38, 33, 34, 47, 36, 39, 43, 42, 41, 51, 44, 46], [49, 48, 55, 50, 53, 54, 56, 52, 57, 58, 59, 60]]
108: [[35, 27, 11, 2, 7, 3, 1, 4, 9, 14, 12, 24], [5, 6, 21, 40, 10, 8, 16, 18, 15, 29, 13, 17], [20, 19, 30, 23, 26, 25, 28, 45, 22, 31, 37, 32], [38, 33, 34, 47, 36, 39, 43, 42, 41, 51, 44, 46], [49, 48, 55, 50, 53, 54, 56, 52, 57, 58, 59, 60]]
109: [[35, 27, 11, 2, 7, 3, 1, 4, 9, 14, 12, 24], [5, 6, 21, 40, 10, 8, 16, 18, 15, 29, 13, 17], [20, 19, 30, 23, 26, 25, 28, 45, 22, 31, 37, 32], [38, 33, 34, 47, 36, 39, 43, 42, 41, 51, 44, 46], [49, 48, 55, 50, 53, 54, 56, 52, 57, 58, 59, 60]]
110: [[35, 27, 11, 2, 7, 3, 1, 4, 9, 14, 12, 24], [5, 6, 21, 40, 10, 8, 16, 18, 15, 29, 13, 17], [20, 19, 30, 23, 26, 25, 28, 45, 22, 31, 37, 32], [38, 33, 34, 47, 36, 39, 43, 42, 41, 51, 44, 46], [49, 48, 55, 50, 53, 54, 56, 52, 57, 58, 59, 60]]
111: [[35, 27, 11, 2, 7, 3, 1, 4, 9, 14, 12, 24], [5, 6, 21, 40, 10, 8, 16, 18, 15, 29, 13, 17], [20, 19, 30, 23, 26, 25, 28, 45, 22, 31, 37, 32], [38, 33, 34, 47, 36, 39, 43, 42, 41, 51, 44, 46], [49, 48, 55, 50, 53, 54, 56, 52, 57, 58, 59, 60]]
112: [[35, 27, 11, 2, 7, 3, 1, 4, 9, 14, 12, 24], [5, 6, 21, 40, 10, 8, 16, 18, 15, 29, 13, 17], [20, 19, 30, 23, 26, 25, 28, 45, 22, 31, 37, 32], [38, 33, 34, 47, 36, 39, 43, 42, 41, 51, 44, 46], [49, 48, 55, 50, 53, 54, 56, 52, 57, 58, 59, 60]]
113: [[35, 27, 11, 2, 7, 3, 1, 4, 9, 14, 12, 24], [5, 6, 21, 40, 10, 8, 16, 18, 15, 29, 13, 17], [20, 19, 30, 23, 26, 25, 28, 45, 22, 31, 37, 32], [38, 33, 34, 47, 36, 39, 43, 42, 41, 51, 44, 46], [49, 48, 55, 50, 53, 54, 56, 52, 57, 58, 59, 60]]
114: [[35, 27, 11, 2, 7, 3, 1, 4, 9, 14, 12, 24], [5, 6, 21, 40, 10, 8, 16, 18, 15, 29, 13, 17], [20, 19, 30, 23, 26, 25, 28, 45, 22, 31, 37, 32], [38, 33, 34, 47, 36, 39, 43, 42, 41, 51, 44, 46], [49, 48, 55, 50, 53, 54, 56, 52, 57, 58, 59, 60]]
115: [[35, 27, 11, 2, 7, 3, 1, 4, 9, 14, 12, 24], [5, 6, 21, 40, 10, 8, 16, 18, 15, 29, 13, 17], [20, 19, 30, 23, 26, 25, 28, 45, 22, 31, 37, 32], [38, 33, 34, 47, 36, 39, 43, 42, 41, 51, 44, 46], [49, 48, 55, 50, 53, 54, 56, 52, 57, 58, 59, 60]]
116: [[35, 27, 11, 2, 7, 3, 1, 4, 9, 14, 12, 24], [5, 6, 21, 40, 10, 8, 16, 18, 15, 29, 13, 17], [20, 19, 30, 23, 26, 25, 28, 45, 22, 31, 37, 32], [38, 33, 34, 47, 36, 39, 43, 42, 41, 51, 44, 46], [49, 48, 55, 50, 53, 54, 56, 52, 57, 58, 59, 60]]
117: [[35, 27, 11, 2, 7, 3, 1, 4, 9, 14, 12, 24], [5, 6, 21, 40, 10, 8, 16, 18, 15, 29, 13, 17], [20, 19, 30, 23, 26, 25, 28, 45, 22, 31, 37, 32], [38, 33, 34, 47, 36, 39, 43, 42, 41, 51, 44, 46], [49, 48, 55, 50, 53, 54, 56, 52, 57, 58, 59, 60]]
118: [[35, 27, 11, 2, 7, 3, 1, 4, 9, 14, 12, 24], [5, 6, 21, 40, 10, 8, 16, 18, 15, 29, 13, 17], [20, 19, 30, 23, 26, 25, 28, 45, 22, 31, 37, 32], [38, 33, 34, 47, 36, 39, 43, 42, 41, 51, 44, 46], [49, 48, 55, 50, 53, 54, 56, 52, 57, 58, 59, 60]]
119: [[35, 27, 11, 2, 7, 3, 1, 4, 9, 14, 12, 24], [5, 6, 21, 40, 10, 8, 16, 18, 15, 29, 13, 17], [20, 19, 30, 23, 26, 25, 28, 45, 22, 31, 37, 32], [38, 33, 34, 47, 36, 39, 43, 42, 41, 51, 44, 46], [49, 48, 55, 50, 53, 54, 56, 52, 57, 58, 59, 60]]
