0: [[28, 38, 37, 53, 18, 10, 40, 52, 29, 15, 9, 31, 16, 24, 55], [34, 25, 11, 43, 45, 1, 7, 33, 49, 57, 22, 2, 6, 14, 35], [44, 41, 12, 56, 3, 46, 23, 51, 19, 4, 27, 20, 47, 32, 30], [5, 13, 48, 8, 36, 50, 17, 39, 26, 42, 21, 54, 58, 60, 59]]
1: [[28, 38, 37, 53, 18, 10, 40, 52, 29, 15, 9, 31, 16, 24, 55], [34, 25, 11, 43, 45, 1, 7, 33, 49, 57, 22, 2, 6, 14, 35], [44, 41, 12, 56, 3, 46, 23, 51, 19, 4, 27, 20, 47, 32, 30], [5, 13, 48, 8, 36, 50, 17, 39, 26, 42, 21, 54, 58, 60, 59]]
2: [[28, 38, 37, 53, 18, 10, 40, 52, 29, 15, 9, 31, 16, 24, 55], [34, 25, 11, 43, 45, 1, 7, 33, 49, 57, 22, 2, 6, 14, 35], [44, 41, 12, 56, 3, 46, 23, 51, 19, 4, 27, 20, 47, 32, 30], [5, 13, 48, 8, 36, 50, 17, 39, 26, 42, 21, 54, 58, 60, 59]]
3: [[28, 38, 37, 53, 18, 10, 40, 52, 29, 15, 9, 31, 16, 24, 55], [34, 25, 11, 43, 45, 1, 7, 33, 49, 57, 22, 2, 6, 14, 35], [44, 41, 12, 56, 3, 46, 23, 51, 19, 4, 27, 20, 47, 32, 30], [5, 13, 48, 8, 36, 50, 17, 39, 26, 42, 21, 54, 58, 60, 59]]
4: [[28, 38, 37, 53, 18, 10, 40, 52, 29, 15, 9, 31, 16, 24, 55], [34, 25, 11, 43, 45, 1, 7, 33, 49, 57, 22, 2, 6, 14, 35], [44, 41, 12, 56, 3, 46, 23, 51, 19, 4, 27, 20, 47, 32, 30], [5, 13, 48, 8, 36, 50, 17, 39, 26, 42, 21, 54, 58, 60, 59]]
5: [[28, 38, 37, 53, 18, 10, 40, 52, 29, 15, 9, 31, 16, 24, 55], [34, 25, 11, 43, 45, 1, 7, 33, 49, 57, 22, 2, 6, 14, 35], [44, 41, 12, 56, 3, 46, 23, 51, 19, 4, 27, 20, 47, 32, 30], [5, 13, 48, 8, 36, 50, 17, 39, 26, 42, 21, 54, 58, 60, 59]]
6: [[28, 38, 37, 53, 18, 10, 40, 52, 29, 15, 9, 31, 16, 24, 55], [34, 25, 11, 43, 45, 1, 7, 33, 49, 57, 22, 2, 6, 14, 35], [44, 41, 12, 56, 3, 46, 23, 51, 19, 4, 27, 20, 47, 32, 30], [5, 13, 48, 8, 36, 50, 17, 39, 26, 42, 21, 54, 58, 60, 59]]
7: [[28, 38, 37, 53, 18, 10, 40, 52, 29, 15, 9, 31, 16, 24, 55], [34, 25, 11, 43, 45, 1, 7, 33, 49, 57, 22, 2, 6, 14, 35], [44, 41, 12, 56, 3, 46, 23, 51, 19, 4, 27, 20, 47, 32, 30], [5, 13, 48, 8, 36, 50, 17, 39, 26, 42, 21, 54, 58, 60, 59]]
8: [[28, 38, 37, 53, 18, 10, 40, 52, 29, 15, 9, 31, 16, 24, 55], [34, 25, 11, 43, 45, 1, 7, 33, 49, 57, 22, 2, 6, 14, 35], [44, 41, 12, 56, 3, 46, 23, 51, 19, 4, 27, 20, 47, 32, 30], [5, 13, 48, 8, 36, 50, 17, 39, 26, 42, 21, 54, 58, 60, 59]]
9: [[28, 38, 37, 53, 18, 10, 40, 52, 29, 15, 9, 31, 16, 24, 55], [34, 25, 11, 43, 45, 1, 7, 33, 49, 57, 22, 2, 6, 14, 35], [44, 41, 12, 56, 3, 46, 23, 51, 19, 4, 27, 20, 47, 32, 30], [5, 13, 48, 8, 36, 50, 17, 39, 26, 42, 21, 54, 58, 60, 59]]
10: [[28, 38, 37, 53, 18, 10, 40, 52, 29, 15, 9, 31, 16, 24, 55], [34, 25, 11, 43, 45, 1, 7, 33, 49, 57, 22, 2, 6, 14, 35], [44, 41, 12, 56, 3, 46, 23, 51, 19, 4, 27, 20, 47, 32, 30], [5, 13, 48, 8, 36, 50, 17, 39, 26, 42, 21, 54, 58, 60, 59]]
11: [[28, 38, 37, 53, 18, 10, 40, 52, 29, 15, 9, 31, 16, 24, 55], [34, 25, 11, 43, 45, 1, 7, 33, 49, 57, 22, 2, 6, 14, 35], [44, 41, 12, 56, 3, 46, 23, 51, 19, 4, 27, 20, 47, 32, 30], [5, 13, 48, 8, 36, 50, 17, 39, 26, 42, 21, 54, 58, 60, 59]]
12: [[28, 38, 37, 53, 18, 10, 40, 52, 29, 15, 9, 31, 16, 24, 55], [34, 25, 11, 43, 45, 1, 7, 33, 49, 57, 22, 2, 6, 14, 35], [44, 41, 12, 56, 3, 46, 23, 51, 19, 4, 27, 20, 47, 32, 30], [5, 13, 48, 8, 36, 50, 17, 39, 26, 42, 21, 54, 58, 60, 59]]
13: [[28, 38, 37, 53, 18, 10, 40, 52, 29, 15, 9, 31, 16, 24, 55], [34, 25, 11, 43, 45, 1, 7, 33, 49, 57, 22, 2, 6, 14, 35], [44, 41, 12, 56, 3, 46, 23, 51, 19, 4, 27, 20, 47, 32, 30], [5, 13, 48, 8, 36, 50, 17, 39, 26, 42, 21, 54, 58, 60, 59]]
14: [[28, 38, 37, 53, 18, 10, 40, 52, 29, 15, 9, 31, 16, 24, 55], [34, 25, 11, 43, 45, 1, 7, 33, 49, 57, 22, 2, 6, 14, 35], [44, 41, 12, 56, 3, 46, 23, 51, 19, 4, 27, 20, 47, 32, 30], [5, 13, 48, 8, 36, 50, 17, 39, 26, 42, 21, 54, 58, 60, 59]]
15: [[28, 38, 37, 53, 18, 10, 40, 52, 29, 15, 9, 31, 16, 24, 55], [34, 25, 11, 43, 45, 1, 7, 33, 49, 57, 22, 2, 6, 14, 35], [44, 41, 12, 56, 3, 46, 23, 51, 19, 4, 27, 20, 47, 32, 30], [5, 13, 48, 8, 36, 50, 17, 39, 26, 42, 21, 54, 58, 60, 59]]
16: [[28, 38, 37, 53, 18, 10, 40, 52, 29, 15, 9, 31, 16, 24, 55], [34, 25, 11, 43, 45, 1, 7, 33, 49, 57, 22, 2, 6, 14, 35], [44, 41, 12, 56, 3, 46, 23, 51, 19, 4, 27, 20, 47, 32, 30], [5, 13, 48, 8, 36, 50, 17, 39, 26, 42, 21, 54, 58, 60, 59]]
17: [[28, 38, 37, 53, 18, 10, 40, 52, 29, 15, 9, 31, 16, 24, 55], [34, 25, 11, 43, 45, 1, 7, 33, 49, 57, 22, 2, 6, 14, 35], [44, 41, 12, 56, 3, 46, 23, 51, 19, 4, 27, 20, 47, 32, 30], [5, 13, 48, 8, 36, 50, 17, 39, 26, 42, 21, 54, 58, 60, 59]]
18: [[28, 38, 37, 53, 18, 10, 40, 52, 29, 15, 9, 31, 16, 24, 55], [34, 25, 11, 43, 45, 1, 7, 33, 49, 57, 22, 2, 6, 14, 35], [44, 41, 12, 56, 3, 46, 23, 51, 19, 4, 27, 20, 47, 32, 30], [5, 13, 48, 8, 36, 50, 17, 39, 26, 42, 21, 54, 58, 60, 59]]
19: [[28, 38, 37, 53, 18, 10, 40, 52, 29, 15, 9, 31, 16, 24, 55], [34, 25, 11, 43, 45, 1, 7, 33, 49, 57, 22, 2, 6, 14, 35], [44, 41, 12, 56, 3, 46, 23, 51, 19, 4, 27, 20, 47, 32, 30], [5, 13, 48, 8, 36, 50, 17, 39, 26, 42, 21, 54, 58, 60, 59]]
20: [[28, 38, 37, 53, 18, 10, 40, 52, 29, 15, 9, 31, 16, 24, 55], [34, 25, 11, 43, 45, 1, 7, 33, 49, 57, 22, 2, 6, 14, 35], [44, 41, 12, 56, 3, 46, 23, 51, 19, 4, 27, 20, 47, 32, 30], [5, 13, 48, 8, 36, 50, 17, 39, 26, 42, 21, 54, 58, 60, 59]]
21: [[28, 38, 37, 53, 18, 10, 40, 52, 29, 15, 9, 31, 16, 24, 55], [34, 25, 11, 43, 45, 1, 7, 33, 49, 57, 22, 2, 6, 14, 35], [44, 41, 12, 56, 3, 46, 23, 51, 19, 4, 27, 20, 47, 32, 30], [5, 13, 48, 8, 36, 50, 17, 39, 26, 42, 21, 54, 58, 60, 59]]
22: [[28, 38, 37, 53, 18, 10, 40, 52, 29, 15, 9, 31, 16, 24, 55], [34, 25, 11, 43, 45, 1, 7, 33, 49, 57, 22, 2, 6, 14, 35], [44, 41, 12, 56, 3, 46, 23, 51, 19, 4, 27, 20, 47, 32, 30], [5, 13, 48, 8, 36, 50, 17, 39, 26, 42, 21, 54, 58, 60, 59]]
23: [[28, 38, 37, 53, 18, 10, 40, 52, 29, 15, 9, 31, 16, 24, 55], [34, 25, 11, 43, 45, 1, 7, 33, 49, 57, 22, 2, 6, 14, 35], [44, 41, 12, 56, 3, 46, 23, 51, 19, 4, 27, 20, 47, 32, 30], [5, 13, 48, 8, 36, 50, 17, 39, 26, 42, 21, 54, 58, 60, 59]]
24: [[28, 38, 37, 53, 18, 10, 40, 52, 29, 15, 9, 31, 16, 24, 55], [34, 25, 11, 43, 45, 1, 7, 33, 49, 57, 22, 2, 6, 14, 35], [44, 41, 12, 56, 3, 46, 23, 51, 19, 4, 27, 20, 47, 32, 30], [5, 13, 48, 8, 36, 50, 17, 39, 26, 42, 21, 54, 58, 60, 59]]
25: [[28, 38, 37, 53, 18, 10, 40, 52, 29, 15, 9, 31, 16, 24, 55], [34, 25, 11, 43, 45, 1, 7, 33, 49, 57, 22, 2, 6, 14, 35], [44, 41, 12, 56, 3, 46, 23, 51, 19, 4, 27, 20, 47, 32, 30], [5, 13, 48, 8, 36, 50, 17, 39, 26, 42, 21, 54, 58, 60, 59]]
26: [[28, 38, 37, 53, 18, 10, 40, 52, 29, 15, 9, 31, 16, 24, 55], [34, 25, 11, 43, 45, 1, 7, 33, 49, 57, 22, 2, 6, 14, 35], [44, 41, 12, 56, 3, 46, 23, 51, 19, 4, 27, 20, 47, 32, 30], [5, 13, 48, 8, 36, 50, 17, 39, 26, 42, 21, 54, 58, 60, 59]]
27: [[28, 38, 37, 53, 18, 10, 40, 52, 29, 15, 9, 31, 16, 24, 55], [34, 25, 11, 43, 45, 1, 7, 33, 49, 57, 22, 2, 6, 14, 35], [44, 41, 12, 56, 3, 46, 23, 51, 19, 4, 27, 20, 47, 32, 30], [5, 13, 48, 8, 36, 50, 17, 39, 26, 42, 21, 54, 58, 60, 59]]
28: [[28, 38, 37, 53, 18, 10, 40, 52, 29, 15, 9, 31, 16, 24, 55], [34, 25, 11, 43, 45, 1, 7, 33, 49, 57, 22, 2, 6, 14, 35], [44, 41, 12, 56, 3, 46, 23, 51, 19, 4, 27, 20, 47, 32, 30], [5, 13, 48, 8, 36, 50, 17, 39, 26, 42, 21, 54, 58, 60, 59]]
29: [[28, 38, 37, 53, 18, 10, 40, 52, 29, 15, 9, 31, 16, 24, 55], [34, 25, 11, 43, 45, 1, 7, 33, 49, 57, 22, 2, 6, 14, 35], [44, 41, 12, 56, 3, 46, 23, 51, 19, 4, 27, 20, 47, 32, 30], [5, 13, 48, 8, 36, 50, 17, 39, 26, 42, 21, 54, 58, 60, 59]]
30: [[28, 38, 37, 53, 18, 10, 40, 52, 29, 15, 9, 31, 16, 24, 55], [34, 25, 11, 43, 45, 1, 7, 33, 49, 57, 22, 2, 6, 14, 35], [44, 41, 12, 56, 3, 46, 23, 51, 19, 4, 27, 20, 47, 32, 30], [5, 13, 48, 8, 36, 50, 17, 39, 26, 42, 21, 54, 58, 60, 59]]
31: [[28, 38, 37, 53, 18, 10, 40, 52, 29, 15, 9, 31, 16, 24, 55], [34, 25, 11, 43, 45, 1, 7, 33, 49, 57, 22, 2, 6, 14, 35], [44, 41, 12, 56, 3, 46, 23, 51, 19, 4, 27, 20, 47, 32, 30], [5, 13, 48, 8, 36, 50, 17, 39, 26, 42, 21, 54, 58, 60, 59]]
32: [[28, 38, 37, 53, 18, 10, 40, 52, 29, 15, 9, 31, 16, 24, 55], [34, 25, 11, 43, 45, 1, 7, 33, 49, 57, 22, 2, 6, 14, 35], [44, 41, 12, 56, 3, 46, 23, 51, 19, 4, 27, 20, 47, 32, 30], [5, 13, 48, 8, 36, 50, 17, 39, 26, 42, 21, 54, 58, 60, 59]]
33: [[28, 38, 37, 53, 18, 10, 40, 52, 29, 15, 9, 31, 16, 24, 55], [34, 25, 11, 43, 45, 1, 7, 33, 49, 57, 22, 2, 6, 14, 35], [44, 41, 12, 56, 3, 46, 23, 51, 19, 4, 27, 20, 47, 32, 30], [5, 13, 48, 8, 36, 50, 17, 39, 26, 42, 21, 54, 58, 60, 59]]
34: [[28, 38, 37, 53, 18, 10, 40, 52, 29, 15, 9, 31, 16, 24, 55], [34, 25, 11, 43, 45, 1, 7, 33, 49, 57, 22, 2, 6, 14, 35], [44, 41, 12, 56, 3, 46, 23, 51, 19, 4, 27, 20, 47, 32, 30], [5, 13, 48, 8, 36, 50, 17, 39, 26, 42, 21, 54, 58, 60, 59]]
35: [[28, 38, 37, 53, 18, 10, 40, 52, 29, 15, 9, 31, 16, 24, 55], [34, 25, 11, 43, 45, 1, 7, 33, 49, 57, 22, 2, 6, 14, 35], [44, 41, 12, 56, 3, 46, 23, 51, 19, 4, 27, 20, 47, 32, 30], [5, 13, 48, 8, 36, 50, 17, 39, 26, 42, 21, 54, 58, 60, 59]]
36: [[28, 38, 37, 53, 18, 10, 40, 52, 29, 15, 9, 31, 16, 24, 55], [34, 25, 11, 43, 45, 1, 7, 33, 49, 57, 22, 2, 6, 14, 35], [44, 41, 12, 56, 3, 46, 23, 51, 19, 4, 27, 20, 47, 32, 30], [5, 13, 48, 8, 36, 50, 17, 39, 26, 42, 21, 54, 58, 60, 59]]
37: [[28, 38, 37, 53, 18, 10, 40, 52, 29, 15, 9, 31, 16, 24, 55], [34, 25, 11, 43, 45, 1, 7, 33, 49, 57, 22, 2, 6, 14, 35], [44, 41, 12, 56, 3, 46, 23, 51, 19, 4, 27, 20, 47, 32, 30], [5, 13, 48, 8, 36, 50, 17, 39, 26, 42, 21, 54, 58, 60, 59]]
38: [[28, 38, 37, 53, 18, 10, 40, 52, 29, 15, 9, 31, 16, 24, 55], [34, 25, 11, 43, 45, 1, 7, 33, 49, 57, 22, 2, 6, 14, 35], [44, 41, 12, 56, 3, 46, 23, 51, 19, 4, 27, 20, 47, 32, 30], [5, 13, 48, 8, 36, 50, 17, 39, 26, 42, 21, 54, 58, 60, 59]]
39: [[28, 38, 37, 53, 18, 10, 40, 52, 29, 15, 9, 31, 16, 24, 55], [34, 25, 11, 43, 45, 1, 7, 33, 49, 57, 22, 2, 6, 14, 35], [44, 41, 12, 56, 3, 46, 23, 51, 19, 4, 27, 20, 47, 32, 30], [5, 13, 48, 8, 36, 50, 17, 39, 26, 42, 21, 54, 58, 60, 59]]
40: [[28, 38, 37, 53, 18, 10, 40, 52, 29, 15, 9, 31, 16, 24, 55], [34, 25, 11, 43, 45, 1, 7, 33, 49, 57, 22, 2, 6, 14, 35], [44, 41, 12, 56, 3, 46, 23, 51, 19, 4, 27, 20, 47, 32, 30], [5, 13, 48, 8, 36, 50, 17, 39, 26, 42, 21, 54, 58, 60, 59]]
41: [[28, 38, 37, 53, 18, 10, 40, 52, 29, 15, 9, 31, 16, 24, 55], [34, 25, 11, 43, 45, 1, 7, 33, 49, 57, 22, 2, 6, 14, 35], [44, 41, 12, 56, 3, 46, 23, 51, 19, 4, 27, 20, 47, 32, 30], [5, 13, 48, 8, 36, 50, 17, 39, 26, 42, 21, 54, 58, 60, 59]]
42: [[28, 38, 37, 53, 18, 10, 40, 52, 29, 15, 9, 31, 16, 24, 55], [34, 25, 11, 43, 45, 1, 7, 33, 49, 57, 22, 2, 6, 14, 35], [44, 41, 12, 56, 3, 46, 23, 51, 19, 4, 27, 20, 47, 32, 30], [5, 13, 48, 8, 36, 50, 17, 39, 26, 42, 21, 54, 58, 60, 59]]
43: [[28, 38, 37, 53, 18, 10, 40, 52, 29, 15, 9, 31, 16, 24, 55], [34, 25, 11, 43, 45, 1, 7, 33, 49, 57, 22, 2, 6, 14, 35], [44, 41, 12, 56, 3, 46, 23, 51, 19, 4, 27, 20, 47, 32, 30], [5, 13, 48, 8, 36, 50, 17, 39, 26, 42, 21, 54, 58, 60, 59]]
44: [[28, 38, 37, 53, 18, 10, 40, 52, 29, 15, 9, 31, 16, 24, 55], [34, 25, 11, 43, 45, 1, 7, 33, 49, 57, 22, 2, 6, 14, 35], [44, 41, 12, 56, 3, 46, 23, 51, 19, 4, 27, 20, 47, 32, 30], [5, 13, 48, 8, 36, 50, 17, 39, 26, 42, 21, 54, 58, 60, 59]]
45: [[28, 38, 37, 53, 18, 10, 40, 52, 29, 15, 9, 31, 16, 24, 55], [34, 25, 11, 43, 45, 1, 7, 33, 49, 57, 22, 2, 6, 14, 35], [44, 41, 12, 56, 3, 46, 23, 51, 19, 4, 27, 20, 47, 32, 30], [5, 13, 48, 8, 36, 50, 17, 39, 26, 42, 21, 54, 58, 60, 59]]
46: [[28, 38, 37, 53, 18, 10, 40, 52, 29, 15, 9, 31, 16, 24, 55], [34, 25, 11, 43, 45, 1, 7, 33, 49, 57, 22, 2, 6, 14, 35], [44, 41, 12, 56, 3, 46, 23, 51, 19, 4, 27, 20, 47, 32, 30], [5, 13, 48, 8, 36, 50, 17, 39, 26, 42, 21, 54, 58, 60, 59]]
47: [[28, 38, 37, 53, 18, 10, 40, 52, 29, 15, 9, 31, 16, 24, 55], [34, 25, 11, 43, 45, 1, 7, 33, 49, 57, 22, 2, 6, 14, 35], [44, 41, 12, 56, 3, 46, 23, 51, 19, 4, 27, 20, 47, 32, 30], [5, 13, 48, 8, 36, 50, 17, 39, 26, 42, 21, 54, 58, 60, 59]]
48: [[28, 38, 37, 53, 18, 10, 40, 52, 29, 15, 9, 31, 16, 24, 55], [34, 25, 11, 43, 45, 1, 7, 33, 49, 57, 22, 2, 6, 14, 35], [44, 41, 12, 56, 3, 46, 23, 51, 19, 4, 27, 20, 47, 32, 30], [5, 13, 48, 8, 36, 50, 17, 39, 26, 42, 21, 54, 58, 60, 59]]
49: [[28, 38, 37, 53, 18, 10, 40, 52, 29, 15, 9, 31, 16, 24, 55], [34, 25, 11, 43, 45, 1, 7, 33, 49, 57, 22, 2, 6, 14, 35], [44, 41, 12, 56, 3, 46, 23, 51, 19, 4, 27, 20, 47, 32, 30], [5, 13, 48, 8, 36, 50, 17, 39, 26, 42, 21, 54, 58, 60, 59]]
50: [[28, 38, 37, 53, 18, 10, 40, 52, 29, 15, 9, 31, 16, 24, 55], [34, 25, 11, 43, 45, 1, 7, 33, 49, 57, 22, 2, 6, 14, 35], [44, 41, 12, 56, 3, 46, 23, 51, 19, 4, 27, 20, 47, 32, 30], [5, 13, 48, 8, 36, 50, 17, 39, 26, 42, 21, 54, 58, 60, 59]]
51: [[28, 38, 37, 53, 18, 10, 40, 52, 29, 15, 9, 31, 16, 24, 55], [34, 25, 11, 43, 45, 1, 7, 33, 49, 57, 22, 2, 6, 14, 35], [44, 41, 12, 56, 3, 46, 23, 51, 19, 4, 27, 20, 47, 32, 30], [5, 13, 48, 8, 36, 50, 17, 39, 26, 42, 21, 54, 58, 60, 59]]
52: [[28, 38, 37, 53, 18, 10, 40, 52, 29, 15, 9, 31, 16, 24, 55], [34, 25, 11, 43, 45, 1, 7, 33, 49, 57, 22, 2, 6, 14, 35], [44, 41, 12, 56, 3, 46, 23, 51, 19, 4, 27, 20, 47, 32, 30], [5, 13, 48, 8, 36, 50, 17, 39, 26, 42, 21, 54, 58, 60, 59]]
53: [[28, 38, 37, 53, 18, 10, 40, 52, 29, 15, 9, 31, 16, 24, 55], [34, 25, 11, 43, 45, 1, 7, 33, 49, 57, 22, 2, 6, 14, 35], [44, 41, 12, 56, 3, 46, 23, 51, 19, 4, 27, 20, 47, 32, 30], [5, 13, 48, 8, 36, 50, 17, 39, 26, 42, 21, 54, 58, 60, 59]]
54: [[28, 38, 37, 53, 18, 10, 40, 52, 29, 15, 9, 31, 16, 24, 55], [34, 25, 11, 43, 45, 1, 7, 33, 49, 57, 22, 2, 6, 14, 35], [44, 41, 12, 56, 3, 46, 23, 51, 19, 4, 27, 20, 47, 32, 30], [5, 13, 48, 8, 36, 50, 17, 39, 26, 42, 21, 54, 58, 60, 59]]
55: [[28, 38, 37, 53, 18, 10, 40, 52, 29, 15, 9, 31, 16, 24, 55], [34, 25, 11, 43, 45, 1, 7, 33, 49, 57, 22, 2, 6, 14, 35], [44, 41, 12, 56, 3, 46, 23, 51, 19, 4, 27, 20, 47, 32, 30], [5, 13, 48, 8, 36, 50, 17, 39, 26, 42, 21, 54, 58, 60, 59]]
56: [[28, 38, 37, 53, 18, 10, 40, 52, 29, 15, 9, 31, 16, 24, 55], [34, 25, 11, 43, 45, 1, 7, 33, 49, 57, 22, 2, 6, 14, 35], [44, 41, 12, 56, 3, 46, 23, 51, 19, 4, 27, 20, 47, 32, 30], [5, 13, 48, 8, 36, 50, 17, 39, 26, 42, 21, 54, 58, 60, 59]]
57: [[28, 38, 37, 53, 18, 10, 40, 52, 29, 15, 9, 31, 16, 24, 55], [34, 25, 11, 43, 45, 1, 7, 33, 49, 57, 22, 2, 6, 14, 35], [44, 41, 12, 56, 3, 46, 23, 51, 19, 4, 27, 20, 47, 32, 30], [5, 13, 48, 8, 36, 50, 17, 39, 26, 42, 21, 54, 58, 60, 59]]
58: [[28, 38, 37, 53, 18, 10, 40, 52, 29, 15, 9, 31, 16, 24, 55], [34, 25, 11, 43, 45, 1, 7, 33, 49, 57, 22, 2, 6, 14, 35], [44, 41, 12, 56, 3, 46, 23, 51, 19, 4, 27, 20, 47, 32, 30], [5, 13, 48, 8, 36, 50, 17, 39, 26, 42, 21, 54, 58, 60, 59]]
59: [[28, 38, 37, 53, 18, 10, 40, 52, 29, 15, 9, 31, 16, 24, 55], [34, 25, 11, 43, 45, 1, 7, 33, 49, 57, 22, 2, 6, 14, 35], [44, 41, 12, 56, 3, 46, 23, 51, 19, 4, 27, 20, 47, 32, 30], [5, 13, 48, 8, 36, 50, 17, 39, 26, 42, 21, 54, 58, 60, 59]]
60: [[28, 38, 37, 53, 18, 10, 40, 52, 29, 15, 9, 31, 16, 24, 55], [34, 25, 11, 43, 45, 1, 7, 33, 49, 57, 22, 2, 6, 14, 35], [44, 41, 12, 56, 3, 46, 23, 51, 19, 4, 27, 20, 47, 32, 30], [5, 13, 48, 8, 36, 50, 17, 39, 26, 42, 21, 54, 58, 60, 59]]
61: [[28, 38, 37, 53, 18, 10, 40, 52, 29, 15, 9, 31, 16, 24, 55], [34, 25, 11, 43, 45, 1, 7, 33, 49, 57, 22, 2, 6, 14, 35], [44, 41, 12, 56, 3, 46, 23, 51, 19, 4, 27, 20, 47, 32, 30], [5, 13, 48, 8, 36, 50, 17, 39, 26, 42, 21, 54, 58, 60, 59]]
62: [[28, 38, 37, 53, 18, 10, 40, 52, 29, 15, 9, 31, 16, 24, 55], [34, 25, 11, 43, 45, 1, 7, 33, 49, 57, 22, 2, 6, 14, 35], [44, 41, 12, 56, 3, 46, 23, 51, 19, 4, 27, 20, 47, 32, 30], [5, 13, 48, 8, 36, 50, 17, 39, 26, 42, 21, 54, 58, 60, 59]]
63: [[28, 38, 37, 53, 18, 10, 40, 52, 29, 15, 9, 31, 16, 24, 55], [34, 25, 11, 43, 45, 1, 7, 33, 49, 57, 22, 2, 6, 14, 35], [44, 41, 12, 56, 3, 46, 23, 51, 19, 4, 27, 20, 47, 32, 30], [5, 13, 48, 8, 36, 50, 17, 39, 26, 42, 21, 54, 58, 60, 59]]
64: [[28, 38, 37, 53, 18, 10, 40, 52, 29, 15, 9, 31, 16, 24, 55], [34, 25, 11, 43, 45, 1, 7, 33, 49, 57, 22, 2, 6, 14, 35], [44, 41, 12, 56, 3, 46, 23, 51, 19, 4, 27, 20, 47, 32, 30], [5, 13, 48, 8, 36, 50, 17, 39, 26, 42, 21, 54, 58, 60, 59]]
65: [[28, 38, 37, 53, 18, 10, 40, 52, 29, 15, 9, 31, 16, 24, 55], [34, 25, 11, 43, 45, 1, 7, 33, 49, 57, 22, 2, 6, 14, 35], [44, 41, 12, 56, 3, 46, 23, 51, 19, 4, 27, 20, 47, 32, 30], [5, 13, 48, 8, 36, 50, 17, 39, 26, 42, 21, 54, 58, 60, 59]]
66: [[28, 38, 37, 53, 18, 10, 40, 52, 29, 15, 9, 31, 16, 24, 55], [34, 25, 11, 43, 45, 1, 7, 33, 49, 57, 22, 2, 6, 14, 35], [44, 41, 12, 56, 3, 46, 23, 51, 19, 4, 27, 20, 47, 32, 30], [5, 13, 48, 8, 36, 50, 17, 39, 26, 42, 21, 54, 58, 60, 59]]
67: [[28, 38, 37, 53, 18, 10, 40, 52, 29, 15, 9, 31, 16, 24, 55], [34, 25, 11, 43, 45, 1, 7, 33, 49, 57, 22, 2, 6, 14, 35], [44, 41, 12, 56, 3, 46, 23, 51, 19, 4, 27, 20, 47, 32, 30], [5, 13, 48, 8, 36, 50, 17, 39, 26, 42, 21, 54, 58, 60, 59]]
68: [[28, 38, 37, 53, 18, 10, 40, 52, 29, 15, 9, 31, 16, 24, 55], [34, 25, 11, 43, 45, 1, 7, 33, 49, 57, 22, 2, 6, 14, 35], [44, 41, 12, 56, 3, 46, 23, 51, 19, 4, 27, 20, 47, 32, 30], [5, 13, 48, 8, 36, 50, 17, 39, 26, 42, 21, 54, 58, 60, 59]]
69: [[28, 38, 37, 53, 18, 10, 40, 52, 29, 15, 9, 31, 16, 24, 55], [34, 25, 11, 43, 45, 1, 7, 33, 49, 57, 22, 2, 6, 14, 35], [44, 41, 12, 56, 3, 46, 23, 51, 19, 4, 27, 20, 47, 32, 30], [5, 13, 48, 8, 36, 50, 17, 39, 26, 42, 21, 54, 58, 60, 59]]
70: [[28, 38, 37, 53, 18, 10, 40, 52, 29, 15, 9, 31, 16, 24, 55], [34, 25, 11, 43, 45, 1, 7, 33, 49, 57, 22, 2, 6, 14, 35], [44, 41, 12, 56, 3, 46, 23, 51, 19, 4, 27, 20, 47, 32, 30], [5, 13, 48, 8, 36, 50, 17, 39, 26, 42, 21, 54, 58, 60, 59]]
71: [[28, 38, 37, 53, 18, 10, 40, 52, 29, 15, 9, 31, 16, 24, 55], [34, 25, 11, 43, 45, 1, 7, 33, 49, 57, 22, 2, 6, 14, 35], [44, 41, 12, 56, 3, 46, 23, 51, 19, 4, 27, 20, 47, 32, 30], [5, 13, 48, 8, 36, 50, 17, 39, 26, 42, 21, 54, 58, 60, 59]]
72: [[28, 38, 37, 53, 18, 10, 40, 52, 29, 15, 9, 31, 16, 24, 55], [34, 25, 11, 43, 45, 1, 7, 33, 49, 57, 22, 2, 6, 14, 35], [44, 41, 12, 56, 3, 46, 23, 51, 19, 4, 27, 20, 47, 32, 30], [5, 13, 48, 8, 36, 50, 17, 39, 26, 42, 21, 54, 58, 60, 59]]
73: [[28, 38, 37, 53, 18, 10, 40, 52, 29, 15, 9, 31, 16, 24, 55], [34, 25, 11, 43, 45, 1, 7, 33, 49, 57, 22, 2, 6, 14, 35], [44, 41, 12, 56, 3, 46, 23, 51, 19, 4, 27, 20, 47, 32, 30], [5, 13, 48, 8, 36, 50, 17, 39, 26, 42, 21, 54, 58, 60, 59]]
74: [[28, 38, 37, 53, 18, 10, 40, 52, 29, 15, 9, 31, 16, 24, 55], [34, 25, 11, 43, 45, 1, 7, 33, 49, 57, 22, 2, 6, 14, 35], [44, 41, 12, 56, 3, 46, 23, 51, 19, 4, 27, 20, 47, 32, 30], [5, 13, 48, 8, 36, 50, 17, 39, 26, 42, 21, 54, 58, 60, 59]]
75: [[28, 38, 37, 53, 18, 10, 40, 52, 29, 15, 9, 31, 16, 24, 55], [34, 25, 11, 43, 45, 1, 7, 33, 49, 57, 22, 2, 6, 14, 35], [44, 41, 12, 56, 3, 46, 23, 51, 19, 4, 27, 20, 47, 32, 30], [5, 13, 48, 8, 36, 50, 17, 39, 26, 42, 21, 54, 58, 60, 59]]
76: [[28, 38, 37, 53, 18, 10, 40, 52, 29, 15, 9, 31, 16, 24, 55], [34, 25, 11, 43, 45, 1, 7, 33, 49, 57, 22, 2, 6, 14, 35], [44, 41, 12, 56, 3, 46, 23, 51, 19, 4, 27, 20, 47, 32, 30], [5, 13, 48, 8, 36, 50, 17, 39, 26, 42, 21, 54, 58, 60, 59]]
77: [[28, 38, 37, 53, 18, 10, 40, 52, 29, 15, 9, 31, 16, 24, 55], [34, 25, 11, 43, 45, 1, 7, 33, 49, 57, 22, 2, 6, 14, 35], [44, 41, 12, 56, 3, 46, 23, 51, 19, 4, 27, 20, 47, 32, 30], [5, 13, 48, 8, 36, 50, 17, 39, 26, 42, 21, 54, 58, 60, 59]]
78: [[28, 38, 37, 53, 18, 10, 40, 52, 29, 15, 9, 31, 16, 24, 55], [34, 25, 11, 43, 45, 1, 7, 33, 49, 57, 22, 2, 6, 14, 35], [44, 41, 12, 56, 3, 46, 23, 51, 19, 4, 27, 20, 47, 32, 30], [5, 13, 48, 8, 36, 50, 17, 39, 26, 42, 21, 54, 58, 60, 59]]
79: [[28, 38, 37, 53, 18, 10, 40, 52, 29, 15, 9, 31, 16, 24, 55], [34, 25, 11, 43, 45, 1, 7, 33, 49, 57, 22, 2, 6, 14, 35], [44, 41, 12, 56, 3, 46, 23, 51, 19, 4, 27, 20, 47, 32, 30], [5, 13, 48, 8, 36, 50, 17, 39, 26, 42, 21, 54, 58, 60, 59]]
80: [[28, 38, 37, 53, 18, 10, 40, 52, 29, 15, 9, 31, 16, 24, 55], [34, 25, 11, 43, 45, 1, 7, 33, 49, 57, 22, 2, 6, 14, 35], [44, 41, 12, 56, 3, 46, 23, 51, 19, 4, 27, 20, 47, 32, 30], [5, 13, 48, 8, 36, 50, 17, 39, 26, 42, 21, 54, 58, 60, 59]]
81: [[28, 38, 37, 53, 18, 10, 40, 52, 29, 15, 9, 31, 16, 24, 55], [34, 25, 11, 43, 45, 1, 7, 33, 49, 57, 22, 2, 6, 14, 35], [44, 41, 12, 56, 3, 46, 23, 51, 19, 4, 27, 20, 47, 32, 30], [5, 13, 48, 8, 36, 50, 17, 39, 26, 42, 21, 54, 58, 60, 59]]
82: [[28, 38, 37, 53, 18, 10, 40, 52, 29, 15, 9, 31, 16, 24, 55], [34, 25, 11, 43, 45, 1, 7, 33, 49, 57, 22, 2, 6, 14, 35], [44, 41, 12, 56, 3, 46, 23, 51, 19, 4, 27, 20, 47, 32, 30], [5, 13, 48, 8, 36, 50, 17, 39, 26, 42, 21, 54, 58, 60, 59]]
83: [[28, 38, 37, 53, 18, 10, 40, 52, 29, 15, 9, 31, 16, 24, 55], [34, 25, 11, 43, 45, 1, 7, 33, 49, 57, 22, 2, 6, 14, 35], [44, 41, 12, 56, 3, 46, 23, 51, 19, 4, 27, 20, 47, 32, 30], [5, 13, 48, 8, 36, 50, 17, 39, 26, 42, 21, 54, 58, 60, 59]]
84: [[28, 38, 37, 53, 18, 10, 40, 52, 29, 15, 9, 31, 16, 24, 55], [34, 25, 11, 43, 45, 1, 7, 33, 49, 57, 22, 2, 6, 14, 35], [44, 41, 12, 56, 3, 46, 23, 51, 19, 4, 27, 20, 47, 32, 30], [5, 13, 48, 8, 36, 50, 17, 39, 26, 42, 21, 54, 58, 60, 59]]
85: [[28, 38, 37, 53, 18, 10, 40, 52, 29, 15, 9, 31, 16, 24, 55], [34, 25, 11, 43, 45, 1, 7, 33, 49, 57, 22, 2, 6, 14, 35], [44, 41, 12, 56, 3, 46, 23, 51, 19, 4, 27, 20, 47, 32, 30], [5, 13, 48, 8, 36, 50, 17, 39, 26, 42, 21, 54, 58, 60, 59]]
86: [[28, 38, 37, 53, 18, 10, 40, 52, 29, 15, 9, 31, 16, 24, 55], [34, 25, 11, 43, 45, 1, 7, 33, 49, 57, 22, 2, 6, 14, 35], [44, 41, 12, 56, 3, 46, 23, 51, 19, 4, 27, 20, 47, 32, 30], [5, 13, 48, 8, 36, 50, 17, 39, 26, 42, 21, 54, 58, 60, 59]]
87: [[28, 38, 37, 53, 18, 10, 40, 52, 29, 15, 9, 31, 16, 24, 55], [34, 25, 11, 43, 45, 1, 7, 33, 49, 57, 22, 2, 6, 14, 35], [44, 41, 12, 56, 3, 46, 23, 51, 19, 4, 27, 20, 47, 32, 30], [5, 13, 48, 8, 36, 50, 17, 39, 26, 42, 21, 54, 58, 60, 59]]
88: [[28, 38, 37, 53, 18, 10, 40, 52, 29, 15, 9, 31, 16, 24, 55], [34, 25, 11, 43, 45, 1, 7, 33, 49, 57, 22, 2, 6, 14, 35], [44, 41, 12, 56, 3, 46, 23, 51, 19, 4, 27, 20, 47, 32, 30], [5, 13, 48, 8, 36, 50, 17, 39, 26, 42, 21, 54, 58, 60, 59]]
89: [[28, 38, 37, 53, 18, 10, 40, 52, 29, 15, 9, 31, 16, 24, 55], [34, 25, 11, 43, 45, 1, 7, 33, 49, 57, 22, 2, 6, 14, 35], [44, 41, 12, 56, 3, 46, 23, 51, 19, 4, 27, 20, 47, 32, 30], [5, 13, 48, 8, 36, 50, 17, 39, 26, 42, 21, 54, 58, 60, 59]]
90: [[28, 38, 37, 53, 18, 10, 40, 52, 29, 15, 9, 31, 16, 24, 55], [34, 25, 11, 43, 45, 1, 7, 33, 49, 57, 22, 2, 6, 14, 35], [44, 41, 12, 56, 3, 46, 23, 51, 19, 4, 27, 20, 47, 32, 30], [5, 13, 48, 8, 36, 50, 17, 39, 26, 42, 21, 54, 58, 60, 59]]
91: [[28, 38, 37, 53, 18, 10, 40, 52, 29, 15, 9, 31, 16, 24, 55], [34, 25, 11, 43, 45, 1, 7, 33, 49, 57, 22, 2, 6, 14, 35], [44, 41, 12, 56, 3, 46, 23, 51, 19, 4, 27, 20, 47, 32, 30], [5, 13, 48, 8, 36, 50, 17, 39, 26, 42, 21, 54, 58, 60, 59]]
92: [[28, 38, 37, 53, 18, 10, 40, 52, 29, 15, 9, 31, 16, 24, 55], [34, 25, 11, 43, 45, 1, 7, 33, 49, 57, 22, 2, 6, 14, 35], [44, 41, 12, 56, 3, 46, 23, 51, 19, 4, 27, 20, 47, 32, 30], [5, 13, 48, 8, 36, 50, 17, 39, 26, 42, 21, 54, 58, 60, 59]]
93: [[28, 38, 37, 53, 18, 10, 40, 52, 29, 15, 9, 31, 16, 24, 55], [34, 25, 11, 43, 45, 1, 7, 33, 49, 57, 22, 2, 6, 14, 35], [44, 41, 12, 56, 3, 46, 23, 51, 19, 4, 27, 20, 47, 32, 30], [5, 13, 48, 8, 36, 50, 17, 39, 26, 42, 21, 54, 58, 60, 59]]
94: [[28, 38, 37, 53, 18, 10, 40, 52, 29, 15, 9, 31, 16, 24, 55], [34, 25, 11, 43, 45, 1, 7, 33, 49, 57, 22, 2, 6, 14, 35], [44, 41, 12, 56, 3, 46, 23, 51, 19, 4, 27, 20, 47, 32, 30], [5, 13, 48, 8, 36, 50, 17, 39, 26, 42, 21, 54, 58, 60, 59]]
95: [[28, 38, 37, 53, 18, 10, 40, 52, 29, 15, 9, 31, 16, 24, 55], [34, 25, 11, 43, 45, 1, 7, 33, 49, 57, 22, 2, 6, 14, 35], [44, 41, 12, 56, 3, 46, 23, 51, 19, 4, 27, 20, 47, 32, 30], [5, 13, 48, 8, 36, 50, 17, 39, 26, 42, 21, 54, 58, 60, 59]]
96: [[28, 38, 37, 53, 18, 10, 40, 52, 29, 15, 9, 31, 16, 24, 55], [34, 25, 11, 43, 45, 1, 7, 33, 49, 57, 22, 2, 6, 14, 35], [44, 41, 12, 56, 3, 46, 23, 51, 19, 4, 27, 20, 47, 32, 30], [5, 13, 48, 8, 36, 50, 17, 39, 26, 42, 21, 54, 58, 60, 59]]
97: [[28, 38, 37, 53, 18, 10, 40, 52, 29, 15, 9, 31, 16, 24, 55], [34, 25, 11, 43, 45, 1, 7, 33, 49, 57, 22, 2, 6, 14, 35], [44, 41, 12, 56, 3, 46, 23, 51, 19, 4, 27, 20, 47, 32, 30], [5, 13, 48, 8, 36, 50, 17, 39, 26, 42, 21, 54, 58, 60, 59]]
98: [[28, 38, 37, 53, 18, 10, 40, 52, 29, 15, 9, 31, 16, 24, 55], [34, 25, 11, 43, 45, 1, 7, 33, 49, 57, 22, 2, 6, 14, 35], [44, 41, 12, 56, 3, 46, 23, 51, 19, 4, 27, 20, 47, 32, 30], [5, 13, 48, 8, 36, 50, 17, 39, 26, 42, 21, 54, 58, 60, 59]]
99: [[28, 38, 37, 53, 18, 10, 40, 52, 29, 15, 9, 31, 16, 24, 55], [34, 25, 11, 43, 45, 1, 7, 33, 49, 57, 22, 2, 6, 14, 35], [44, 41, 12, 56, 3, 46, 23, 51, 19, 4, 27, 20, 47, 32, 30], [5, 13, 48, 8, 36, 50, 17, 39, 26, 42, 21, 54, 58, 60, 59]]
100: [[28, 38, 37, 53, 18, 10, 40, 52, 29, 15, 9, 31, 16, 24, 55], [34, 25, 11, 43, 45, 1, 7, 33, 49, 57, 22, 2, 6, 14, 35], [44, 41, 12, 56, 3, 46, 23, 51, 19, 4, 27, 20, 47, 32, 30], [5, 13, 48, 8, 36, 50, 17, 39, 26, 42, 21, 54, 58, 60, 59]]
101: [[28, 38, 37, 53, 18, 10, 40, 52, 29, 15, 9, 31, 16, 24, 55], [34, 25, 11, 43, 45, 1, 7, 33, 49, 57, 22, 2, 6, 14, 35], [44, 41, 12, 56, 3, 46, 23, 51, 19, 4, 27, 20, 47, 32, 30], [5, 13, 48, 8, 36, 50, 17, 39, 26, 42, 21, 54, 58, 60, 59]]
102: [[28, 38, 37, 53, 18, 10, 40, 52, 29, 15, 9, 31, 16, 24, 55], [34, 25, 11, 43, 45, 1, 7, 33, 49, 57, 22, 2, 6, 14, 35], [44, 41, 12, 56, 3, 46, 23, 51, 19, 4, 27, 20, 47, 32, 30], [5, 13, 48, 8, 36, 50, 17, 39, 26, 42, 21, 54, 58, 60, 59]]
103: [[28, 38, 37, 53, 18, 10, 40, 52, 29, 15, 9, 31, 16, 24, 55], [34, 25, 11, 43, 45, 1, 7, 33, 49, 57, 22, 2, 6, 14, 35], [44, 41, 12, 56, 3, 46, 23, 51, 19, 4, 27, 20, 47, 32, 30], [5, 13, 48, 8, 36, 50, 17, 39, 26, 42, 21, 54, 58, 60, 59]]
104: [[28, 38, 37, 53, 18, 10, 40, 52, 29, 15, 9, 31, 16, 24, 55], [34, 25, 11, 43, 45, 1, 7, 33, 49, 57, 22, 2, 6, 14, 35], [44, 41, 12, 56, 3, 46, 23, 51, 19, 4, 27, 20, 47, 32, 30], [5, 13, 48, 8, 36, 50, 17, 39, 26, 42, 21, 54, 58, 60, 59]]
105: [[28, 38, 37, 53, 18, 10, 40, 52, 29, 15, 9, 31, 16, 24, 55], [34, 25, 11, 43, 45, 1, 7, 33, 49, 57, 22, 2, 6, 14, 35], [44, 41, 12, 56, 3, 46, 23, 51, 19, 4, 27, 20, 47, 32, 30], [5, 13, 48, 8, 36, 50, 17, 39, 26, 42, 21, 54, 58, 60, 59]]
106: [[28, 38, 37, 53, 18, 10, 40, 52, 29, 15, 9, 31, 16, 24, 55], [34, 25, 11, 43, 45, 1, 7, 33, 49, 57, 22, 2, 6, 14, 35], [44, 41, 12, 56, 3, 46, 23, 51, 19, 4, 27, 20, 47, 32, 30], [5, 13, 48, 8, 36, 50, 17, 39, 26, 42, 21, 54, 58, 60, 59]]
107: [[28, 38, 37, 53, 18, 10, 40, 52, 29, 15, 9, 31, 16, 24, 55], [34, 25, 11, 43, 45, 1, 7, 33, 49, 57, 22, 2, 6, 14, 35], [44, 41, 12, 56, 3, 46, 23, 51, 19, 4, 27, 20, 47, 32, 30], [5, 13, 48, 8, 36, 50, 17, 39, 26, 42, 21, 54, 58, 60, 59]]
108: [[28, 38, 37, 53, 18, 10, 40, 52, 29, 15, 9, 31, 16, 24, 55], [34, 25, 11, 43, 45, 1, 7, 33, 49, 57, 22, 2, 6, 14, 35], [44, 41, 12, 56, 3, 46, 23, 51, 19, 4, 27, 20, 47, 32, 30], [5, 13, 48, 8, 36, 50, 17, 39, 26, 42, 21, 54, 58, 60, 59]]
109: [[28, 38, 37, 53, 18, 10, 40, 52, 29, 15, 9, 31, 16, 24, 55], [34, 25, 11, 43, 45, 1, 7, 33, 49, 57, 22, 2, 6, 14, 35], [44, 41, 12, 56, 3, 46, 23, 51, 19, 4, 27, 20, 47, 32, 30], [5, 13, 48, 8, 36, 50, 17, 39, 26, 42, 21, 54, 58, 60, 59]]
110: [[28, 38, 37, 53, 18, 10, 40, 52, 29, 15, 9, 31, 16, 24, 55], [34, 25, 11, 43, 45, 1, 7, 33, 49, 57, 22, 2, 6, 14, 35], [44, 41, 12, 56, 3, 46, 23, 51, 19, 4, 27, 20, 47, 32, 30], [5, 13, 48, 8, 36, 50, 17, 39, 26, 42, 21, 54, 58, 60, 59]]
111: [[28, 38, 37, 53, 18, 10, 40, 52, 29, 15, 9, 31, 16, 24, 55], [34, 25, 11, 43, 45, 1, 7, 33, 49, 57, 22, 2, 6, 14, 35], [44, 41, 12, 56, 3, 46, 23, 51, 19, 4, 27, 20, 47, 32, 30], [5, 13, 48, 8, 36, 50, 17, 39, 26, 42, 21, 54, 58, 60, 59]]
112: [[28, 38, 37, 53, 18, 10, 40, 52, 29, 15, 9, 31, 16, 24, 55], [34, 25, 11, 43, 45, 1, 7, 33, 49, 57, 22, 2, 6, 14, 35], [44, 41, 12, 56, 3, 46, 23, 51, 19, 4, 27, 20, 47, 32, 30], [5, 13, 48, 8, 36, 50, 17, 39, 26, 42, 21, 54, 58, 60, 59]]
113: [[28, 38, 37, 53, 18, 10, 40, 52, 29, 15, 9, 31, 16, 24, 55], [34, 25, 11, 43, 45, 1, 7, 33, 49, 57, 22, 2, 6, 14, 35], [44, 41, 12, 56, 3, 46, 23, 51, 19, 4, 27, 20, 47, 32, 30], [5, 13, 48, 8, 36, 50, 17, 39, 26, 42, 21, 54, 58, 60, 59]]
114: [[28, 38, 37, 53, 18, 10, 40, 52, 29, 15, 9, 31, 16, 24, 55], [34, 25, 11, 43, 45, 1, 7, 33, 49, 57, 22, 2, 6, 14, 35], [44, 41, 12, 56, 3, 46, 23, 51, 19, 4, 27, 20, 47, 32, 30], [5, 13, 48, 8, 36, 50, 17, 39, 26, 42, 21, 54, 58, 60, 59]]
115: [[28, 38, 37, 53, 18, 10, 40, 52, 29, 15, 9, 31, 16, 24, 55], [34, 25, 11, 43, 45, 1, 7, 33, 49, 57, 22, 2, 6, 14, 35], [44, 41, 12, 56, 3, 46, 23, 51, 19, 4, 27, 20, 47, 32, 30], [5, 13, 48, 8, 36, 50, 17, 39, 26, 42, 21, 54, 58, 60, 59]]
116: [[28, 38, 37, 53, 18, 10, 40, 52, 29, 15, 9, 31, 16, 24, 55], [34, 25, 11, 43, 45, 1, 7, 33, 49, 57, 22, 2, 6, 14, 35], [44, 41, 12, 56, 3, 46, 23, 51, 19, 4, 27, 20, 47, 32, 30], [5, 13, 48, 8, 36, 50, 17, 39, 26, 42, 21, 54, 58, 60, 59]]
117: [[28, 38, 37, 53, 18, 10, 40, 52, 29, 15, 9, 31, 16, 24, 55], [34, 25, 11, 43, 45, 1, 7, 33, 49, 57, 22, 2, 6, 14, 35], [44, 41, 12, 56, 3, 46, 23, 51, 19, 4, 27, 20, 47, 32, 30], [5, 13, 48, 8, 36, 50, 17, 39, 26, 42, 21, 54, 58, 60, 59]]
118: [[28, 38, 37, 53, 18, 10, 40, 52, 29, 15, 9, 31, 16, 24, 55], [34, 25, 11, 43, 45, 1, 7, 33, 49, 57, 22, 2, 6, 14, 35], [44, 41, 12, 56, 3, 46, 23, 51, 19, 4, 27, 20, 47, 32, 30], [5, 13, 48, 8, 36, 50, 17, 39, 26, 42, 21, 54, 58, 60, 59]]
119: [[28, 38, 37, 53, 18, 10, 40, 52, 29, 15, 9, 31, 16, 24, 55], [34, 25, 11, 43, 45, 1, 7, 33, 49, 57, 22, 2, 6, 14, 35], [44, 41, 12, 56, 3, 46, 23, 51, 19, 4, 27, 20, 47, 32, 30], [5, 13, 48, 8, 36, 50, 17, 39, 26, 42, 21, 54, 58, 60, 59]]
