0: [[38, 7, 67, 5], [3, 10, 9, 4], [1, 2, 22, 12], [30, 6, 8, 11], [15, 31, 14], [21, 17, 13, 18], [24, 16, 23, 25], [19, 20, 26], [27, 29, 32, 28], [56, 37, 41, 60], [42, 35, 33], [34, 44, 39, 40], [36, 46, 45, 43], [61, 59, 51, 48], [53, 47, 52], [50, 49, 55, 54], [57, 58, 63, 62], [86, 64, 66], [71, 69, 65, 68], [70, 72, 75, 74, 76], [73, 77], [79, 78, 82], [81, 80, 83, 87, 84, 85, 88]]
1: [[38, 7, 67, 5], [3, 10, 9, 4], [1, 2, 22, 12], [30, 6, 8, 11], [15, 31, 14, 21], [17, 13], [18, 24, 16, 23], [25, 19, 20, 26], [27, 29, 32, 28], [56, 37, 41, 60], [42, 35, 33, 34], [44, 36, 39, 40], [47, 63, 43, 46], [59, 51], [52, 61, 48, 55], [45, 49, 50, 53], [54, 57, 58, 62], [86, 64, 66, 71], [69, 65, 68, 70], [72, 75, 74, 76], [73, 77], [79, 78, 82, 81], [80, 83, 87], [84, 85, 88]]
2: [[38, 7, 67, 5], [3, 10, 9, 4], [1, 2, 22, 12], [30, 6, 8, 11], [15, 31, 14], [21, 17, 13, 18], [24, 16, 23, 25], [19, 20, 26, 27], [29, 32, 28, 56], [37, 41, 60, 42], [35, 33, 34], [44, 36, 47, 39], [43, 45, 46], [62, 59, 51, 53], [50, 52, 40], [54, 49, 48, 61], [55, 57, 58], [63, 86, 64, 66], [71, 69, 65], [68, 70], [72, 75, 74, 76], [73, 77], [79, 78, 82, 81], [80, 83, 87, 84], [85, 88]]
3: [[38, 7, 67, 5], [3, 10, 9, 4], [1, 2, 22, 12], [30, 6, 8, 11], [15, 31, 14], [21, 17, 13, 18], [24, 16, 23, 25], [19, 20, 26], [27, 29, 32, 28], [56, 37, 41, 60, 42], [35, 33], [34, 44, 36, 39], [40, 46, 57, 47], [43, 49, 52, 48], [45, 54, 50], [51, 53, 55, 59, 61, 63, 58, 62], [86, 64, 66, 71, 69, 65, 68, 70, 72, 75, 74, 76, 73], [77, 79, 78, 82, 81, 80, 83, 87, 84, 85, 88]]
4: [[38, 7, 67, 5], [3, 10, 9, 4], [1, 2, 22, 12], [30, 6, 8, 11], [15, 31, 14], [21, 17, 13, 18], [24, 16, 23, 25], [19, 20, 26, 27], [29, 32, 28], [56, 37, 41, 60], [42, 35, 33, 34], [44, 36, 39], [40, 47], [45], [43, 62, 46, 54, 55], [61, 49, 48, 50, 53, 51, 52, 59, 57, 58, 63, 86, 64, 66, 71, 69, 65, 68, 70, 72, 75, 74, 76, 73, 77, 79, 78, 82, 81, 80, 83, 87, 84, 85, 88]]
5: [[38, 7, 67, 5], [3, 10, 9, 4], [1, 2, 22, 12], [30, 6, 8, 11], [15, 31, 14], [21, 17, 13], [18, 24, 16, 23], [25, 19, 20], [26, 27, 29, 32], [28, 56, 37], [41, 60, 42, 35], [33, 34, 44, 39], [36, 40, 47], [43, 45, 59, 51], [53, 46, 49, 54, 48], [61, 52, 50, 57], [55, 62, 58, 63], [86, 64, 66], [71, 69, 65, 68], [70, 72, 75, 74], [76, 73, 77], [79, 78, 82, 81], [80, 83, 87, 84, 85, 88]]
6: [[38, 7, 67, 5], [3, 10, 9, 4], [1, 2, 22, 12], [30, 6, 8, 11], [15, 31, 14], [21, 17, 13], [18, 24, 16, 23], [25, 19, 20], [26, 27, 29, 32], [28, 56, 37], [41, 60, 42, 35], [33, 34, 44, 39], [36, 40, 47], [43, 45, 59, 51], [53, 46, 49, 54, 48], [61, 52, 50, 57], [55, 62, 58, 63], [86, 64, 66], [71, 69, 65, 68], [70, 72, 75, 74], [76, 73, 77], [79, 78, 82, 81], [80, 83, 87, 84, 85, 88]]
7: [[38, 7, 67, 5], [3, 10, 9, 4], [1, 2, 22, 12], [30, 6, 8, 11], [15, 31, 14], [21, 17, 13, 18], [24, 16, 23, 25], [19, 20, 26], [27, 29, 32, 28], [56, 37, 41, 60], [42, 35, 33], [34, 44, 39, 43], [36, 47, 45, 40], [61, 59, 46, 52], [49, 57, 54], [48, 53, 55, 50], [51, 62, 58, 63], [86, 64, 66, 71], [69, 65, 68], [70, 72, 75, 74, 76, 73, 77, 79, 78, 82, 81, 80, 83, 87, 84, 85, 88]]
8: [[38, 7, 67, 5], [3, 10, 9, 4], [1, 2, 22, 12], [30, 6, 8, 11], [15, 31, 14], [21, 17, 13, 18], [24, 16, 23, 25], [19, 20, 26, 27], [29, 32, 28, 56], [37, 41, 60], [42, 35, 33, 34], [44, 36, 39, 40], [45, 61, 43, 59], [46, 55, 47, 48], [51, 50, 52], [49, 53, 54, 63], [57, 58, 62], [86, 64, 66, 71, 69], [65, 68, 70, 72, 75, 74, 76, 73], [77, 79, 78, 82], [81, 80, 83, 87, 84, 85, 88]]
9: [[38, 7, 67, 5], [3, 10, 9, 4], [1, 2, 22, 12], [30, 6, 8, 11], [15, 31, 14], [21, 17, 13, 18], [24, 16, 23, 25], [19, 20, 26, 27], [29, 32, 28, 56, 37], [41, 60, 42], [35], [33, 34, 44], [39, 45, 36, 47, 40, 43, 59, 46, 52, 48, 49, 50, 55, 54], [62, 51, 53, 58, 57, 63, 61, 86, 64, 66, 71, 69, 65, 68, 70, 72, 75, 74, 76, 73, 77], [79, 78, 82, 81], [80, 83, 87, 84, 85, 88]]
10: [[38, 7, 67, 5], [3, 10, 9, 4], [1, 2, 22, 12], [30, 6, 8, 11], [15, 31, 14], [21, 17, 13, 18], [24, 16, 23, 25], [19, 20, 26, 27], [29, 32, 28], [56, 37, 41, 60], [42, 35, 33, 34], [44, 36, 39], [40, 47], [61], [45, 62, 43, 46, 53], [54, 48, 49, 55], [50, 51, 52, 58], [59, 57, 63, 86, 64, 66, 71, 69, 65], [68, 70, 72, 75, 74, 76, 73, 77, 79, 78, 82, 81, 80, 83, 87, 84, 85, 88]]
11: [[38, 7, 67, 5], [3, 10, 9, 4], [1, 2, 22, 12], [30, 6, 8], [11, 15, 31, 14], [21, 17, 13, 18], [24, 16, 23, 25], [19, 20, 26], [27, 29, 32, 28], [56, 37, 41, 60], [42, 35, 33], [34, 44, 36, 39], [40, 47], [45, 46, 43, 59, 53, 48, 49, 51, 54, 50, 55, 52, 57, 63, 58, 61, 62, 86, 64, 66, 71, 69, 65, 68, 70, 72, 75, 74, 76, 73, 77, 79, 78, 82, 81, 80, 83, 87, 84, 85, 88]]
12: [[38, 7, 67, 5], [3, 10, 9, 4], [1, 2, 22, 12], [30, 6, 8, 11], [15, 31, 14], [21, 17, 13, 18], [24, 16, 23, 25], [19, 20, 26, 27], [29, 32, 28, 56], [37, 41, 60, 42], [35, 33, 34, 44, 36, 39, 43, 45], [47, 40, 46], [59, 63, 50, 48, 49, 52, 55, 53, 51, 54, 58, 57, 61, 62, 86, 64, 66, 71, 69, 65, 68, 70, 72, 75, 74, 76, 73, 77, 79, 78, 82, 81, 80, 83, 87, 84, 85, 88]]
13: [[38, 7, 67, 5], [3, 10, 9, 4], [1, 2, 22, 12], [30, 6, 8, 11], [15, 31, 14], [21, 17, 13, 18], [24, 16, 23, 25], [19, 20, 26, 27], [29, 32, 28, 56], [37, 41, 60, 42], [35, 33, 34, 44, 36, 39, 43, 45], [47, 40, 46], [59, 63, 50, 48, 49, 52, 55, 53, 51, 54, 58, 57, 61, 62, 86, 64, 66, 71, 69, 65, 68, 70, 72, 75, 74, 76, 73, 77, 79, 78, 82, 81, 80, 83, 87, 84, 85, 88]]
14: [[38, 7, 67, 5], [3, 10, 9, 4], [1, 2, 22, 12], [30, 6, 8], [11, 15, 31, 14], [21, 17, 13, 18], [24, 16, 23, 25], [19, 20, 26, 27], [29, 32, 28], [56], [37, 41, 60, 42, 35], [33, 34, 44, 39], [36, 40, 46, 61], [47, 43, 59, 53, 52], [51, 45, 48, 50], [49, 54, 63, 55], [57, 62, 58], [86, 64, 66, 71, 69, 65, 68, 70, 72, 75, 74, 76, 73, 77, 79, 78, 82, 81, 80, 83, 87, 84, 85, 88]]
15: [[38, 7, 67, 5], [3, 10, 9, 4], [1, 2, 22, 12], [30, 6, 8, 11], [15, 31, 14], [21, 17, 13, 18], [24, 16, 23, 25], [19, 20, 26, 27], [29, 32, 28, 56], [37, 41, 60, 42], [35, 33], [34, 44], [36, 39, 40, 43], [46, 47, 63], [59, 45, 54, 48], [49, 50, 55, 53], [51, 52, 57, 61], [58, 62, 86, 64], [66, 71, 69], [65, 68, 70, 72], [75, 74, 76, 73], [77, 79, 78, 82], [81, 80, 83, 87], [84, 85, 88]]
16: [[38, 7, 67, 5], [3, 10, 9, 4], [1, 2, 22, 12], [30, 6, 8, 11], [15, 31, 14], [21, 17, 13, 18], [24, 16, 23, 25], [19, 20, 26, 27], [29, 32, 28, 56], [37, 41, 60, 42], [35, 33], [34, 44, 36, 39], [40, 43, 47], [45, 46, 59, 55, 54, 48, 50, 52, 49, 51, 53, 58, 57, 61], [63, 62, 86, 64, 66, 71, 69, 65, 68, 70, 72, 75, 74, 76, 73, 77, 79, 78, 82, 81, 80, 83, 87, 84, 85, 88]]
17: [[38, 7, 67, 5], [3, 10, 9, 4], [1, 2, 22, 12], [30, 6, 8, 11], [15, 31, 14], [21, 17, 13, 18], [24, 16, 23, 25], [19, 20, 26, 27], [29, 32, 28, 56], [37, 41, 60, 42], [35, 33, 34, 44], [36, 43, 40, 39], [47, 45, 62, 50], [59, 61, 48, 46], [51, 52], [49, 55, 63, 53, 57, 54, 58, 86, 64, 66, 71, 69, 65, 68, 70, 72, 75, 74, 76, 73, 77, 79, 78, 82, 81, 80], [83, 87, 84, 85, 88]]
18: [[38, 7, 67, 5], [3, 10, 9, 4], [1, 2, 22, 12], [30, 6, 8], [11, 15, 31, 14], [21, 17, 13, 18], [24, 16, 23], [25, 19, 20, 26], [27, 29, 32, 28], [56, 37, 41, 60], [42, 35, 33, 34], [44, 36], [39, 40], [47, 43, 46, 63], [61, 45, 54, 48], [49, 50, 51, 52], [53, 55, 57, 59], [62, 58, 86, 64], [66, 71, 69, 65], [68, 70, 72], [75, 74, 76, 73], [77, 79, 78, 82], [81, 80, 83, 87], [84, 85, 88]]
19: [[38, 7, 67, 5], [3, 10, 9, 4], [1, 2, 22, 12], [30, 6, 8, 11], [15, 31, 14], [21, 17, 13, 18], [24, 16, 23, 25], [19, 20, 26, 27], [29, 32, 28, 56], [37, 41, 60, 42], [35, 33, 34], [44, 36, 47, 39], [46, 45, 40], [63, 43, 51, 53], [50, 48, 58, 49, 61, 52], [57, 55], [54, 62, 59, 86, 64, 66, 71, 69, 65, 68, 70, 72, 75, 74, 76, 73, 77, 79, 78, 82, 81, 80, 83, 87, 84, 85, 88]]
20: [[38, 7, 67, 5], [3, 10, 9, 4], [1, 2, 22, 12], [30, 6, 8, 11], [15, 31, 14], [21, 17, 13, 18], [24, 16, 23, 25], [19, 20, 26, 27], [29, 32, 28, 56, 37], [41, 60, 42], [35], [33, 34, 44, 36, 39, 40], [47, 57, 45, 63, 59], [55, 53, 54, 50], [43, 62, 48, 46], [49, 51, 58, 61], [52, 86, 64, 66], [71, 69, 65, 68], [70, 72, 75, 74], [76, 73, 77, 79], [78, 82, 81, 80, 83, 87, 84, 85, 88]]
21: [[38, 7, 67, 5], [3, 10, 9, 4], [1, 2, 22, 12], [30, 6, 8, 11], [15, 31, 14], [21, 17, 13, 18], [24, 16, 23, 25], [19, 20, 26, 27], [29, 32, 28], [56, 37, 41, 60], [42, 35, 33, 34], [44, 36, 39, 43], [45, 46, 40, 62, 63, 47, 50, 52], [49, 48, 54], [53, 51, 55, 58, 57, 61, 59, 86, 64, 66, 71, 69, 65, 68, 70, 72, 75, 74, 76, 73, 77, 79, 78, 82, 81, 80, 83, 87, 84, 85, 88]]
22: [[38, 7, 67, 5], [3, 10, 9, 4], [1, 2, 22, 12], [30, 6, 8], [11, 15, 31, 14], [21, 17, 13, 18], [24, 16, 23], [25, 19, 20, 26], [27, 29, 32, 28], [56, 37, 41, 60], [42, 35, 33], [34, 44, 39, 45], [36, 47, 43, 40, 59, 46, 51, 49, 52, 50, 53, 57, 48, 55], [54, 61, 58, 63, 62, 86, 64, 66, 71, 69, 65, 68, 70, 72, 75, 74, 76, 73, 77, 79, 78], [82, 81, 80, 83], [87, 84, 85, 88]]
23: [[38, 7, 67, 5], [3, 10, 9, 4], [1, 2, 22, 12], [30, 6, 8, 11], [15, 31, 14], [21, 17, 13, 18], [24, 16, 23, 25], [19, 20, 26, 27], [29, 32, 28, 56], [37, 41, 60], [42, 35], [33], [34, 44, 36, 39, 43], [45, 47, 40, 46, 59, 63, 51, 49, 50, 48, 54, 53, 55, 52, 58, 57, 61, 62, 86, 64, 66, 71, 69, 65, 68, 70, 72, 75, 74, 76, 73, 77, 79, 78, 82], [81, 80, 83, 87, 84, 85, 88]]
24: [[38, 7, 67, 5], [3, 10, 9, 4], [1, 2, 22, 12], [30, 6, 8, 11], [15, 31, 14], [21, 17, 13, 18], [24, 16, 23, 25], [19, 20, 26], [27, 29], [32, 28, 56, 37], [41, 60, 42, 35], [33, 34, 44], [36, 39, 40, 46], [43, 47, 63], [45, 48, 54, 50], [49, 51], [52, 53, 55, 57, 59], [58, 61, 62, 86], [64, 66, 71, 69, 65], [68, 70, 72, 75], [74, 76, 73, 77], [79, 78, 82], [81, 80, 83, 87], [84, 85, 88]]
25: [[38, 7, 67, 5], [3, 10, 9, 4], [1, 2, 22, 12], [30, 6, 8, 11], [15, 31, 14], [21, 17, 13, 18], [24, 16, 23, 25], [19, 20, 26], [27, 29, 32, 28], [56, 37, 41, 60], [42, 35, 33], [34, 44], [39, 36, 40, 47, 45, 43, 61, 51, 55, 52, 49, 46, 48, 50, 53, 54], [57, 63, 58, 59, 62], [86, 64, 66, 71, 69, 65, 68, 70, 72, 75, 74, 76, 73, 77, 79, 78, 82, 81, 80, 83, 87, 84, 85, 88]]
26: [[38, 7, 67, 5], [3, 10, 9, 4], [1, 2, 22, 12], [30, 6, 8, 11], [15, 31, 14], [21, 17, 13, 18], [24, 16, 23, 25], [19, 20, 26, 27], [29, 32, 28], [56, 37, 41, 60], [42, 35, 33, 34], [44, 36, 39, 40], [46, 45], [43, 47, 48, 55], [49, 50, 51], [52, 62, 54], [53, 59, 57, 61], [58, 63, 86, 64], [66, 71, 69, 65], [68, 70, 72, 75], [74, 76, 73], [77, 79, 78, 82], [81, 80, 83, 87], [84, 85, 88]]
27: [[38, 7, 67, 5], [3, 10, 9, 4], [1, 2, 22, 12], [30, 6, 8, 11], [15, 31, 14], [21, 17, 13], [18, 24, 16, 23], [25, 19, 20, 26], [27, 29, 32, 28], [56, 37, 41, 60], [42, 35, 33], [34, 44, 36, 39], [40, 45, 46, 47], [43, 59, 50, 49], [48, 55, 51], [54, 52, 58, 53], [61, 62, 63, 57], [86, 64, 66, 71], [69, 65, 68], [70, 72, 75, 74, 76, 73, 77, 79, 78, 82, 81], [80, 83, 87, 84, 85, 88]]
28: [[38, 7, 67, 5], [3, 10, 9, 4], [1, 2, 22, 12], [30, 6, 8, 11], [15, 31, 14], [21, 17, 13, 18], [24, 16, 23, 25], [19, 20, 26, 27], [29, 32, 28, 56], [37, 41, 60, 42, 35], [33, 34, 44], [39, 36, 40, 47], [45, 50, 63, 59], [43, 53, 49, 48], [51, 46, 57, 61], [54, 55, 58, 52], [62, 86, 64, 66], [71, 69, 65], [68, 70, 72, 75], [74, 76, 73, 77], [79, 78, 82, 81], [80, 83, 87], [84, 85, 88]]
29: [[38, 7, 67, 5], [3, 10, 9, 4], [1, 2, 22, 12], [30, 6, 8, 11], [15, 31, 14], [21, 17, 13, 18], [24, 16, 23, 25], [19, 20, 26], [27, 29, 32, 28], [56, 37, 41, 60], [42, 35, 33, 34], [44, 36, 39], [40, 43, 45], [47, 46, 59], [51, 48, 53, 49], [63, 50], [52, 61, 54], [57, 58, 55, 62, 86, 64, 66], [71, 69, 65, 68, 70, 72, 75, 74, 76, 73, 77, 79, 78, 82, 81, 80, 83, 87, 84, 85, 88]]
30: [[38, 7, 67, 5], [3, 10, 9, 4], [1, 2, 22, 12], [30, 6, 8, 11], [15, 31, 14], [21, 17, 13, 18], [24, 16, 23], [25, 19, 20, 26], [27, 29, 32, 28], [56, 37, 41, 60], [42, 35, 33], [34, 44, 36, 39], [40, 43, 61, 46], [47, 49, 52], [48, 45, 50, 55], [53, 51], [54, 57, 63, 58, 59, 62, 86, 64, 66, 71, 69, 65, 68, 70, 72, 75, 74, 76, 73, 77, 79, 78, 82, 81, 80, 83, 87, 84, 85, 88]]
31: [[38, 7, 67, 5], [3, 10, 9, 4], [1, 2, 22, 12], [30, 6, 8, 11], [15, 31, 14], [21, 17, 13, 18], [24, 16, 23, 25], [19, 20, 26, 27], [29, 32, 28, 56], [37, 41, 60, 42, 35], [33, 34, 44], [39, 36, 40, 47], [45, 50, 63, 59], [43, 53, 49, 48], [51, 46, 57, 61], [54, 55, 58, 52], [62, 86, 64, 66], [71, 69, 65], [68, 70, 72, 75], [74, 76, 73, 77], [79, 78, 82, 81], [80, 83, 87], [84, 85, 88]]
32: [[38, 7, 67, 5], [3, 10, 9, 4], [1, 2, 22, 12], [30, 6, 8, 11], [15, 31, 14], [21, 17, 13, 18], [24, 16, 23, 25], [19, 20, 26, 27], [29, 32, 28, 56], [37, 41, 60, 42, 35], [33, 34, 44], [39, 36, 40, 47], [45, 50, 63, 59], [43, 53, 49, 48], [51, 46, 57, 61], [54, 55, 58, 52], [62, 86, 64, 66], [71, 69, 65], [68, 70, 72, 75], [74, 76, 73, 77], [79, 78, 82, 81], [80, 83, 87], [84, 85, 88]]
33: [[38, 7, 67, 5], [3, 10, 9, 4], [1, 2, 22, 12], [30, 6, 8, 11], [15, 31, 14], [21, 17, 13, 18], [24, 16, 23, 25], [19, 20, 26], [27, 29, 32, 28], [56, 37, 41, 60], [42, 35], [33, 34], [44, 39, 36, 40], [47, 46, 43], [61, 59, 49, 50], [45, 48, 52, 55], [53, 51, 54, 57], [58, 63, 62], [86, 64, 66, 71], [69, 65, 68, 70], [72, 75, 74, 76], [73, 77, 79], [78, 82, 81, 80], [83, 87], [84, 85, 88]]
34: [[38, 7, 67, 5], [3, 10, 9, 4], [1, 2, 22, 12], [30, 6, 8, 11], [15, 31, 14], [21, 17, 13, 18], [24, 16, 23, 25], [19, 20, 26, 27], [29, 32, 28, 56], [37, 41, 60, 42], [35, 33, 34, 44, 36, 39, 40, 46, 43, 45, 63, 58, 55, 53, 47, 52, 54, 48, 49, 50, 51, 59, 61, 57, 62, 86, 64, 66, 71, 69, 65, 68, 70, 72, 75, 74, 76, 73, 77, 79, 78, 82], [81, 80, 83, 87], [84, 85, 88]]
35: [[38, 7, 67, 5], [3, 10, 9, 4], [1, 2, 22, 12], [30, 6, 8], [11, 15, 31, 14], [21, 17, 13, 18], [24, 16, 23, 25], [19, 20, 26], [27, 29, 32, 28], [56, 37, 41, 60], [42, 35, 33, 34], [44, 36, 39, 40], [46, 45, 43, 58], [57, 53, 52, 47, 55], [50, 48, 51, 61], [54, 49, 63], [62, 59, 86, 64], [66, 71, 69, 65], [68, 70, 72], [75, 74, 76, 73], [77, 79, 78], [82, 81, 80, 83, 87, 84, 85, 88]]
36: [[38, 7, 67, 5], [3, 10, 9, 4], [1, 2, 22, 12], [30, 6, 8], [11, 15, 31, 14], [21, 17, 13, 18], [24, 16, 23, 25], [19, 20, 26, 27], [29, 32, 28, 56], [37, 41], [60, 42, 35, 33], [34, 44, 36, 39], [40, 46, 47, 43], [63, 61, 48, 52], [49, 45, 51], [54], [50, 53, 55, 59], [58, 57], [62, 86, 64, 66, 71, 69, 65, 68, 70, 72, 75, 74, 76, 73, 77], [79, 78, 82, 81, 80, 83, 87, 84, 85, 88]]
37: [[38, 7, 67, 5], [3, 10, 9, 4], [1, 2, 22, 12], [30, 6, 8, 11], [15, 31, 14], [21, 17, 13, 18], [24, 16, 23, 25], [19, 20, 26, 27], [29, 32, 28, 56, 37], [41, 60, 42], [35], [33, 34, 44, 36, 39, 40], [47, 61, 45, 62, 43], [46, 53, 63, 49], [48, 50, 54, 51], [52, 55, 57, 59], [58, 86, 64, 66], [71, 69, 65, 68], [70, 72, 75, 74, 76, 73, 77, 79, 78, 82, 81, 80, 83, 87, 84, 85, 88]]
38: [[38, 7, 67, 5], [3, 10, 9, 4], [1, 2, 22, 12], [30, 6, 8, 11], [15, 31, 14, 21], [17, 13], [18, 24, 16, 23], [25, 19, 20, 26], [27, 29, 32, 28], [56, 37, 41, 60], [42, 35], [33, 34, 44, 36], [39, 40, 47, 59], [43, 63, 45, 52], [53, 55, 49, 48], [46, 54, 57], [50], [51, 62, 61, 58], [86, 64, 66, 71], [69, 65], [68, 70, 72, 75], [74, 76, 73, 77], [79, 78, 82], [81, 80, 83, 87], [84, 85, 88]]
39: [[38, 7, 67, 5], [3, 10, 9, 4], [1, 2, 22, 12], [30, 6, 8, 11], [15, 31, 14], [21, 17, 13, 18], [24, 16, 23, 25], [19, 20, 26], [27, 29, 32, 28], [56, 37, 41, 60], [42, 35, 33, 34], [44, 39, 36], [40, 47, 45, 43], [62, 46, 49, 53], [48, 50, 55, 54], [52, 51, 59], [57, 58, 61, 63], [86, 64, 66, 71], [69, 65, 68], [70, 72, 75, 74], [76, 73, 77, 79, 78, 82, 81, 80, 83], [87, 84, 85, 88]]
40: [[38, 7, 67, 5], [3, 10, 9, 4], [1, 2, 22, 12], [30, 6, 8], [11, 15, 31, 14], [21, 17, 13, 18], [24, 16, 23, 25], [19, 20, 26, 27], [29, 32, 28, 56], [37, 41], [60, 42, 35, 33], [34, 44, 36, 39], [40, 46, 47, 43], [63, 45, 51, 54], [50, 49, 59], [58], [52, 53, 48, 57], [61, 62, 55, 86], [64, 66, 71, 69, 65], [68, 70, 72, 75], [74, 76, 73, 77], [79, 78, 82], [81, 80, 83, 87, 84, 85, 88]]
41: [[38, 7, 67, 5], [3, 10, 9, 4], [1, 2, 22, 12], [30, 6, 8, 11], [15, 31, 14], [21, 17, 13, 18], [24, 16, 23, 25], [19, 20, 26], [27, 29, 32, 28], [56, 37, 41, 60, 42, 35, 33, 34, 44, 36, 47, 40, 39, 59, 43, 62, 51, 55, 45, 46, 49, 48, 50, 61, 52, 53, 54, 57, 58, 63, 86, 64, 66, 71, 69, 65, 68, 70, 72, 75, 74, 76, 73, 77, 79, 78, 82, 81, 80, 83, 87, 84, 85, 88]]
42: [[38, 7, 67, 5], [3, 10, 9, 4], [1, 2, 22, 12], [30, 6, 8, 11], [15, 31, 14, 21], [17, 13, 18], [24, 16, 23], [25, 19, 20, 26], [27, 29, 32, 28], [56, 37, 41, 60], [42, 35, 33, 34], [44, 36, 46], [39, 40, 45, 43], [62, 59, 51, 49], [63, 52, 47], [50, 53, 54], [48, 61, 55, 57], [58, 86, 64, 66, 71, 69, 65, 68, 70, 72, 75, 74, 76, 73, 77, 79, 78, 82, 81, 80, 83, 87, 84, 85, 88]]
43: [[38, 7, 67, 5], [3, 10, 9, 4], [1, 2, 22, 12], [30, 6, 8], [11, 15, 31, 14], [21, 17, 13, 18], [24, 16, 23, 25], [19, 20, 26], [27, 29, 32, 28], [56, 37, 41, 60], [42, 35, 33, 34], [44, 36, 39, 40], [47, 43, 46, 62], [45, 53, 55, 50], [49, 48, 51, 58], [52, 54, 57], [61, 63, 59, 86], [64, 66, 71, 69], [65, 68, 70], [72, 75], [74, 76, 73], [77, 79, 78, 82], [81, 80], [83, 87, 84, 85, 88]]
44: [[38, 7, 67, 5], [3, 10, 9, 4], [1, 2, 22, 12], [30, 6, 8], [11, 15, 31, 14], [21, 17, 13, 18], [24, 16, 23, 25], [19, 20, 26], [27, 29, 32, 28], [56, 37, 41, 60], [42, 35, 33], [34, 44, 36, 39, 40, 47, 45, 43, 61, 58, 48, 53], [49, 55, 54, 46, 50, 52, 57, 51, 63, 62, 59, 86, 64, 66, 71, 69, 65, 68, 70, 72], [75, 74, 76], [73, 77, 79, 78, 82, 81, 80, 83, 87, 84, 85, 88]]
45: [[38, 7, 67, 5], [3, 10, 9, 4], [1, 2, 22, 12], [30, 6, 8, 11], [15, 31, 14], [21, 17, 13, 18], [24, 16, 23], [25, 19, 20, 26], [27, 29, 32, 28, 56], [37, 41, 60, 42, 35, 33, 34, 44, 36, 47, 39, 40, 45], [43, 63, 59, 46, 52, 51, 48, 49, 50, 53, 58, 55, 54, 61, 62, 57, 86, 64, 66, 71, 69, 65, 68, 70, 72, 75, 74, 76, 73, 77, 79, 78, 82, 81, 80, 83, 87, 84, 85, 88]]
46: [[38, 7, 67, 5], [3, 10, 9, 4], [1, 2, 22, 12], [30, 6, 8, 11], [15, 31, 14, 21], [17, 13, 18], [24, 16, 23, 25], [19, 20, 26], [27, 29], [32, 28, 56], [37], [41, 60], [42, 35, 33, 34], [44, 39, 40], [36, 43, 47, 45, 62, 50, 59, 53], [46, 48, 55, 54, 52, 49, 51, 61, 57, 63, 58, 86, 64, 66, 71, 69, 65, 68], [70, 72, 75, 74, 76, 73, 77, 79, 78, 82, 81, 80, 83, 87, 84, 85, 88]]
47: [[38, 7, 67, 5], [3, 10, 9, 4], [1, 2, 22, 12], [30, 6, 8, 11], [15, 31, 14], [21, 17, 13, 18], [24, 16, 23, 25], [19, 20, 26], [27, 29, 32, 28], [56, 37, 41, 60], [42, 35], [33, 34, 44, 36], [39, 43, 46, 47, 40, 54, 59, 45, 52, 49, 51, 48, 50, 61, 55, 53, 58, 57, 62, 63, 86, 64, 66, 71, 69, 65, 68, 70, 72, 75, 74, 76, 73, 77, 79, 78, 82, 81], [80, 83, 87, 84, 85, 88]]
48: [[38, 7, 67, 5], [3, 10, 9, 4], [1, 2, 22, 12], [30, 6, 8], [11, 15, 31, 14], [21, 17, 13, 18], [24, 16, 23, 25], [19, 20, 26, 27], [29, 32, 28, 56], [37, 41, 60, 42], [35, 33, 34, 44], [36, 39, 40, 47], [43, 46, 45, 59], [50, 53, 49, 48], [52, 62, 54, 55], [51, 57, 58, 61], [63, 86, 64], [66, 71, 69, 65], [68, 70, 72, 75], [74, 76, 73, 77], [79, 78, 82], [81, 80, 83, 87], [84, 85, 88]]
49: [[38, 7, 67, 5], [3, 10, 9, 4], [1, 2, 22, 12], [30, 6, 8, 11], [15, 31, 14], [21, 17, 13, 18], [24, 16, 23, 25], [19, 20, 26, 27], [29, 32, 28, 56, 37], [41, 60, 42, 35], [33, 34, 44, 36], [47, 40, 46, 61], [43, 58, 48], [57, 54, 53, 39], [49, 50, 45], [63, 52, 51, 55, 59, 62, 86, 64, 66, 71, 69, 65, 68, 70, 72, 75, 74, 76, 73, 77, 79, 78, 82, 81, 80, 83, 87, 84, 85, 88]]
50: [[38, 7, 67, 5], [3, 10, 9, 4], [1, 2, 22, 12], [30, 6, 8, 11], [15, 31, 14], [21, 17, 13, 18], [24, 16, 23, 25], [19, 20, 26, 27], [29, 32, 28], [56, 37, 41, 60], [42, 35, 33, 34], [44, 36, 39, 40, 47], [43, 45, 63], [62, 53, 55, 50], [49, 51, 46, 48], [52, 54, 57, 59], [61, 58, 86, 64], [66, 71, 69, 65], [68, 70, 72, 75], [74, 76, 73], [77], [79, 78], [82, 81], [80, 83, 87, 84, 85], [88]]
51: [[38, 7, 67, 5], [3, 10, 9, 4], [1, 2, 22, 12], [30, 6, 8, 11], [15, 31, 14], [21, 17, 13, 18], [24, 16, 23, 25], [19, 20, 26, 27], [29, 32, 28], [56, 37, 41, 60], [42, 35, 33], [34, 44, 36, 47], [39, 40, 45, 43, 62], [49, 46], [52, 48, 50], [54, 57, 53, 55, 51, 59, 58], [63, 61, 86, 64, 66, 71, 69, 65, 68, 70, 72, 75, 74, 76, 73, 77, 79, 78, 82, 81, 80, 83, 87, 84, 85, 88]]
52: [[38, 7, 67, 5], [3, 10, 9, 4], [1, 2, 22], [12, 30, 6, 8], [11, 15, 31, 14], [21, 17, 13], [18, 24, 16, 23], [25, 19, 20, 26], [27, 29, 32, 28], [56, 37, 41, 60], [42, 35, 33], [34, 44, 39, 36], [40, 47, 61, 43], [45, 48, 55], [52, 53, 46, 49], [54, 51, 57, 50], [62, 59, 63, 58], [86, 64, 66], [71, 69, 65, 68], [70, 72, 75, 74], [76, 73, 77], [79, 78, 82, 81], [80, 83], [87, 84, 85, 88]]
53: [[38, 7, 67, 5], [3, 10, 9, 4], [1, 2, 22, 12], [30, 6, 8], [11, 15, 31, 14], [21, 17, 13, 18], [24, 16, 23], [25, 19, 20, 26], [27, 29, 32, 28], [56, 37, 41, 60], [42, 35, 33], [34, 44, 36, 45], [39, 47, 40, 43, 59, 61, 55, 52, 46, 50, 49, 51, 48, 53], [54, 57, 58, 62], [63, 86, 64, 66], [71, 69, 65], [68, 70], [72, 75, 74], [76], [73, 77], [79, 78], [82, 81, 80, 83, 87], [84, 85, 88]]
54: [[38, 7, 67, 5], [3, 10, 9, 4], [1, 2, 22, 12], [30, 6, 8, 11], [15, 31, 14], [21, 17, 13, 18], [24, 16, 23, 25], [19, 20, 26, 27], [29, 32], [28, 56, 37, 41], [60, 42, 35, 33], [34, 44, 36, 39], [40, 46, 43, 47], [62, 63, 58], [52], [50, 49, 59, 55], [45, 51, 48, 53], [54, 57, 61, 86, 64], [66, 71, 69, 65], [68, 70, 72, 75], [74, 76, 73], [77, 79, 78, 82], [81, 80, 83], [87, 84, 85, 88]]
55: [[38, 7, 67, 5], [3, 10, 9, 4], [1, 2, 22, 12], [30, 6, 8], [11, 15, 31, 14], [21, 17, 13, 18], [24, 16, 23, 25], [19, 20, 26], [27, 29, 32, 28], [56, 37, 41, 60], [42, 35, 33], [34, 44, 36, 45], [40, 47], [39, 43, 46, 59], [55, 48, 49], [52, 53, 50, 51, 54], [57, 61, 63, 62, 58, 86, 64, 66], [71, 69, 65, 68], [70, 72, 75, 74, 76, 73, 77, 79, 78, 82, 81, 80, 83, 87, 84, 85, 88]]
56: [[38, 7, 67, 5], [3, 10, 9, 4], [1, 2, 22, 12], [30, 6, 8, 11], [15, 31, 14], [21, 17, 13, 18], [24, 16, 23, 25], [19, 20, 26, 27], [29, 32, 28, 56], [37, 41, 60, 42], [35, 33, 34, 44, 36, 39, 43, 40], [45, 47, 46], [59, 53, 54, 49], [51, 48, 55, 50], [52, 58, 61, 57], [63, 62, 86, 64], [66, 71, 69, 65], [68, 70], [72, 75, 74, 76], [73, 77, 79], [78, 82, 81, 80, 83, 87, 84, 85, 88]]
57: [[38, 7, 67, 5], [3, 10, 9, 4], [1, 2, 22, 12], [30, 6, 8, 11], [15, 31, 14], [21, 17, 13, 18], [24, 16, 23, 25], [19, 20, 26, 27], [29, 32, 28, 56], [37, 41, 60, 42], [35, 33, 34], [44, 36, 47, 40], [43, 61, 39, 45], [63, 48, 46, 51, 55, 50, 52, 53, 54, 58, 49, 59, 57, 62, 86, 64, 66, 71], [69, 65, 68, 70, 72, 75, 74, 76, 73, 77, 79, 78, 82, 81, 80, 83, 87, 84, 85, 88]]
58: [[38, 7, 67, 5], [3, 10, 9, 4], [1, 2, 22, 12], [30, 6, 8, 11], [15, 31, 14], [21, 17, 13, 18], [24, 16, 23], [25, 19, 20, 26], [27, 29, 32, 28], [56, 37, 41, 60, 42, 35, 33, 34], [44, 36, 46, 40, 39, 51, 43, 45, 50, 47, 49, 55, 54, 48, 59, 53, 57, 52, 63, 58, 62, 61, 86, 64, 66, 71, 69, 65, 68, 70, 72, 75, 74, 76, 73, 77, 79, 78, 82, 81, 80, 83, 87, 84, 85, 88]]
59: [[38, 7, 67, 5], [3, 10, 9, 4], [1, 2, 22, 12], [30, 6, 8, 11], [15, 31, 14], [21, 17, 13, 18], [24, 16, 23, 25], [19, 20, 26, 27], [29, 32, 28, 56], [37, 41, 60, 42], [35, 33, 34, 44], [36, 47, 39, 40], [45, 43, 62], [46, 50, 53, 49], [55, 48, 54, 59], [61, 52, 51], [57, 58], [63], [86, 64, 66, 71, 69], [65, 68, 70, 72, 75, 74, 76, 73, 77, 79, 78, 82, 81, 80, 83, 87, 84, 85, 88]]
60: [[38, 7, 67, 5], [3, 10, 9, 4], [1, 2, 22, 12], [30, 6, 8, 11], [15, 31, 14], [21, 17, 13, 18], [24, 16, 23, 25], [19, 20, 26, 27], [29, 32, 28, 56, 37], [41, 60, 42], [35], [33, 34, 44, 36, 39, 40], [45, 61, 47, 62, 59], [46, 53, 54, 48], [43, 55, 50, 51], [52, 49, 58, 57], [63, 86, 64, 66], [71, 69, 65, 68], [70, 72, 75, 74], [76, 73, 77, 79], [78, 82, 81, 80, 83, 87, 84, 85, 88]]
61: [[38, 7, 67, 5], [3, 10, 9, 4], [1, 2, 22, 12], [30, 6, 8, 11], [15, 31, 14], [21, 17, 13, 18], [24, 16, 23], [25, 19, 20, 26], [27, 29, 32, 28], [56, 37, 41], [60, 42, 35, 33], [34, 44, 36, 39], [40, 47, 57], [46, 63, 55, 61], [58, 43, 48], [45, 49, 50, 51], [59], [52, 53], [54, 62, 86, 64, 66], [71, 69, 65, 68, 70, 72, 75, 74, 76, 73, 77, 79, 78, 82, 81, 80, 83, 87, 84, 85, 88]]
62: [[38, 7, 67, 5], [3, 10, 9, 4], [1, 2, 22, 12], [30, 6, 8, 11], [15, 31, 14], [21, 17, 13, 18], [24, 16, 23], [25, 19, 20, 26, 27], [29, 32, 28, 56], [37, 41, 60, 42], [35, 33, 34, 44], [36, 39, 40, 46], [45, 43, 63, 47], [51, 53, 55], [49, 48, 50, 54], [58, 52, 57, 61], [59, 62, 86, 64], [66, 71, 69, 65], [68, 70, 72, 75], [74, 76, 73], [77, 79, 78, 82], [81, 80, 83], [87, 84, 85, 88]]
63: [[38, 7, 67, 5], [3, 10, 9, 4], [1, 2, 22, 12], [30, 6, 8, 11], [15, 31, 14], [21, 17, 13, 18], [24, 16, 23, 25], [19, 20, 26, 27], [29, 32, 28, 56], [37, 41, 60, 42], [35, 33, 34], [44, 36, 39, 43], [45, 47, 46, 62], [48, 51, 53], [50, 55, 40, 54], [49, 57], [52, 63, 61, 58], [59, 86, 64, 66], [71, 69], [65, 68, 70, 72, 75, 74, 76, 73, 77, 79, 78, 82, 81, 80, 83, 87, 84, 85, 88]]
64: [[38, 7, 67, 5], [3, 10, 9, 4], [1, 2, 22, 12], [30, 6, 8, 11], [15, 31, 14], [21, 17, 13, 18], [24, 16, 23, 25], [19, 20, 26], [27, 29, 32, 28], [56, 37, 41, 60], [42, 35, 33, 34], [44, 36, 45], [39, 40, 47, 43], [46, 49, 48, 50, 57], [52, 51], [53, 62, 54, 55, 63, 59, 61, 58, 86, 64, 66, 71, 69, 65, 68], [70, 72, 75, 74, 76, 73, 77, 79, 78], [82, 81, 80, 83, 87, 84, 85, 88]]
65: [[38, 7, 67, 5], [3, 10, 9, 4], [1, 2, 22, 12], [30, 6, 8, 11], [15, 31, 14], [21, 17, 13, 18], [24, 16, 23], [25, 19, 20, 26], [27, 29, 32, 28], [56, 37, 41, 60], [42, 35, 33, 34], [44, 36, 40, 43], [47, 45, 46], [63, 61, 62, 53], [50, 55, 52, 54, 49, 39, 48, 51, 57, 59, 58, 86, 64], [66, 71, 69, 65, 68], [70, 72, 75, 74, 76, 73, 77, 79, 78, 82, 81, 80, 83, 87, 84, 85, 88]]
66: [[38, 7, 67, 5], [3, 10, 9, 4], [1, 2, 22, 12], [30, 6, 8, 11], [15, 31, 14], [21, 17, 13, 18], [24, 16, 23, 25], [19, 20, 26], [27, 29, 32, 28], [56, 37, 41], [60, 42, 35, 33], [34, 44, 36], [46, 40, 47, 61, 43], [63, 59, 39, 45, 51], [50, 48, 52, 53], [54, 55, 49, 57], [58, 62, 86, 64], [66, 71, 69, 65], [68, 70, 72, 75], [74, 76, 73, 77], [79, 78], [82, 81, 80, 83, 87], [84, 85, 88]]
67: [[38, 7, 67, 5], [3, 10, 9, 4], [1, 2, 22, 12], [30, 6, 8], [11, 15, 31, 14], [21, 17, 13], [18, 24, 16, 23], [25, 19, 20, 26, 27], [29, 32, 28], [56, 37, 41, 60], [42, 35, 33, 34], [44, 36, 39, 40], [43, 45, 47, 46], [54, 49, 50, 51], [48, 53, 52], [55, 57, 62, 61, 58, 63, 59], [86, 64, 66], [71, 69, 65], [68, 70, 72, 75, 74, 76, 73, 77, 79, 78, 82, 81, 80, 83, 87, 84, 85, 88]]
68: [[38, 7, 67, 5], [3, 10, 9, 4], [1, 2, 22, 12], [30, 6, 8], [11, 15, 31, 14], [21, 17, 13, 18], [24, 16, 23, 25], [19, 20, 26, 27], [29, 32, 28, 56], [37, 41, 60, 42, 35, 33, 34, 44, 36, 39, 40, 46, 59, 47, 63, 58, 53, 50, 43, 52, 48, 45, 61, 54, 51, 55, 49, 57, 62, 86, 64, 66, 71, 69, 65, 68, 70, 72, 75, 74, 76, 73], [77, 79, 78, 82], [81, 80, 83], [87, 84, 85, 88]]
69: [[38, 7, 67, 5], [3, 10, 9, 4], [1, 2, 22, 12], [30, 6, 8, 11], [15, 31, 14], [21, 17, 13, 18], [24, 16, 23, 25], [19, 20, 26, 27], [29, 32, 28, 56, 37, 41, 60, 42, 35, 33, 34, 44, 36, 39, 43, 45, 46, 40, 47, 63, 50, 48, 52, 59, 55, 54, 51], [53, 49, 58, 57, 62, 61, 86, 64, 66, 71, 69, 65, 68, 70, 72, 75, 74, 76, 73, 77, 79, 78, 82, 81, 80, 83, 87, 84, 85, 88]]
70: [[38, 7, 67, 5], [3, 10, 9, 4], [1, 2, 22, 12], [30, 6, 8, 11], [15, 31, 14], [21, 17, 13, 18], [24, 16, 23, 25], [19, 20, 26], [27, 29, 32, 28], [56, 37, 41], [60, 42, 35, 33], [34, 44, 36, 39], [43, 40, 46], [45, 58, 51, 47], [50, 49, 52, 48], [54, 53, 55], [59, 57, 62, 61], [63, 86, 64], [66, 71, 69, 65], [68, 70, 72, 75], [74, 76, 73], [77, 79, 78, 82], [81, 80, 83], [87, 84, 85, 88]]
71: [[38, 7, 67, 5], [3, 10, 9, 4], [1, 2, 22, 12], [30, 6, 8, 11], [15, 31, 14], [21, 17, 13, 18], [24, 16, 23, 25], [19, 20, 26, 27], [29, 32, 28, 56], [37, 41], [60, 42, 35, 33], [34, 44, 36, 39], [40, 46, 61, 43], [58, 63, 55, 45], [50, 47, 52, 48], [49, 53, 54], [51, 57, 59, 62], [86, 64, 66, 71], [69, 65, 68, 70], [72, 75, 74, 76], [73, 77, 79, 78], [82, 81, 80, 83], [87, 84, 85, 88]]
72: [[38, 7, 67, 5], [3, 10, 9, 4], [1, 2, 22, 12], [30, 6, 8, 11], [15, 31, 14], [21, 17, 13], [18, 24, 16, 23, 25], [19, 20, 26, 27, 29], [32, 28, 56, 37], [41, 60, 42], [35, 33, 34, 44], [36, 39, 40], [47, 57, 45, 58, 51, 43, 46, 53, 62, 48, 49, 50, 54, 59, 52], [63, 55, 61, 86, 64, 66, 71, 69, 65, 68, 70, 72, 75, 74, 76, 73, 77, 79, 78, 82, 81, 80, 83, 87, 84, 85, 88]]
73: [[38, 7, 67, 5], [3, 10, 9, 4], [1, 2, 22, 12], [30, 6, 8], [11, 15, 31, 14], [21, 17, 13, 18], [24, 16, 23, 25], [19, 20, 26, 27], [29, 32, 28, 56], [37, 41, 60], [42, 35, 33, 34, 44, 36, 43, 45], [40, 47, 46, 62, 39, 59, 53, 48, 54, 51, 49, 52, 55, 50, 57, 58, 61, 63], [86, 64, 66, 71, 69, 65, 68, 70, 72, 75, 74, 76, 73, 77, 79, 78, 82, 81, 80, 83, 87, 84, 85, 88]]
74: [[38, 7, 67, 5], [3, 10, 9, 4], [1, 2, 22, 12], [30, 6, 8, 11], [15, 31, 14, 21], [17, 13, 18, 24, 16], [23, 25], [19, 20, 26, 27], [29, 32, 28, 56], [37, 41, 60], [42, 35, 33, 34], [44, 36, 39, 40], [43, 45, 47, 46], [49, 63, 50, 51], [54, 52, 55, 53], [48, 57, 58, 61], [59, 62, 86, 64], [66, 71, 69], [65, 68, 70, 72], [75, 74, 76, 73], [77, 79, 78, 82], [81, 80, 83, 87], [84], [85, 88]]
75: [[38, 7, 67, 5], [3, 10, 9, 4], [1, 2, 22, 12], [30, 6, 8], [11, 15, 31, 14], [21, 17, 13, 18], [24, 16, 23, 25], [19, 20, 26], [27, 29, 32, 28, 56], [37, 41, 60, 42, 35, 33, 34, 44, 36, 39, 40, 47, 61, 43, 59, 45, 55, 51, 49, 54, 48, 50, 53, 46, 52, 57, 58, 63, 62, 86, 64, 66, 71, 69, 65, 68, 70, 72], [75, 74, 76, 73, 77, 79, 78, 82, 81, 80, 83, 87, 84, 85, 88]]
76: [[38, 7, 67, 5], [3, 10, 9, 4], [1, 2, 22, 12], [30, 6, 8], [11, 15, 31, 14], [21, 17, 13, 18], [24, 16, 23, 25], [19, 20, 26, 27], [29, 32, 28, 56], [37, 41, 60, 42], [35, 33, 34, 44], [36, 39], [40, 45, 47, 46], [62, 48, 50], [52, 55, 49, 43, 51, 53, 54, 58, 57, 59, 61, 63, 86, 64, 66, 71, 69, 65, 68, 70, 72, 75, 74, 76, 73, 77, 79, 78, 82, 81, 80, 83, 87], [84, 85, 88]]
77: [[38, 7, 67, 5], [3, 10, 9, 4], [1, 2, 22, 12], [30, 6, 8, 11], [15, 31, 14], [21, 17, 13, 18], [24, 16, 23, 25], [19, 20, 26, 27], [29, 32, 28, 56], [37, 41, 60, 42], [35, 33, 34, 44], [36, 39, 40, 47], [59, 43, 63], [46, 53, 50, 45], [48, 54], [49, 61, 55, 51], [57, 58, 52], [62, 86, 64, 66], [71, 69, 65, 68], [70, 72, 75], [74, 76, 73], [77, 79, 78, 82, 81, 80, 83, 87, 84, 85, 88]]
78: [[38, 7, 67, 5], [3, 10], [9, 4], [1, 2, 22, 12], [30, 6, 8], [11, 15, 31, 14], [21, 17, 13, 18], [24, 16, 23, 25], [19, 20, 26, 27], [29, 32, 28], [56, 37, 41, 60], [42, 35, 33, 34], [44, 40, 39, 36], [43, 45, 46, 47], [55, 57, 50], [48, 53, 49, 51, 54, 59, 52, 61, 63, 58, 62, 86, 64, 66, 71, 69, 65, 68, 70, 72, 75, 74, 76, 73, 77, 79, 78, 82, 81, 80, 83, 87, 84, 85, 88]]
79: [[38, 7, 67, 5], [3, 10, 9, 4], [1, 2, 22, 12], [30, 6, 8], [11, 15, 31, 14], [21, 17, 13, 18], [24, 16, 23, 25], [19, 20, 26], [27, 29, 32, 28], [56, 37, 41, 60], [42, 35, 33, 34], [44, 36, 39, 40], [47, 45, 43, 63], [61, 55, 52, 54, 51], [49, 57, 50, 46], [48, 53, 58], [59, 62, 86, 64, 66, 71, 69, 65, 68, 70, 72, 75, 74, 76, 73, 77, 79, 78], [82, 81, 80, 83], [87, 84, 85, 88]]
80: [[38, 7, 67, 5], [3, 10, 9, 4], [1, 2, 22, 12], [30, 6, 8], [11, 15, 31, 14], [21, 17, 13, 18], [24, 16, 23, 25, 19], [20, 26, 27], [29, 32, 28, 56], [37, 41, 60, 42], [35, 33, 34, 44], [36, 39, 40, 47], [59, 43, 63, 45], [51, 46, 48, 52], [49, 61, 53, 54, 50], [55, 57, 62, 58], [86, 64, 66], [71, 69], [65, 68, 70, 72], [75, 74, 76, 73], [77, 79, 78, 82, 81, 80, 83, 87, 84, 85, 88]]
81: [[38, 7, 67, 5], [3, 10, 9, 4], [1, 2, 22, 12], [30, 6, 8, 11], [15, 31, 14], [21, 17, 13], [18, 24, 16, 23], [25, 19, 20, 26], [27, 29, 32, 28, 56, 37, 41, 60, 42, 35, 33, 34, 44, 36, 39, 40, 47, 43, 45, 62, 63, 51, 48, 53, 46, 52, 50, 49, 54, 55, 58, 57, 59, 61, 86, 64, 66, 71, 69, 65, 68, 70, 72, 75, 74, 76, 73, 77, 79, 78, 82, 81, 80, 83, 87, 84, 85, 88]]
82: [[38, 7, 67, 5], [3, 10, 9, 4], [1, 2, 22, 12], [30, 6, 8], [11, 15, 31, 14], [21, 17, 13, 18], [24, 16, 23, 25], [19, 20, 26, 27], [29, 32, 28, 56], [37, 41], [60, 42, 35, 33], [34, 44, 36, 39], [40, 47, 43, 45], [63, 46, 48, 54], [52, 53, 49], [50], [55, 51, 57, 59], [58, 61, 62, 86, 64, 66, 71, 69, 65, 68, 70, 72, 75, 74, 76, 73, 77, 79, 78, 82, 81, 80, 83], [87, 84, 85, 88]]
83: [[38, 7, 67, 5, 3], [10, 9, 4, 1], [2, 22, 12], [30, 6, 8, 11], [15, 31, 14], [21, 17, 13, 18], [24, 16, 23, 25], [19, 20, 26, 27], [29, 32, 28], [56, 37, 41, 60], [42, 35, 33], [34, 44, 36, 39], [40, 46, 43, 61], [47, 59, 49, 53], [45, 51, 58, 50], [62, 48, 57, 63], [52, 54, 55, 86], [64, 66, 71], [69, 65, 68, 70], [72, 75, 74], [76, 73], [77, 79], [78, 82, 81], [80, 83, 87, 84], [85, 88]]
84: [[38, 7, 67, 5], [3, 10, 9, 4], [1, 2, 22, 12], [30, 6, 8, 11], [15, 31, 14], [21, 17, 13, 18], [24, 16, 23], [25, 19, 20, 26], [27, 29], [32, 28, 56], [37, 41, 60, 42], [35, 33, 34], [44, 36, 46, 40, 47, 63, 39, 58, 43, 51, 45, 48, 50], [53, 49, 54, 52, 61, 59, 55, 57, 62, 86, 64], [66, 71, 69, 65, 68, 70, 72, 75, 74, 76, 73, 77, 79], [78, 82, 81, 80, 83, 87, 84, 85, 88]]
85: [[38, 7, 67, 5], [3, 10, 9, 4], [1, 2, 22, 12], [30, 6, 8, 11], [15, 31, 14, 21], [17, 13, 18], [24, 16, 23, 25], [19, 20, 26], [27, 29, 32, 28], [56, 37], [41, 60, 42, 35], [33, 34, 44], [36, 39, 47, 53], [45, 46, 62], [63, 51, 40, 50], [43, 48, 55, 49, 52, 54, 59, 61, 58, 57, 86, 64, 66, 71, 69, 65, 68, 70, 72, 75, 74, 76, 73, 77, 79, 78, 82, 81, 80, 83, 87, 84, 85, 88]]
86: [[38, 7, 67, 5], [3, 10, 9, 4], [1, 2, 22, 12], [30, 6, 8, 11], [15, 31, 14], [21, 17, 13, 18], [24, 16, 23, 25], [19, 20, 26, 27], [29, 32, 28], [56, 37, 41, 60], [42, 35, 33, 34], [44, 36, 47], [39, 40, 43, 46], [45], [54, 50, 48], [52, 53], [49, 51, 63, 55], [57, 58, 61], [59, 62, 86, 64], [66, 71, 69, 65, 68, 70, 72, 75, 74, 76, 73, 77, 79, 78, 82, 81, 80, 83, 87, 84, 85, 88]]
87: [[38, 7, 67, 5], [3, 10, 9, 4], [1, 2, 22, 12], [30, 6, 8], [11, 15, 31, 14], [21, 17, 13, 18], [24, 16, 23], [25, 19, 20, 26], [27, 29, 32, 28], [56, 37, 41, 60], [42, 35, 33, 34], [44, 36, 39, 40, 47], [45, 43, 63, 50], [46, 53, 48, 51], [52, 58, 49], [59, 54, 61, 55], [57, 62, 86, 64], [66, 71, 69], [65, 68, 70, 72], [75, 74, 76, 73, 77, 79, 78, 82, 81, 80, 83, 87, 84, 85, 88]]
88: [[38, 7, 67, 5], [3, 10, 9, 4], [1, 2, 22, 12], [30, 6, 8], [11, 15, 31, 14], [21, 17, 13, 18], [24, 16, 23], [25, 19, 20, 26], [27, 29, 32, 28], [56, 37, 41], [60, 42, 35, 33], [34, 44, 36, 39], [40, 47, 59], [43, 45, 50, 54], [48, 52, 46, 51], [55, 63, 49, 57], [58, 53, 61], [62, 86, 64, 66], [71, 69, 65, 68], [70, 72, 75, 74], [76, 73, 77, 79, 78, 82, 81, 80, 83, 87], [84, 85, 88]]
89: [[38, 7, 67, 5], [3, 10, 9, 4], [1, 2, 22, 12], [30, 6, 8, 11], [15, 31, 14], [21, 17, 13, 18], [24, 16, 23], [25, 19, 20, 26], [27, 29, 32, 28], [56, 37, 41, 60], [42, 35, 33], [34, 44, 36, 46], [40, 47, 43, 39], [62, 59, 49], [45, 48, 58, 53], [50, 54, 55, 51], [52, 63, 61, 57], [86, 64, 66, 71, 69], [65, 68, 70], [72, 75, 74, 76], [73, 77, 79], [78, 82, 81, 80], [83, 87, 84, 85, 88]]
90: [[38, 7, 67, 5], [3, 10, 9, 4], [1, 2, 22, 12], [30, 6, 8, 11], [15, 31, 14], [21, 17, 13, 18], [24, 16, 23], [25, 19, 20, 26], [27, 29], [32, 28, 56], [37, 41, 60, 42], [35, 33, 34, 44], [36, 46, 40], [47, 63, 39, 58], [43, 51, 45, 48], [62, 49, 50], [52, 54, 53, 57], [55, 61, 59, 86], [64, 66, 71, 69], [65, 68, 70, 72, 75], [74, 76, 73], [77, 79, 78, 82], [81, 80, 83], [87, 84, 85, 88]]
91: [[38, 7, 67, 5], [3, 10, 9, 4], [1, 2, 22, 12], [30, 6, 8, 11], [15, 31, 14], [21, 17, 13], [18, 24, 16, 23], [25, 19, 20], [26, 27, 29, 32], [28, 56, 37, 41], [60, 42, 35, 33], [34, 44, 36], [39, 40, 47, 43], [45, 63, 50, 48], [46, 49, 54, 52], [53, 55, 58], [57, 51, 62, 61], [59, 86, 64, 66], [71, 69, 65, 68], [70, 72, 75, 74], [76, 73, 77], [79, 78, 82, 81], [80, 83, 87], [84, 85, 88]]
92: [[38, 7, 67, 5], [3, 10, 9, 4], [1, 2, 22, 12], [30, 6, 8], [11, 15, 31, 14], [21, 17, 13, 18], [24, 16, 23, 25], [19, 20, 26], [27, 29, 32, 28], [56, 37, 41], [60, 42, 35], [33, 34, 44, 36, 39, 40, 47, 45, 43, 63, 46, 50, 53, 49, 55, 51, 54, 48, 57, 52, 59, 58, 62, 61, 86, 64, 66, 71, 69, 65, 68, 70, 72, 75, 74, 76, 73, 77, 79, 78, 82, 81, 80, 83, 87, 84, 85, 88]]
93: [[38, 7, 67, 5], [3, 10, 9, 4], [1, 2, 22, 12], [30, 6, 8, 11], [15, 31, 14], [21, 17, 13, 18], [24, 16, 23, 25, 19, 20, 26, 27, 29, 32, 28, 56], [37, 41, 60, 42, 35, 33, 34, 44, 36, 39, 40, 47, 43, 45, 63, 58, 48, 53, 46, 55, 54, 52, 50, 49, 57, 51, 59, 61, 62, 86, 64, 66, 71, 69, 65, 68, 70, 72, 75, 74, 76, 73, 77, 79, 78, 82, 81, 80, 83, 87, 84, 85, 88]]
94: [[38, 7, 67, 5], [3, 10, 9, 4], [1, 2, 22, 12], [30, 6, 8, 11], [15, 31, 14, 21], [17, 13, 18], [24, 16, 23, 25], [19, 20, 26, 27], [29, 32, 28], [56, 37], [41, 60, 42], [35], [33, 34], [44, 36, 39, 40], [47, 57, 59, 63], [43, 53, 54, 45], [49, 62, 61], [52, 46, 50, 51, 48, 55, 58, 86], [64, 66, 71, 69, 65, 68, 70, 72, 75, 74, 76, 73, 77, 79, 78, 82, 81, 80, 83, 87, 84, 85, 88]]
95: [[38, 7, 67, 5], [3, 10, 9, 4], [1, 2, 22, 12], [30, 6, 8, 11], [15, 31, 14], [21, 17, 13, 18, 24, 16, 23, 25, 19, 20, 26, 27, 29, 32, 28, 56, 37, 41, 60, 42], [35, 33, 34, 44, 36, 39, 40, 47, 43, 45, 46, 59, 48, 53, 50, 49, 55, 54, 51, 52, 57, 63, 58, 62, 61, 86, 64], [66, 71, 69, 65, 68, 70, 72, 75, 74, 76, 73, 77, 79, 78, 82, 81, 80, 83, 87, 84, 85, 88]]
96: [[38, 7, 67, 5], [3, 10, 9, 4], [1, 2, 22, 12], [30, 6, 8], [11, 15, 31, 14], [21, 17, 13, 18], [24, 16, 23, 25], [19, 20, 26, 27], [29, 32, 28, 56], [37, 41, 60, 42], [35, 33, 34, 44], [36, 39, 40], [47, 59, 43, 62], [45, 53], [50, 52, 58, 48], [49, 61, 46], [55, 57, 51, 54], [63, 86, 64, 66], [71, 69, 65], [68, 70, 72], [75, 74, 76, 73, 77, 79, 78, 82, 81, 80, 83, 87, 84, 85, 88]]
97: [[38, 7, 67, 5], [3, 10, 9, 4], [1, 2, 22, 12], [30, 6, 8], [11, 15, 31, 14], [21, 17, 13, 18], [24, 16, 23, 25], [19, 20, 26, 27], [29, 32, 28, 56], [37, 41, 60, 42], [35, 33, 34, 44], [36, 39, 40], [47, 59, 43, 62], [45, 53], [50, 52, 58, 48], [49, 61, 46], [55, 57, 51, 54], [63, 86, 64, 66], [71, 69, 65], [68, 70, 72], [75, 74, 76, 73, 77, 79, 78, 82, 81, 80, 83, 87, 84, 85, 88]]
98: [[38, 7, 67, 5], [3, 10, 9, 4], [1, 2, 22, 12], [30, 6, 8], [11, 15, 31, 14], [21, 17, 13, 18], [24, 16, 23, 25], [19, 20, 26, 27], [29, 32, 28, 56], [37, 41, 60, 42], [35, 33, 34, 44], [36, 39, 40], [47, 59, 43, 62], [45, 53], [50, 52, 58, 48], [49, 61, 46], [55, 57, 51, 54], [63, 86, 64, 66], [71, 69, 65], [68, 70, 72], [75, 74, 76, 73, 77, 79, 78, 82, 81, 80, 83, 87, 84, 85, 88]]
99: [[38, 7, 67, 5], [3, 10, 9, 4], [1, 2, 22, 12], [30, 6, 8, 11], [15, 31, 14], [21, 17], [13, 18, 24, 16], [23, 25, 19, 20], [26, 27], [29, 32, 28, 56, 37, 41, 60, 42, 35, 33, 34, 44, 36, 47, 40, 46, 45, 43, 62, 61, 63, 52, 48, 39, 49, 55, 57, 50, 51, 59, 53, 54, 58, 86, 64, 66, 71, 69, 65, 68, 70, 72, 75, 74, 76, 73, 77, 79, 78, 82, 81, 80, 83], [87, 84, 85, 88]]
100: [[38, 7, 67, 5], [3, 10, 9, 4], [1, 2, 22, 12], [30, 6, 8, 11], [15, 31, 14], [21, 17, 13, 18], [24, 16, 23, 25], [19, 20, 26, 27, 29], [32, 28, 56, 37], [41, 60, 42, 35], [33, 34, 44], [36, 39, 40, 52], [43, 47, 61], [45, 51, 54], [46, 48, 49, 57, 53, 55, 58, 59, 50, 62, 63, 86, 64, 66, 71, 69, 65, 68, 70, 72, 75, 74, 76, 73, 77, 79, 78, 82, 81, 80, 83, 87, 84, 85, 88]]
101: [[38, 7, 67, 5], [3, 10, 9, 4], [1, 2, 22], [12, 30, 6, 8], [11, 15, 31, 14], [21, 17, 13, 18], [24, 16, 23], [25, 19, 20, 26], [27, 29, 32, 28], [56, 37, 41, 60], [42, 35, 33], [34, 44, 39, 40], [36, 47, 43, 45], [61, 51, 62], [52, 48, 50, 46], [55, 57], [49, 59, 54, 53], [63, 58, 86], [64, 66, 71], [69, 65, 68, 70], [72, 75, 74, 76], [73, 77, 79, 78], [82, 81], [80, 83, 87, 84, 85], [88]]
102: [[38, 7, 67, 5], [3, 10, 9, 4], [1, 2, 22], [12, 30, 6, 8], [11, 15, 31, 14], [21, 17, 13, 18], [24, 16, 23], [25, 19, 20, 26], [27, 29, 32, 28], [56, 37, 41, 60], [42, 35, 33], [34, 44, 39, 40], [36, 47, 43, 45], [61, 51, 62], [52, 48, 50, 46], [55, 57], [49, 59, 54, 53], [63, 58, 86], [64, 66, 71], [69, 65, 68, 70], [72, 75, 74, 76], [73, 77, 79, 78], [82, 81], [80, 83, 87, 84, 85], [88]]
103: [[38, 7, 67, 5], [3, 10, 9, 4], [1, 2, 22, 12], [30, 6, 8, 11], [15, 31, 14], [21, 17, 13, 18], [24, 16, 23, 25], [19, 20, 26], [27, 29], [32, 28, 56, 37], [41, 60, 42, 35], [33, 34, 44], [36, 39, 40, 47], [43, 45, 46], [49, 51, 48, 52], [54, 53, 57, 50, 55], [62, 59], [58, 61, 63, 86], [64, 66, 71, 69, 65, 68, 70, 72, 75, 74, 76, 73, 77, 79, 78, 82, 81, 80, 83, 87, 84, 85, 88]]
104: [[38, 7, 67, 5], [3, 10, 9, 4], [1, 2, 22, 12], [30, 6, 8, 11], [15, 31, 14, 21], [17, 13], [18, 24, 16, 23], [25, 19, 20, 26], [27, 29, 32, 28], [56, 37, 41, 60], [42, 35, 33, 34], [44, 36, 47, 39], [43, 45], [46, 62, 50, 51], [52, 53, 48, 40], [54, 49, 57], [59, 55, 58, 61], [63, 86, 64, 66], [71, 69, 65], [68, 70, 72, 75], [74, 76, 73, 77, 79, 78, 82, 81, 80, 83, 87, 84, 85, 88]]
105: [[38, 7, 67, 5], [3, 10, 9, 4], [1, 2, 22, 12], [30, 6, 8], [11, 15, 31, 14], [21, 17, 13, 18], [24, 16, 23, 25], [19, 20, 26, 27], [29, 32, 28, 56], [37, 41, 60, 42, 35], [33, 34, 44], [36], [39, 40, 45, 47, 43, 63], [57, 54, 53, 46, 49], [51, 55, 48, 50], [52, 59, 58, 61], [62, 86, 64, 66], [71, 69, 65, 68], [70, 72, 75, 74], [76, 73, 77, 79], [78, 82, 81, 80], [83, 87, 84, 85, 88]]
106: [[38, 7, 67, 5], [3, 10, 9, 4], [1, 2, 22, 12], [30, 6, 8, 11], [15, 31, 14, 21, 17, 13], [18, 24, 16, 23, 25], [19, 20, 26, 27], [29, 32, 28, 56], [37, 41, 60, 42], [35, 33, 34, 44], [39, 36, 40, 46], [47, 43, 59, 45, 54, 52, 61, 50, 49], [48, 53, 55, 57], [51, 58, 62, 63], [86, 64, 66, 71, 69, 65, 68, 70, 72, 75, 74, 76, 73, 77, 79, 78, 82, 81, 80, 83, 87, 84, 85, 88]]
107: [[38, 7, 67, 5], [3, 10, 9], [4, 1, 2, 22, 12], [30, 6, 8, 11], [15, 31, 14, 21], [17, 13, 18, 24], [16, 23, 25, 19], [20, 26, 27], [29, 32, 28, 56], [37, 41, 60], [42, 35, 33, 34], [44, 39, 36, 40], [46, 45, 43, 62], [63, 51, 53, 55], [48, 47, 50], [52, 54, 49, 57], [61, 59, 58, 86], [64, 66, 71, 69], [65, 68, 70, 72], [75, 74, 76], [73, 77, 79, 78], [82, 81, 80, 83], [87, 84, 85, 88]]
108: [[38, 7, 67, 5], [3, 10, 9, 4], [1, 2, 22, 12], [30, 6, 8], [11, 15, 31, 14], [21, 17, 13], [18, 24, 16, 23], [25, 19, 20, 26, 27, 29], [32, 28, 56, 37, 41, 60, 42, 35, 33, 34, 44, 36, 39, 40, 47, 43, 45, 61, 50, 53, 62, 49, 55, 54, 46, 52, 48, 57, 51, 63, 58, 59, 86, 64, 66, 71, 69, 65, 68, 70, 72, 75, 74, 76, 73, 77, 79, 78, 82, 81, 80, 83, 87, 84, 85, 88]]
109: [[38, 7, 67, 5], [3, 10, 9, 4], [1, 2, 22, 12], [30, 6, 8, 11], [15, 31, 14, 21], [17, 13, 18], [24, 16, 23, 25], [19, 20, 26, 27], [29, 32, 28, 56], [37, 41, 60], [42, 35, 33, 34], [44, 36, 39, 40], [46, 47, 43], [45, 61, 51, 54], [50, 48, 49, 52], [53, 57, 59, 55, 58], [63, 62, 86, 64], [66, 71, 69, 65], [68, 70, 72], [75, 74, 76, 73], [77, 79, 78], [82, 81, 80, 83, 87, 84, 85, 88]]
110: [[38, 7, 67, 5], [3, 10, 9, 4], [1, 2, 22, 12], [30, 6, 8, 11], [15, 31, 14, 21], [17, 13, 18, 24], [16, 23, 25, 19], [20, 26, 27, 29, 32, 28, 56, 37], [41, 60, 42, 35], [33, 34, 44, 36, 47, 40, 39, 63, 43, 45, 46, 51, 48, 50, 52, 49, 53, 54, 55, 58, 59, 61, 57, 62, 86, 64, 66, 71, 69, 65, 68], [70, 72, 75, 74, 76, 73, 77, 79, 78, 82, 81, 80, 83], [87, 84, 85, 88]]
111: [[38, 7, 67, 5], [3, 10, 9, 4], [1, 2, 22, 12], [30, 6, 8, 11], [15, 31, 14, 21], [17, 13, 18, 24], [16, 23, 25, 19], [20, 26, 27], [29, 32, 28, 56, 37], [41, 60, 42, 35], [33, 34, 44, 49], [39, 40, 47], [43, 45, 59, 50], [61, 36, 57, 46], [48, 51, 52, 53], [54, 55, 62, 58], [63, 86, 64, 66], [71, 69, 65, 68, 70], [72, 75, 74, 76, 73, 77, 79, 78, 82, 81, 80, 83, 87, 84, 85, 88]]
112: [[38, 7, 67, 5], [3, 10, 9, 4], [1, 2, 22, 12], [30, 6, 8, 11], [15, 31, 14, 21], [17, 13, 18], [24, 16, 23, 25], [19, 20, 26], [27, 29], [32, 28, 56], [37, 41, 60, 42], [35, 33, 34], [44, 36], [47, 43, 39, 40], [45, 46], [51, 48, 54, 50], [52, 49, 53, 55], [57, 59], [62, 61, 63, 58, 86, 64, 66, 71, 69, 65, 68, 70, 72, 75, 74, 76, 73, 77, 79, 78, 82, 81, 80, 83, 87, 84, 85, 88]]
113: [[38, 7, 67, 5], [3, 10, 9, 4], [1, 2, 22, 12], [30, 6, 8, 11], [15, 31, 14, 21], [17, 13, 18, 24], [16, 23, 25], [19, 20, 26, 27], [29, 32, 28, 56], [37, 41, 60, 42], [35, 33, 34, 44], [36, 39, 40, 47], [45, 59, 63, 43, 54, 53, 49, 51, 46, 48, 55, 62, 50, 52], [61, 57, 58, 86, 64, 66, 71, 69, 65, 68, 70, 72], [75, 74, 76, 73, 77, 79, 78], [82, 81, 80, 83, 87, 84, 85, 88]]
114: [[38, 7, 67, 5], [3, 10, 9, 4], [1, 2, 22, 12], [30, 6, 8, 11], [15, 31, 14, 21], [17, 13, 18, 24], [16, 23, 25], [19, 20, 26, 27], [29, 32, 28, 56], [37, 41, 60, 42], [35, 33, 34, 44], [36, 39, 43, 45], [63, 40, 46, 59, 62, 50, 54, 49], [47, 48, 53], [51, 52, 55, 61, 57, 58, 86, 64, 66, 71, 69, 65, 68, 70, 72, 75, 74, 76, 73, 77, 79, 78, 82, 81, 80, 83, 87, 84, 85, 88]]
115: [[38, 7], [67, 5, 3, 10], [9, 4, 1], [2, 22, 12, 30], [6, 8, 11], [15, 31, 14], [21, 17, 13, 18], [24, 16, 23], [25, 19, 20, 26], [27, 29, 32, 28], [56, 37, 41], [60, 42, 35], [33, 34, 44, 39], [46, 36, 40, 47], [43, 45, 59, 51], [49, 52, 54, 57], [50, 53, 55, 48], [63, 62, 58, 61], [86, 64, 66, 71], [69, 65, 68, 70, 72, 75, 74], [76, 73, 77, 79, 78, 82, 81, 80, 83, 87, 84, 85, 88]]
116: [[38, 7, 67, 5], [3, 10, 9, 4], [1, 2, 22], [12, 30, 6, 8], [11, 15, 31, 14], [21, 17, 13, 18], [24, 16, 23, 25], [19, 20, 26, 27], [29, 32, 28, 56], [37, 41, 60, 42], [35, 33, 34], [44, 36, 39, 40], [47, 59, 43, 62], [61, 45, 46], [49, 50, 48, 51], [55, 53, 54, 57], [52, 58, 63, 86], [64, 66, 71, 69, 65], [68, 70, 72, 75], [74, 76, 73], [77, 79, 78], [82, 81, 80, 83], [87, 84, 85, 88]]
117: [[38, 7, 67, 5], [3, 10, 9, 4], [1, 2, 22, 12], [30, 6, 8, 11], [15, 31, 14], [21, 17, 13, 18], [24, 16, 23, 25], [19, 20, 26], [27, 29, 32], [28, 56, 37, 41], [60, 42, 35], [33, 34, 44, 36], [47, 40, 39, 43], [63, 62, 45, 55], [50, 46, 49, 48], [53, 52, 54, 57, 51, 58, 59, 61, 86, 64, 66, 71, 69, 65, 68, 70, 72, 75, 74], [76, 73, 77, 79, 78, 82, 81, 80, 83, 87, 84, 85, 88]]
118: [[38, 7, 67, 5], [3, 10, 9, 4], [1, 2, 22, 12], [30, 6, 8, 11], [15, 31, 14, 21], [17, 13, 18, 24], [16, 23, 25], [19, 20, 26, 27], [29, 32, 28, 56], [37, 41, 60], [42, 35, 33, 34], [44, 36, 39, 40], [47, 45, 43], [63, 55, 62, 46, 51], [48, 54, 49, 50], [52, 57, 59, 53], [58, 61, 86], [64, 66, 71, 69], [65, 68, 70, 72, 75], [74, 76, 73, 77, 79], [78, 82], [81, 80, 83], [87, 84, 85, 88]]
119: [[38, 7, 67, 5], [3, 10, 9, 4], [1, 2, 22, 12], [30, 6, 8, 11], [15, 31, 14, 21], [17, 13, 18, 24], [16, 23, 25], [19, 20, 26, 27], [29, 32, 28, 56], [37, 41, 60, 42], [35, 33, 34, 44], [36, 39, 40], [43, 59, 45, 62], [47, 55, 54, 46], [48, 51, 49, 52], [50, 53, 57, 61], [58, 63, 86], [64, 66, 71], [69, 65, 68, 70], [72, 75, 74], [76, 73, 77, 79], [78, 82, 81, 80, 83], [87, 84, 85, 88]]
120: [[38, 7, 67, 5], [3, 10, 9, 4], [1, 2, 22, 12], [30, 6, 8], [11, 15, 31, 14], [21, 17, 13, 18, 24], [16, 23, 25], [19, 20, 26, 27, 29], [32, 28, 56, 37, 41, 60, 42, 35, 33, 34, 44, 36, 39, 40, 47, 61, 43, 63, 45, 51, 46, 49, 48, 50, 54, 53, 52, 55, 57, 62, 59, 58, 86, 64, 66, 71, 69, 65, 68, 70, 72, 75, 74, 76, 73, 77, 79, 78, 82, 81, 80, 83, 87, 84, 85, 88]]
121: [[38, 7, 67, 5], [3, 10, 9, 4], [1, 2, 22, 12], [30, 6, 8, 11], [15, 31], [14, 21, 17, 13], [18, 24, 16, 23], [25, 19, 20, 26], [27, 29], [32, 28, 56, 37], [41, 60, 42], [35, 33, 34, 44], [36, 39, 40, 47], [43, 45, 62, 59], [49, 53, 46, 50], [48, 54, 51, 63], [55, 52, 61, 57], [58, 86, 64], [66, 71, 69, 65], [68, 70, 72, 75], [74, 76, 73], [77, 79, 78, 82], [81, 80, 83, 87], [84, 85, 88]]
122: [[38, 7, 67, 5], [3, 10, 9, 4], [1, 2, 22, 12], [30, 6, 8, 11], [15, 31, 14], [21, 17, 13, 18], [24, 16], [23, 25, 19, 20], [26, 27, 29, 32], [28, 56, 37, 41, 60], [42, 35, 33, 34], [44, 36, 39, 40], [46, 43, 45, 58], [59, 47, 53], [55, 49, 50, 52], [48, 51, 54, 57], [63, 62, 61, 86], [64, 66, 71, 69], [65, 68, 70], [72, 75, 74, 76], [73, 77, 79, 78, 82], [81, 80, 83, 87], [84, 85, 88]]
123: [[38, 7, 67, 5], [3, 10, 9, 4], [1, 2, 22, 12], [30, 6, 8], [11, 15, 31, 14], [21, 17, 13, 18], [24, 16, 23, 25], [19, 20, 26], [27, 29, 32, 28], [56, 37, 41], [60, 42, 35, 33], [34, 44], [36, 39, 45], [46, 63, 40], [47, 43, 51], [54, 49, 52, 50], [48, 53, 55, 58], [59, 61, 57], [62, 86, 64, 66], [71, 69, 65], [68, 70, 72, 75], [74, 76, 73], [77, 79, 78, 82, 81], [80, 83, 87, 84, 85, 88]]
124: [[38, 7, 67, 5], [3, 10, 9, 4], [1, 2, 22, 12], [30, 6, 8, 11], [15, 31, 14, 21], [17, 13, 18, 24, 16, 23, 25, 19], [20, 26, 27], [29, 32, 28, 56, 37, 41, 60, 42, 35, 33, 34, 44, 36, 39, 40, 45, 47, 43, 46, 59, 63, 54, 48, 51, 52, 55, 53, 49, 50, 57, 61, 58, 62, 86, 64, 66, 71, 69], [65, 68, 70, 72, 75, 74, 76, 73, 77, 79, 78, 82, 81, 80, 83, 87, 84, 85, 88]]
125: [[38, 7, 67, 5], [3, 10, 9, 4], [1, 2, 22, 12], [30, 6, 8, 11], [15, 31, 14, 21], [17, 13, 18, 24], [16, 23, 25, 19], [20, 26, 27, 29], [32, 28, 56, 37], [41, 60, 42, 35], [33, 34, 44, 39], [43, 36, 40, 45], [47, 63, 58, 46], [62, 48, 52, 50], [53, 49, 51, 54], [55, 57, 59, 61], [86, 64, 66], [71, 69, 65, 68], [70, 72, 75, 74], [76, 73, 77, 79], [78, 82, 81, 80], [83, 87, 84, 85, 88]]
126: [[38, 7, 67, 5], [3, 10, 9, 4], [1, 2, 22], [12, 30, 6, 8], [11, 15, 31, 14], [21, 17, 13, 18], [24, 16, 23, 25], [19, 20, 26], [27, 29, 32, 28], [56, 37, 41, 60], [42, 35, 33, 34], [44, 36, 47, 39], [40, 45, 46, 62], [43, 50, 53, 48], [52, 51, 54, 57], [58, 61, 55], [49, 63, 59, 86], [64, 66, 71], [69, 65, 68], [70, 72, 75, 74], [76, 73, 77], [79, 78], [82, 81, 80, 83], [87, 84], [85, 88]]
127: [[38, 7, 67, 5], [3, 10, 9, 4], [1, 2, 22, 12], [30, 6], [8, 11, 15, 31], [14, 21, 17, 13], [18, 24, 16, 23], [25, 19, 20, 26], [27, 29, 32, 28], [56, 37, 41, 60], [42, 35], [33, 34, 44, 36], [39, 40, 45], [47, 43, 62, 59, 55, 53, 52, 48, 46, 50, 49, 51, 54, 57, 61, 58, 63, 86, 64, 66, 71, 69, 65, 68, 70, 72, 75, 74, 76, 73, 77, 79, 78], [82, 81, 80, 83, 87, 84, 85, 88]]
128: [[38, 7, 67, 5], [3, 10, 9, 4], [1, 2, 22], [12, 30, 6, 8], [11, 15, 31, 14], [21, 17, 13, 18], [24, 16, 23, 25], [19, 20, 26, 27], [29, 32, 28, 56], [37, 41, 60, 42], [35, 33, 34, 44], [36, 39, 40, 47], [45, 43, 62, 46], [51, 53, 49, 63], [48, 50, 52, 54], [55, 57, 58, 59], [61, 86, 64, 66], [71, 69, 65, 68], [70, 72, 75, 74], [76, 73, 77, 79], [78, 82, 81, 80], [83, 87], [84, 85, 88]]
129: [[38, 7, 67, 5], [3, 10, 9, 4], [1, 2, 22], [12, 30, 6, 8], [11, 15, 31, 14], [21, 17, 13, 18], [24, 16, 23, 25], [19, 20, 26], [27, 29], [32, 28, 56], [37, 41, 60], [42, 35, 33, 34], [44, 36, 40, 39], [46, 47, 43, 45], [59, 62, 54, 51], [50, 52, 55, 57], [48, 58, 53, 49], [63, 61, 86, 64], [66, 71, 69], [65, 68, 70, 72], [75, 74, 76, 73], [77, 79, 78, 82], [81, 80, 83, 87], [84, 85, 88]]
130: [[38, 7, 67, 5], [3, 10, 9, 4], [1, 2, 22], [12, 30, 6, 8], [11, 15, 31, 14], [21, 17, 13, 18], [24, 16, 23], [25, 19, 20, 26], [27, 29, 32, 28], [56, 37, 41, 60], [42, 35, 33, 34], [44, 36, 39, 40], [47], [61, 58, 63, 45], [55, 43, 46, 49], [48, 50, 53, 51], [52, 62, 59, 54], [57, 86, 64], [66, 71, 69, 65], [68, 70, 72], [75, 74], [76, 73, 77, 79], [78, 82, 81, 80], [83, 87, 84], [85, 88]]
131: [[38, 7, 67, 5], [3, 10, 9, 4], [1, 2, 22, 12], [30, 6, 8, 11], [15, 31, 14], [21, 17, 13, 18], [24, 16, 23], [25, 19, 20, 26], [27, 29, 32], [28, 56, 37, 41], [60, 42, 35], [33, 34, 44, 36], [47, 39, 43], [45, 40, 62, 46], [55, 53, 58], [49, 48], [54, 50, 51, 52], [59, 57], [61, 63, 86, 64], [66, 71, 69, 65], [68, 70], [72, 75, 74, 76, 73, 77, 79, 78, 82, 81, 80, 83, 87, 84, 85, 88]]
132: [[38, 7, 67, 5], [3, 10, 9, 4], [1, 2, 22, 12], [30, 6, 8, 11], [15, 31, 14, 21, 17, 13, 18, 24], [16, 23, 25], [19, 20, 26, 27, 29, 32, 28, 56, 37, 41, 60, 42, 35, 33, 34, 44, 36, 39, 40, 45, 47, 46, 63, 59, 57, 52, 48, 62, 43, 50, 53, 54, 49], [51, 55, 61, 58, 86, 64, 66, 71, 69, 65, 68, 70, 72, 75, 74, 76, 73, 77, 79, 78, 82, 81, 80, 83, 87, 84, 85, 88]]
133: [[38, 7, 67, 5], [3, 10, 9, 4], [1, 2, 22, 12], [30, 6, 8, 11], [15, 31, 14, 21], [17, 13, 18, 24], [16, 23, 25], [19, 20, 26, 27], [29, 32, 28, 56, 37], [41, 60, 42, 35], [33, 34, 44, 36], [39, 40, 45, 43], [46, 63, 59, 47], [54, 48, 49, 53, 51, 50, 55, 52], [61, 57, 58], [62, 86, 64, 66, 71, 69, 65, 68, 70, 72, 75, 74, 76, 73, 77, 79, 78, 82, 81, 80, 83, 87, 84, 85, 88]]
134: [[38, 7, 67, 5], [3, 10, 9, 4], [1, 2, 22, 12], [30, 6, 8, 11], [15, 31, 14, 21], [17, 13, 18, 24], [16, 23, 25, 19], [20, 26, 27], [29, 32, 28, 56], [37, 41], [60, 42, 35, 33], [34, 44, 36, 39], [40, 46, 43], [47, 63, 45, 61], [50, 48, 49, 51], [54, 52, 53, 55, 59, 58], [62, 57, 86, 64, 66], [71, 69, 65, 68], [70, 72, 75], [74, 76, 73, 77, 79, 78, 82], [81, 80, 83, 87, 84, 85, 88]]
135: [[38, 7, 67, 5], [3, 10, 9, 4], [1, 2, 22, 12], [30, 6], [8, 11, 15, 31, 14], [21, 17, 13, 18, 24, 16, 23, 25, 19, 20, 26, 27, 29, 32, 28, 56, 37, 41, 60, 42, 35, 33, 34, 44, 36, 39, 40, 47, 43, 45, 46, 49, 48, 52, 51, 53, 54, 61, 50, 63, 55, 57, 58, 62, 59, 86, 64, 66, 71, 69, 65, 68, 70, 72, 75, 74, 76, 73, 77, 79, 78, 82, 81, 80, 83, 87, 84, 85, 88]]
136: [[38, 7, 67, 5], [3, 10, 9, 4], [1, 2, 22, 12], [30, 6, 8, 11], [15, 31, 14, 21], [17, 13, 18], [24, 16, 23, 25], [19, 20], [26, 27, 29], [32, 28, 56, 37, 41, 60, 42, 35, 33, 34, 44, 36], [39, 40, 47, 43], [45, 63, 58, 51, 55, 46, 48, 54, 52, 49, 50, 57, 61, 62, 59, 53, 86, 64, 66, 71, 69, 65, 68, 70, 72, 75, 74, 76, 73, 77, 79, 78, 82, 81, 80, 83, 87, 84, 85, 88]]
137: [[38, 7, 67, 5], [3, 10, 9, 4], [1, 2, 22, 12, 30], [6, 8, 11, 15], [31, 14, 21], [17, 13, 18, 24], [16, 23, 25], [19, 20, 26, 27], [29, 32], [28, 56, 37, 41], [60, 42, 35, 33], [34, 44, 36], [39, 43, 45, 57], [40, 62, 46, 49], [61, 52, 48], [59, 50, 47, 54], [51, 53, 55, 58], [63, 86, 64, 66], [71, 69, 65], [68, 70, 72, 75], [74, 76, 73, 77], [79, 78, 82, 81], [80, 83, 87, 84, 85, 88]]
138: [[38, 7, 67, 5], [3, 10, 9, 4], [1, 2, 22, 12], [30, 6, 8, 11], [15, 31, 14, 21, 17, 13, 18, 24, 16, 23, 25, 19, 20, 26, 27, 29, 32, 28, 56, 37, 41, 60, 42, 35, 33, 34, 44, 36, 39, 40, 47, 61, 45, 62, 58, 59, 55, 53, 52, 43, 46, 50, 48, 51, 49, 54, 57, 63, 86, 64, 66, 71, 69, 65, 68, 70, 72, 75, 74, 76, 73, 77, 79, 78], [82, 81, 80, 83, 87, 84, 85, 88]]
139: [[38, 7, 67, 5], [3, 10, 9, 4], [1, 2, 22], [12, 30, 6, 8], [11, 15, 31, 14], [21, 17, 13, 18], [24, 16, 23, 25], [19, 20, 26, 27, 29, 32, 28, 56, 37, 41, 60, 42, 35, 33, 34, 44, 36, 39, 40, 47, 43, 45, 63, 58, 62, 54, 49, 48, 51, 46, 61, 50, 52, 53, 57, 55, 59, 86, 64, 66, 71, 69], [65, 68, 70, 72], [75, 74, 76, 73, 77, 79, 78], [82, 81, 80, 83, 87, 84, 85, 88]]
140: [[38, 7, 67, 5], [3, 10, 9, 4], [1, 2, 22], [12, 30, 6, 8], [11, 15, 31, 14], [21, 17, 13], [18, 24, 16, 23], [25, 19, 20], [26, 27, 29, 32], [28, 56, 37, 41], [60, 42, 35, 33], [34, 44, 39, 45], [40, 47, 43], [36, 62, 46, 50, 51], [52, 53, 49, 61], [48, 55, 54], [57, 58, 63, 59], [86, 64, 66, 71], [69, 65, 68, 70, 72], [75, 74, 76, 73], [77, 79, 78, 82], [81, 80, 83, 87], [84, 85, 88]]
141: [[38, 7, 67, 5], [3, 10, 9, 4], [1, 2, 22, 12], [30, 6, 8], [11, 15, 31, 14], [21, 17, 13], [18, 24, 16, 23], [25, 19, 20, 26], [27, 29, 32], [28, 56, 37, 41], [60, 42, 35, 33], [34, 44, 36], [39, 40, 47, 61], [43, 45, 46, 53, 51], [49, 48], [62, 63, 54], [59, 58, 50, 52, 55, 57, 86], [64, 66, 71, 69, 65, 68, 70, 72, 75, 74, 76, 73, 77, 79, 78, 82, 81, 80, 83], [87, 84, 85, 88]]
142: [[38, 7, 67, 5], [3, 10, 9, 4], [1, 2, 22], [12, 30, 6, 8], [11, 15, 31, 14], [21, 17, 13, 18], [24, 16, 23, 25], [19, 20], [26, 27, 29], [32, 28, 56, 37], [41, 60, 42, 35], [33, 34, 44, 36, 39, 40], [47, 45, 43, 54, 46, 48], [53, 49], [63, 52, 50, 55, 51, 58, 57, 61], [62, 59, 86, 64, 66, 71, 69, 65, 68, 70, 72, 75, 74, 76, 73, 77, 79, 78, 82, 81, 80, 83, 87, 84, 85, 88]]
143: [[38, 7, 67, 5], [3, 10, 9], [4, 1, 2, 22], [12, 30, 6, 8], [11, 15, 31, 14], [21, 17, 13, 18], [24, 16, 23, 25], [19, 20, 26, 27], [29, 32, 28, 56], [37, 41, 60, 42], [35, 33, 34, 44, 36], [39, 40, 47, 43, 51], [45, 54, 55, 49, 53, 57, 50, 58], [46, 48], [59, 63], [62, 61, 52, 86, 64, 66, 71, 69], [65, 68, 70, 72, 75, 74, 76, 73, 77, 79, 78, 82, 81], [80, 83, 87, 84, 85, 88]]
144: [[38, 7, 67, 5], [3, 10, 9, 4], [1, 2, 22], [12, 30, 6, 8], [11, 15, 31, 14], [21, 17, 13, 18], [24, 16, 23, 25], [19, 20, 26, 27], [29, 32, 28, 56, 37, 41, 60, 42, 35, 33, 34, 44, 36, 39, 40, 47, 45, 43, 49, 51, 46, 48], [55, 54, 58, 53, 50, 52, 59, 62, 61, 57, 63, 86], [64, 66, 71, 69, 65, 68, 70], [72, 75, 74, 76, 73, 77, 79, 78], [82, 81, 80, 83, 87, 84, 85, 88]]
145: [[38, 7, 67, 5], [3, 10, 9, 4], [1, 2, 22], [12, 30, 6, 8], [11, 15, 31, 14], [21, 17, 13, 18], [24, 16, 23], [25, 19, 20, 26], [27, 29, 32, 28], [56, 37, 41, 60], [42, 35], [33, 34, 44, 36], [43, 39, 40], [61, 45, 59], [47, 55, 62, 63], [46, 51, 50, 52], [48, 54, 49, 57], [58, 53, 86, 64], [66, 71, 69], [65, 68, 70, 72], [75, 74, 76, 73], [77, 79, 78], [82, 81, 80, 83, 87, 84, 85, 88]]
146: [[38, 7, 67, 5], [3, 10, 9, 4], [1, 2, 22], [12, 30, 6, 8], [11, 15], [31, 14, 21, 17, 13], [18, 24, 16, 23], [25, 19, 20, 26, 27], [29, 32, 28, 56], [37, 41, 60], [42, 35, 33, 34, 44], [36, 39, 40, 46, 45, 43, 63, 59], [51, 53, 47, 49], [48, 50, 52, 58, 54, 57, 61, 55, 62, 86, 64, 66, 71, 69], [65, 68, 70, 72, 75, 74, 76, 73, 77, 79, 78, 82, 81, 80, 83, 87, 84, 85, 88]]
147: [[38, 7, 67, 5], [3, 10, 9], [4, 1, 2, 22], [12, 30, 6, 8], [11, 15, 31, 14], [21, 17, 13, 18, 24], [16, 23], [25, 19, 20], [26, 27, 29, 32, 28, 56, 37], [41, 60, 42, 35, 33, 34, 44, 36, 39, 40, 47, 45, 43, 46, 48, 51, 49, 54, 61, 52, 50, 53, 55, 57, 58, 59, 63, 62, 86, 64, 66, 71, 69, 65, 68, 70, 72, 75, 74, 76, 73, 77, 79, 78, 82, 81, 80, 83, 87, 84, 85, 88]]
148: [[38, 7, 67, 5], [3, 10, 9, 4], [1, 2, 22, 12], [30, 6, 8, 11], [15, 31], [14, 21, 17, 13], [18, 24, 16, 23], [25, 19, 20], [26, 27, 29, 32], [28, 56, 37, 41], [60, 42, 35], [33, 34, 44, 36, 39, 40, 43], [63, 45, 62, 59, 50, 52, 47, 48, 57, 46, 49], [51, 55, 53, 58, 54, 61, 86, 64, 66, 71, 69, 65, 68, 70, 72, 75, 74, 76, 73, 77, 79, 78, 82, 81, 80, 83, 87, 84, 85, 88]]
149: [[38, 7, 67, 5], [3, 10, 9], [4, 1, 2, 22], [12, 30, 6, 8], [11, 15, 31, 14], [21, 17, 13, 18], [24, 16, 23, 25], [19, 20, 26], [27, 29, 32, 28], [56, 37, 41], [60, 42], [35, 33, 34], [44, 36, 39, 40], [45, 47, 43], [62, 59, 57, 46], [48, 58, 53, 50], [52, 54, 55], [51, 49, 61, 63], [86, 64, 66, 71], [69, 65, 68, 70], [72, 75, 74, 76], [73, 77, 79, 78], [82, 81, 80, 83], [87, 84, 85, 88]]
150: [[38, 7, 67, 5], [3, 10, 9, 4], [1, 2, 22, 12], [30, 6, 8, 11], [15, 31, 14, 21], [17, 13, 18, 24], [16, 23, 25, 19], [20, 26, 27, 29, 32], [28, 56, 37, 41], [60, 42, 35], [33, 34, 44, 36], [39, 40, 47, 43], [45, 63, 61], [46, 54], [48, 49, 50], [53], [51, 52], [55, 57], [58, 62, 59, 86, 64], [66, 71, 69, 65, 68, 70, 72, 75, 74, 76, 73, 77, 79, 78, 82, 81, 80, 83, 87, 84, 85, 88]]
151: [[38, 7, 67], [5, 3, 10], [9, 4, 1, 2], [22, 12, 30, 6], [8, 11, 15, 31], [14, 21, 17, 13], [18, 24, 16, 23], [25, 19, 20, 26], [27, 29, 32], [28, 56, 37], [41, 60, 42, 35], [33, 34, 44, 36], [39, 40, 43, 45], [46, 47, 59, 49], [51, 48, 50, 61], [52, 53, 54, 55], [58, 57], [62, 63, 86, 64], [66, 71, 69, 65], [68, 70, 72, 75], [74, 76, 73, 77], [79, 78, 82, 81], [80, 83, 87], [84, 85, 88]]
152: [[38, 7, 67, 5], [3, 10, 9, 4], [1, 2, 22], [12, 30, 6, 8], [11, 15, 31, 14], [21, 17, 13], [18, 24, 16, 23], [25, 19, 20, 26], [27, 29, 32], [28, 56, 37, 41], [60, 42, 35, 33], [34, 44, 36], [43, 40, 39, 45], [46, 54, 47], [53, 48, 51, 59], [55, 50, 49], [61, 52, 57, 58], [63, 62, 86], [64, 66, 71, 69], [65, 68, 70, 72], [75, 74, 76, 73], [77, 79, 78, 82], [81, 80, 83, 87], [84, 85, 88]]
153: [[38, 7, 67, 5], [3, 10, 9, 4], [1, 2, 22, 12], [30, 6, 8], [11], [15, 31], [14, 21], [17, 13, 18, 24, 16, 23, 25, 19, 20, 26, 27, 29, 32, 28, 56, 37, 41, 60, 42, 35, 33, 34, 44, 36, 47, 39, 43, 40, 45, 46, 49, 51, 48, 50, 52, 55, 54, 53, 63, 57, 62, 61, 58], [59, 86, 64, 66, 71], [69, 65, 68, 70, 72, 75, 74, 76, 73, 77, 79, 78, 82, 81, 80, 83, 87, 84, 85, 88]]
154: [[38, 7, 67], [5, 3], [10, 9, 4], [1], [2, 22], [12, 30, 6, 8], [11, 15, 31, 14], [21, 17, 13, 18], [24, 16, 23], [25, 19, 20, 26, 27, 29, 32, 28], [56, 37, 41, 60, 42, 35, 33, 34, 44, 36, 39, 40, 47, 63, 43, 62, 45, 61, 50, 46, 49, 48, 58, 54, 59, 51, 53], [52, 55, 57, 86, 64, 66, 71, 69, 65, 68, 70, 72, 75, 74, 76, 73, 77, 79, 78, 82, 81, 80, 83, 87, 84, 85, 88]]
155: [[38, 7, 67, 5], [3, 10, 9, 4], [1, 2, 22, 12], [30, 6, 8], [11], [15, 31], [14, 21], [17, 13, 18, 24, 16, 23, 25, 19, 20, 26, 27, 29, 32, 28, 56, 37, 41, 60, 42, 35, 33, 34, 44, 36, 39, 40, 47, 43, 46, 45, 51, 48, 53, 50, 52, 49, 55, 54, 62, 57, 59, 61, 58], [63, 86, 64, 66, 71], [69, 65, 68, 70, 72, 75, 74, 76, 73, 77, 79, 78, 82, 81, 80, 83, 87, 84, 85, 88]]
156: [[38, 7, 67, 5], [3, 10, 9, 4, 1], [2, 22, 12, 30], [6, 8, 11, 15], [31, 14, 21, 17], [13, 18, 24, 16, 23, 25, 19, 20, 26, 27, 29, 32], [28, 56, 37, 41], [60, 42, 35], [33, 34, 44, 36], [47, 40, 39, 51, 43, 63], [45, 46, 49, 55, 50], [48, 58, 53, 54, 52, 59, 57, 61], [62, 86], [64, 66], [71, 69, 65, 68, 70, 72, 75, 74], [76, 73, 77, 79, 78, 82, 81, 80, 83, 87, 84, 85, 88]]
157: [[38, 7, 67, 5], [3, 10, 9, 4], [1, 2, 22, 12], [30, 6, 8, 11, 15], [31, 14, 21], [17, 13, 18, 24], [16, 23, 25, 19], [20, 26, 27, 29], [32, 28, 56, 37], [41, 60, 42, 35], [33, 34, 44, 36], [39, 40, 47, 45], [43, 62, 46, 54], [52, 48, 51, 49], [55, 50, 59, 57], [63, 58, 61, 53], [86, 64, 66, 71], [69, 65, 68, 70], [72, 75, 74], [76, 73, 77, 79], [78, 82, 81, 80], [83, 87, 84], [85, 88]]
158: [[38, 7, 67, 5], [3, 10, 9, 4, 1], [2, 22, 12, 30], [6, 8, 11, 15], [31, 14, 21], [17, 13, 18, 24], [16, 23, 25, 19], [20, 26, 27, 29], [32, 28, 56, 37], [41, 60, 42, 35], [33, 34, 44], [36, 47, 43, 51], [39, 45, 62, 59], [40, 52, 54, 48], [46, 50, 49], [53, 55, 57, 61], [58, 63, 86], [64, 66, 71, 69], [65, 68], [70, 72, 75, 74], [76, 73, 77], [79, 78, 82, 81], [80, 83, 87], [84, 85, 88]]
159: [[38, 7, 67, 5], [3, 10, 9, 4], [1, 2, 22], [12, 30, 6, 8, 11, 15, 31, 14], [21, 17, 13, 18, 24, 16, 23, 25, 19, 20, 26, 27, 29, 32, 28, 56, 37, 41], [60, 42, 35, 33, 34, 44, 36, 43, 40, 39, 45, 46, 62, 47, 50, 55, 49, 54, 51, 58, 48, 52, 63, 53, 59, 57, 61, 86, 64, 66, 71, 69, 65, 68, 70, 72, 75, 74, 76, 73, 77, 79, 78, 82, 81, 80, 83, 87, 84, 85, 88]]
160: [[38, 7, 67], [5, 3, 10, 9], [4, 1, 2, 22], [12, 30, 6, 8], [11, 15, 31], [14, 21, 17, 13], [18, 24, 16, 23], [25, 19, 20, 26], [27, 29], [32, 28, 56, 37], [41, 60, 42], [35, 33, 34], [44, 36, 39, 40], [46, 61, 43, 62], [63, 55, 45, 49], [47, 52, 50, 53], [48, 51, 54], [57, 58, 59, 86], [64, 66, 71, 69], [65, 68, 70], [72, 75, 74, 76, 73, 77, 79, 78, 82, 81, 80, 83, 87, 84, 85, 88]]
161: [[38, 7, 67, 5], [3, 10, 9, 4], [1, 2], [22, 12, 30, 6, 8], [11], [15, 31, 14, 21, 17, 13, 18, 24, 16, 23, 25, 19, 20, 26, 27, 29, 32, 28, 56, 37, 41, 60, 42, 35, 33, 34, 44, 36, 45, 39, 40, 47, 43, 46, 57, 58, 52, 49, 50, 48, 55, 51, 53, 54, 59, 61, 63, 62, 86, 64, 66, 71, 69, 65, 68, 70, 72, 75, 74, 76, 73, 77, 79, 78, 82, 81, 80, 83, 87, 84, 85, 88]]
162: [[38, 7, 67, 5], [3, 10], [9, 4, 1], [2, 22, 12, 30], [6, 8, 11, 15], [31, 14, 21, 17], [13, 18, 24], [16, 23, 25, 19], [20, 26, 27, 29], [32, 28, 56, 37], [41, 60, 42, 35], [33, 34, 44], [36, 39, 40, 47], [45, 43, 46, 63], [51, 48, 54, 49], [50, 52, 53, 55], [62, 58, 59], [57, 61], [86, 64, 66, 71], [69, 65, 68, 70], [72, 75, 74, 76], [73, 77, 79, 78], [82, 81, 80, 83], [87, 84, 85, 88]]
163: [[38, 7, 67], [5, 3, 10, 9], [4, 1, 2, 22], [12, 30, 6, 8], [11, 15, 31, 14], [21, 17, 13], [18, 24, 16, 23, 25, 19, 20, 26, 27, 29, 32, 28, 56, 37, 41, 60, 42, 35, 33, 34, 44, 36, 39, 43, 40, 61, 47, 45, 58, 53, 50, 63, 46, 55, 51, 49, 48, 52, 57, 59, 54, 62, 86, 64, 66, 71, 69, 65, 68, 70, 72, 75, 74, 76, 73, 77, 79, 78, 82, 81, 80, 83, 87, 84, 85, 88]]
164: [[38, 7, 67, 5], [3, 10, 9, 4], [1, 2, 22], [12, 30, 6, 8], [11, 15, 31, 14], [21, 17, 13], [18, 24, 16], [23, 25, 19], [20, 26, 27, 29], [32, 28, 56, 37], [41, 60, 42, 35], [33, 34, 44], [36, 39, 40, 43], [45, 46, 47, 48], [52, 50, 54, 53], [51, 49, 57], [55, 63, 61, 58], [59, 62, 86, 64], [66, 71, 69, 65], [68, 70, 72], [75, 74, 76, 73], [77, 79], [78, 82, 81, 80], [83, 87], [84, 85, 88]]
165: [[38, 7, 67, 5], [3, 10, 9, 4, 1, 2, 22, 12, 30, 6, 8, 11, 15, 31], [14, 21, 17, 13, 18, 24, 16, 23, 25, 19, 20, 26, 27, 29, 32, 28, 56, 37, 41, 60, 42], [35, 33, 34, 44], [36, 45, 40, 47], [43, 39, 63, 46, 50, 49, 52, 48, 51, 59, 53, 54, 61, 55, 57, 62, 58, 86, 64, 66, 71, 69, 65, 68, 70, 72, 75, 74, 76, 73, 77, 79, 78, 82, 81, 80, 83, 87, 84, 85, 88]]
166: [[38, 7, 67, 5], [3, 10, 9, 4, 1, 2, 22, 12, 30, 6, 8, 11, 15, 31, 14], [21, 17, 13, 18, 24, 16, 23, 25, 19, 20, 26, 27, 29, 32, 28, 56, 37, 41, 60, 42, 35, 33, 34, 44, 36, 43, 39, 47, 45, 59, 61, 40, 46, 49, 53, 51, 54, 52, 55, 58, 50, 48, 63, 57, 62, 86, 64, 66, 71, 69, 65, 68, 70, 72, 75, 74, 76, 73, 77, 79, 78], [82, 81, 80, 83, 87, 84, 85, 88]]
167: [[38, 7, 67, 5], [3, 10, 9], [4, 1, 2, 22], [12, 30, 6, 8], [11, 15, 31], [14, 21, 17, 13], [18, 24, 16], [23, 25, 19, 20], [26, 27, 29, 32], [28, 56, 37], [41, 60, 42, 35], [33, 34, 44, 36], [39, 40, 46], [47, 43, 45, 57], [49, 48], [52, 51, 54, 59], [53, 55, 50, 61], [58, 63, 62, 86], [64, 66, 71, 69], [65, 68, 70, 72], [75, 74, 76, 73], [77, 79, 78, 82], [81, 80, 83], [87, 84, 85, 88]]
168: [[38, 7, 67, 5], [3, 10, 9, 4], [1, 2, 22], [12, 30], [6, 8, 11, 15], [31, 14, 21], [17, 13, 18, 24], [16, 23, 25, 19], [20, 26, 27], [29, 32, 28], [56, 37, 41, 60, 42, 35, 33, 34, 44, 36, 39, 40, 47, 61, 43, 58, 46, 51, 48, 52, 55, 49, 50, 45, 57, 54, 53], [62, 59, 63, 86, 64, 66, 71, 69, 65, 68, 70, 72, 75, 74, 76, 73, 77, 79, 78, 82, 81, 80, 83, 87, 84, 85, 88]]
169: [[38, 7, 67, 5], [3, 10, 9], [4, 1, 2, 22], [12, 30, 6, 8], [11, 15, 31], [14, 21, 17, 13], [18, 24, 16], [23, 25, 19, 20], [26, 27, 29], [32, 28, 56], [37, 41, 60, 42], [35, 33, 34, 44], [36, 39, 40, 47], [45, 43, 50, 61], [53, 54, 46, 48], [59, 51, 49], [52, 55, 57], [62, 58, 63, 86], [64, 66, 71, 69], [65, 68, 70], [72, 75], [74, 76, 73], [77], [79, 78], [82, 81], [80, 83, 87, 84, 85, 88]]
170: [[38, 7, 67, 5], [3, 10, 9, 4], [1, 2, 22], [12, 30, 6, 8], [11, 15, 31], [14, 21, 17, 13], [18, 24, 16], [23, 25, 19, 20, 26, 27, 29, 32], [28, 56, 37, 41, 60, 42, 35, 33, 34, 44, 36, 39, 40, 46, 47, 43, 63], [45, 48, 50, 54, 49, 51, 55, 52], [53, 59, 57, 58, 61, 62, 86], [64, 66, 71, 69], [65, 68, 70], [72, 75, 74, 76, 73, 77, 79, 78, 82, 81, 80, 83, 87, 84, 85, 88]]
171: [[38, 7, 67], [5, 3, 10, 9], [4, 1, 2], [22, 12, 30, 6], [8, 11, 15, 31], [14, 21, 17], [13, 18, 24, 16], [23, 25, 19, 20], [26, 27, 29], [32, 28, 56, 37], [41, 60, 42, 35], [33, 34, 44, 36], [39, 40, 47], [45, 43, 63], [46], [53, 54], [48, 51, 50, 49], [52, 55, 57, 59], [62, 58, 61, 86], [64, 66, 71, 69], [65, 68, 70, 72], [75, 74, 76], [73, 77, 79, 78], [82, 81, 80, 83], [87, 84, 85, 88]]
172: [[38, 7], [67, 5, 3, 10], [9, 4, 1, 2], [22, 12, 30], [6, 8, 11], [15, 31, 14, 21], [17, 13, 18, 24], [16, 23, 25, 19], [20, 26, 27, 29], [32, 28, 56], [37, 41, 60, 42], [35, 33, 34, 44], [36, 47, 39], [43, 40, 45, 46], [63, 50, 48, 52], [53, 55, 57, 49], [54, 51, 58, 59], [62, 61, 86, 64], [66, 71, 69, 65], [68, 70, 72], [75, 74, 76, 73], [77, 79, 78, 82], [81, 80, 83], [87, 84, 85, 88]]
173: [[38, 7, 67, 5], [3, 10, 9], [4, 1, 2, 22], [12, 30, 6], [8, 11, 15, 31], [14, 21, 17, 13], [18, 24, 16], [23, 25, 19, 20], [26, 27, 29], [32, 28, 56], [37, 41, 60, 42], [35, 33, 34, 44], [36, 39, 40, 47], [45, 43, 59, 46], [58, 52, 53], [48, 49, 51], [62, 61, 50], [54, 63, 55], [57, 86, 64], [66, 71, 69, 65], [68, 70, 72], [75, 74, 76, 73], [77, 79, 78, 82], [81, 80, 83], [87, 84, 85, 88]]
174: [[38, 7], [67, 5, 3, 10], [9, 4, 1, 2, 22, 12, 30, 6, 8, 11, 15, 31, 14, 21, 17, 13, 18, 24, 16, 23, 25, 19, 20, 26, 27, 29, 32, 28, 56, 37, 41, 60], [42, 35, 33, 34, 44, 36, 39, 40, 47, 59, 43, 45, 51, 50, 46, 48, 54, 53, 52, 49, 55, 57, 61, 62, 58, 63, 86, 64, 66, 71, 69, 65, 68, 70, 72, 75, 74, 76, 73, 77, 79, 78, 82, 81, 80, 83, 87, 84, 85, 88]]
175: [[38, 7, 67], [5, 3, 10, 9, 4], [1, 2, 22], [12, 30, 6], [8, 11, 15], [31, 14, 21, 17], [13, 18, 24, 16], [23, 25, 19, 20], [26, 27, 29, 32], [28, 56, 37, 41], [60, 42, 35], [33, 34, 44, 36], [47, 39, 40], [45, 46, 43, 59], [51, 53, 50, 52], [48, 55, 49, 62], [61, 54, 57], [58, 63, 86, 64], [66, 71, 69], [65, 68], [70, 72, 75, 74], [76, 73, 77], [79, 78, 82, 81], [80, 83, 87, 84], [85, 88]]
