0: [[46, 51, 11, 47, 35, 50, 60, 54, 41, 1, 2, 19, 20, 26, 37], [22, 38, 29, 28, 32, 18, 16, 8, 23, 52, 40, 4, 5, 7, 59], [10, 58, 6, 21, 25, 36, 9, 39, 12, 31, 13, 14, 33, 15, 24], [27, 17, 42, 43, 3, 30, 45, 53, 48, 34, 55, 56, 49, 57, 44]]
1: [[46, 51, 11, 47, 35, 50, 60, 54, 41, 1, 2, 19, 20, 26, 37], [22, 38, 29, 28, 32, 18, 16, 8, 23, 52, 40, 4, 5, 7, 59], [10, 58, 6, 21, 25, 36, 9, 39, 12, 31, 13, 14, 33, 15, 24], [27, 17, 42, 43, 3, 30, 45, 53, 48, 34, 55, 56, 49, 57, 44]]
2: [[46, 51, 11, 47, 35, 50, 60, 54, 41, 1, 2, 19, 20, 26, 37], [22, 38, 29, 28, 32, 18, 16, 8, 23, 52, 40, 4, 5, 7, 59], [10, 58, 6, 21, 25, 36, 9, 39, 12, 31, 13, 14, 33, 15, 24], [27, 17, 42, 43, 3, 30, 45, 53, 48, 34, 55, 56, 49, 57, 44]]
3: [[46, 51, 11, 47, 35, 50, 60, 54, 41, 1, 2, 19, 20, 26, 37], [22, 38, 29, 28, 32, 18, 16, 8, 23, 52, 40, 4, 5, 7, 59], [10, 58, 6, 21, 25, 36, 9, 39, 12, 31, 13, 14, 33, 15, 24], [27, 17, 42, 43, 3, 30, 45, 53, 48, 34, 55, 56, 49, 57, 44]]
4: [[46, 51, 11, 47, 35, 50, 60, 54, 41, 1, 2, 19, 20, 26, 37], [22, 38, 29, 28, 32, 18, 16, 8, 23, 52, 40, 4, 5, 7, 59], [10, 58, 6, 21, 25, 36, 9, 39, 12, 31, 13, 14, 33, 15, 24], [27, 17, 42, 43, 3, 30, 45, 53, 48, 34, 55, 56, 49, 57, 44]]
5: [[46, 51, 11, 47, 35, 50, 60, 54, 41, 1, 2, 19, 20, 26, 37], [22, 38, 29, 28, 32, 18, 16, 8, 23, 52, 40, 4, 5, 7, 59], [10, 58, 6, 21, 25, 36, 9, 39, 12, 31, 13, 14, 33, 15, 24], [27, 17, 42, 43, 3, 30, 45, 53, 48, 34, 55, 56, 49, 57, 44]]
6: [[46, 51, 11, 47, 35, 50, 60, 54, 41, 1, 2, 19, 20, 26, 37], [22, 38, 29, 28, 32, 18, 16, 8, 23, 52, 40, 4, 5, 7, 59], [10, 58, 6, 21, 25, 36, 9, 39, 12, 31, 13, 14, 33, 15, 24], [27, 17, 42, 43, 3, 30, 45, 53, 48, 34, 55, 56, 49, 57, 44]]
7: [[46, 51, 11, 47, 35, 50, 60, 54, 41, 1, 2, 19, 20, 26, 37], [22, 38, 29, 28, 32, 18, 16, 8, 23, 52, 40, 4, 5, 7, 59], [10, 58, 6, 21, 25, 36, 9, 39, 12, 31, 13, 14, 33, 15, 24], [27, 17, 42, 43, 3, 30, 45, 53, 48, 34, 55, 56, 49, 57, 44]]
8: [[46, 51, 11, 47, 35, 50, 60, 54, 41, 1, 2, 19, 20, 26, 37], [22, 38, 29, 28, 32, 18, 16, 8, 23, 52, 40, 4, 5, 7, 59], [10, 58, 6, 21, 25, 36, 9, 39, 12, 31, 13, 14, 33, 15, 24], [27, 17, 42, 43, 3, 30, 45, 53, 48, 34, 55, 56, 49, 57, 44]]
9: [[46, 51, 11, 47, 35, 50, 60, 54, 41, 1, 2, 19, 20, 26, 37], [22, 38, 29, 28, 32, 18, 16, 8, 23, 52, 40, 4, 5, 7, 59], [10, 58, 6, 21, 25, 36, 9, 39, 12, 31, 13, 14, 33, 15, 24], [27, 17, 42, 43, 3, 30, 45, 53, 48, 34, 55, 56, 49, 57, 44]]
10: [[46, 51, 11, 47, 35, 50, 60, 54, 41, 1, 2, 19, 20, 26, 37], [22, 38, 29, 28, 32, 18, 16, 8, 23, 52, 40, 4, 5, 7, 59], [10, 58, 6, 21, 25, 36, 9, 39, 12, 31, 13, 14, 33, 15, 24], [27, 17, 42, 43, 3, 30, 45, 53, 48, 34, 55, 56, 49, 57, 44]]
11: [[46, 51, 11, 47, 35, 50, 60, 54, 41, 1, 2, 19, 20, 26, 37], [22, 38, 29, 28, 32, 18, 16, 8, 23, 52, 40, 4, 5, 7, 59], [10, 58, 6, 21, 25, 36, 9, 39, 12, 31, 13, 14, 33, 15, 24], [27, 17, 42, 43, 3, 30, 45, 53, 48, 34, 55, 56, 49, 57, 44]]
12: [[46, 51, 11, 47, 35, 50, 60, 54, 41, 1, 2, 19, 20, 26, 37], [22, 38, 29, 28, 32, 18, 16, 8, 23, 52, 40, 4, 5, 7, 59], [10, 58, 6, 21, 25, 36, 9, 39, 12, 31, 13, 14, 33, 15, 24], [27, 17, 42, 43, 3, 30, 45, 53, 48, 34, 55, 56, 49, 57, 44]]
13: [[46, 51, 11, 47, 35, 50, 60, 54, 41, 1, 2, 19, 20, 26, 37], [22, 38, 29, 28, 32, 18, 16, 8, 23, 52, 40, 4, 5, 7, 59], [10, 58, 6, 21, 25, 36, 9, 39, 12, 31, 13, 14, 33, 15, 24], [27, 17, 42, 43, 3, 30, 45, 53, 48, 34, 55, 56, 49, 57, 44]]
14: [[46, 51, 11, 47, 35, 50, 60, 54, 41, 1, 2, 19, 20, 26, 37], [22, 38, 29, 28, 32, 18, 16, 8, 23, 52, 40, 4, 5, 7, 59], [10, 58, 6, 21, 25, 36, 9, 39, 12, 31, 13, 14, 33, 15, 24], [27, 17, 42, 43, 3, 30, 45, 53, 48, 34, 55, 56, 49, 57, 44]]
15: [[46, 51, 11, 47, 35, 50, 60, 54, 41, 1, 2, 19, 20, 26, 37], [22, 38, 29, 28, 32, 18, 16, 8, 23, 52, 40, 4, 5, 7, 59], [10, 58, 6, 21, 25, 36, 9, 39, 12, 31, 13, 14, 33, 15, 24], [27, 17, 42, 43, 3, 30, 45, 53, 48, 34, 55, 56, 49, 57, 44]]
16: [[46, 51, 11, 47, 35, 50, 60, 54, 41, 1, 2, 19, 20, 26, 37], [22, 38, 29, 28, 32, 18, 16, 8, 23, 52, 40, 4, 5, 7, 59], [10, 58, 6, 21, 25, 36, 9, 39, 12, 31, 13, 14, 33, 15, 24], [27, 17, 42, 43, 3, 30, 45, 53, 48, 34, 55, 56, 49, 57, 44]]
17: [[46, 51, 11, 47, 35, 50, 60, 54, 41, 1, 2, 19, 20, 26, 37], [22, 38, 29, 28, 32, 18, 16, 8, 23, 52, 40, 4, 5, 7, 59], [10, 58, 6, 21, 25, 36, 9, 39, 12, 31, 13, 14, 33, 15, 24], [27, 17, 42, 43, 3, 30, 45, 53, 48, 34, 55, 56, 49, 57, 44]]
18: [[46, 51, 11, 47, 35, 50, 60, 54, 41, 1, 2, 19, 20, 26, 37], [22, 38, 29, 28, 32, 18, 16, 8, 23, 52, 40, 4, 5, 7, 59], [10, 58, 6, 21, 25, 36, 9, 39, 12, 31, 13, 14, 33, 15, 24], [27, 17, 42, 43, 3, 30, 45, 53, 48, 34, 55, 56, 49, 57, 44]]
19: [[46, 51, 11, 47, 35, 50, 60, 54, 41, 1, 2, 19, 20, 26, 37], [22, 38, 29, 28, 32, 18, 16, 8, 23, 52, 40, 4, 5, 7, 59], [10, 58, 6, 21, 25, 36, 9, 39, 12, 31, 13, 14, 33, 15, 24], [27, 17, 42, 43, 3, 30, 45, 53, 48, 34, 55, 56, 49, 57, 44]]
20: [[46, 51, 11, 47, 35, 50, 60, 54, 41, 1, 2, 19, 20, 26, 37], [22, 38, 29, 28, 32, 18, 16, 8, 23, 52, 40, 4, 5, 7, 59], [10, 58, 6, 21, 25, 36, 9, 39, 12, 31, 13, 14, 33, 15, 24], [27, 17, 42, 43, 3, 30, 45, 53, 48, 34, 55, 56, 49, 57, 44]]
21: [[46, 51, 11, 47, 35, 50, 60, 54, 41, 1, 2, 19, 20, 26, 37], [22, 38, 29, 28, 32, 18, 16, 8, 23, 52, 40, 4, 5, 7, 59], [10, 58, 6, 21, 25, 36, 9, 39, 12, 31, 13, 14, 33, 15, 24], [27, 17, 42, 43, 3, 30, 45, 53, 48, 34, 55, 56, 49, 57, 44]]
22: [[46, 51, 11, 47, 35, 50, 60, 54, 41, 1, 2, 19, 20, 26, 37], [22, 38, 29, 28, 32, 18, 16, 8, 23, 52, 40, 4, 5, 7, 59], [10, 58, 6, 21, 25, 36, 9, 39, 12, 31, 13, 14, 33, 15, 24], [27, 17, 42, 43, 3, 30, 45, 53, 48, 34, 55, 56, 49, 57, 44]]
23: [[46, 51, 11, 47, 35, 50, 60, 54, 41, 1, 2, 19, 20, 26, 37], [22, 38, 29, 28, 32, 18, 16, 8, 23, 52, 40, 4, 5, 7, 59], [10, 58, 6, 21, 25, 36, 9, 39, 12, 31, 13, 14, 33, 15, 24], [27, 17, 42, 43, 3, 30, 45, 53, 48, 34, 55, 56, 49, 57, 44]]
24: [[46, 51, 11, 47, 35, 50, 60, 54, 41, 1, 2, 19, 20, 26, 37], [22, 38, 29, 28, 32, 18, 16, 8, 23, 52, 40, 4, 5, 7, 59], [10, 58, 6, 21, 25, 36, 9, 39, 12, 31, 13, 14, 33, 15, 24], [27, 17, 42, 43, 3, 30, 45, 53, 48, 34, 55, 56, 49, 57, 44]]
25: [[46, 51, 11, 47, 35, 50, 60, 54, 41, 1, 2, 19, 20, 26, 37], [22, 38, 29, 28, 32, 18, 16, 8, 23, 52, 40, 4, 5, 7, 59], [10, 58, 6, 21, 25, 36, 9, 39, 12, 31, 13, 14, 33, 15, 24], [27, 17, 42, 43, 3, 30, 45, 53, 48, 34, 55, 56, 49, 57, 44]]
26: [[46, 51, 11, 47, 35, 50, 60, 54, 41, 1, 2, 19, 20, 26, 37], [22, 38, 29, 28, 32, 18, 16, 8, 23, 52, 40, 4, 5, 7, 59], [10, 58, 6, 21, 25, 36, 9, 39, 12, 31, 13, 14, 33, 15, 24], [27, 17, 42, 43, 3, 30, 45, 53, 48, 34, 55, 56, 49, 57, 44]]
27: [[46, 51, 11, 47, 35, 50, 60, 54, 41, 1, 2, 19, 20, 26, 37], [22, 38, 29, 28, 32, 18, 16, 8, 23, 52, 40, 4, 5, 7, 59], [10, 58, 6, 21, 25, 36, 9, 39, 12, 31, 13, 14, 33, 15, 24], [27, 17, 42, 43, 3, 30, 45, 53, 48, 34, 55, 56, 49, 57, 44]]
28: [[46, 51, 11, 47, 35, 50, 60, 54, 41, 1, 2, 19, 20, 26, 37], [22, 38, 29, 28, 32, 18, 16, 8, 23, 52, 40, 4, 5, 7, 59], [10, 58, 6, 21, 25, 36, 9, 39, 12, 31, 13, 14, 33, 15, 24], [27, 17, 42, 43, 3, 30, 45, 53, 48, 34, 55, 56, 49, 57, 44]]
29: [[46, 51, 11, 47, 35, 50, 60, 54, 41, 1, 2, 19, 20, 26, 37], [22, 38, 29, 28, 32, 18, 16, 8, 23, 52, 40, 4, 5, 7, 59], [10, 58, 6, 21, 25, 36, 9, 39, 12, 31, 13, 14, 33, 15, 24], [27, 17, 42, 43, 3, 30, 45, 53, 48, 34, 55, 56, 49, 57, 44]]
30: [[46, 51, 11, 47, 35, 50, 60, 54, 41, 1, 2, 19, 20, 26, 37], [22, 38, 29, 28, 32, 18, 16, 8, 23, 52, 40, 4, 5, 7, 59], [10, 58, 6, 21, 25, 36, 9, 39, 12, 31, 13, 14, 33, 15, 24], [27, 17, 42, 43, 3, 30, 45, 53, 48, 34, 55, 56, 49, 57, 44]]
31: [[46, 51, 11, 47, 35, 50, 60, 54, 41, 1, 2, 19, 20, 26, 37], [22, 38, 29, 28, 32, 18, 16, 8, 23, 52, 40, 4, 5, 7, 59], [10, 58, 6, 21, 25, 36, 9, 39, 12, 31, 13, 14, 33, 15, 24], [27, 17, 42, 43, 3, 30, 45, 53, 48, 34, 55, 56, 49, 57, 44]]
32: [[46, 51, 11, 47, 35, 50, 60, 54, 41, 1, 2, 19, 20, 26, 37], [22, 38, 29, 28, 32, 18, 16, 8, 23, 52, 40, 4, 5, 7, 59], [10, 58, 6, 21, 25, 36, 9, 39, 12, 31, 13, 14, 33, 15, 24], [27, 17, 42, 43, 3, 30, 45, 53, 48, 34, 55, 56, 49, 57, 44]]
33: [[46, 51, 11, 47, 35, 50, 60, 54, 41, 1, 2, 19, 20, 26, 37], [22, 38, 29, 28, 32, 18, 16, 8, 23, 52, 40, 4, 5, 7, 59], [10, 58, 6, 21, 25, 36, 9, 39, 12, 31, 13, 14, 33, 15, 24], [27, 17, 42, 43, 3, 30, 45, 53, 48, 34, 55, 56, 49, 57, 44]]
34: [[46, 51, 11, 47, 35, 50, 60, 54, 41, 1, 2, 19, 20, 26, 37], [22, 38, 29, 28, 32, 18, 16, 8, 23, 52, 40, 4, 5, 7, 59], [10, 58, 6, 21, 25, 36, 9, 39, 12, 31, 13, 14, 33, 15, 24], [27, 17, 42, 43, 3, 30, 45, 53, 48, 34, 55, 56, 49, 57, 44]]
35: [[46, 51, 11, 47, 35, 50, 60, 54, 41, 1, 2, 19, 20, 26, 37], [22, 38, 29, 28, 32, 18, 16, 8, 23, 52, 40, 4, 5, 7, 59], [10, 58, 6, 21, 25, 36, 9, 39, 12, 31, 13, 14, 33, 15, 24], [27, 17, 42, 43, 3, 30, 45, 53, 48, 34, 55, 56, 49, 57, 44]]
36: [[46, 51, 11, 47, 35, 50, 60, 54, 41, 1, 2, 19, 20, 26, 37], [22, 38, 29, 28, 32, 18, 16, 8, 23, 52, 40, 4, 5, 7, 59], [10, 58, 6, 21, 25, 36, 9, 39, 12, 31, 13, 14, 33, 15, 24], [27, 17, 42, 43, 3, 30, 45, 53, 48, 34, 55, 56, 49, 57, 44]]
37: [[46, 51, 11, 47, 35, 50, 60, 54, 41, 1, 2, 19, 20, 26, 37], [22, 38, 29, 28, 32, 18, 16, 8, 23, 52, 40, 4, 5, 7, 59], [10, 58, 6, 21, 25, 36, 9, 39, 12, 31, 13, 14, 33, 15, 24], [27, 17, 42, 43, 3, 30, 45, 53, 48, 34, 55, 56, 49, 57, 44]]
38: [[46, 51, 11, 47, 35, 50, 60, 54, 41, 1, 2, 19, 20, 26, 37], [22, 38, 29, 28, 32, 18, 16, 8, 23, 52, 40, 4, 5, 7, 59], [10, 58, 6, 21, 25, 36, 9, 39, 12, 31, 13, 14, 33, 15, 24], [27, 17, 42, 43, 3, 30, 45, 53, 48, 34, 55, 56, 49, 57, 44]]
39: [[46, 51, 11, 47, 35, 50, 60, 54, 41, 1, 2, 19, 20, 26, 37], [22, 38, 29, 28, 32, 18, 16, 8, 23, 52, 40, 4, 5, 7, 59], [10, 58, 6, 21, 25, 36, 9, 39, 12, 31, 13, 14, 33, 15, 24], [27, 17, 42, 43, 3, 30, 45, 53, 48, 34, 55, 56, 49, 57, 44]]
40: [[46, 51, 11, 47, 35, 50, 60, 54, 41, 1, 2, 19, 20, 26, 37], [22, 38, 29, 28, 32, 18, 16, 8, 23, 52, 40, 4, 5, 7, 59], [10, 58, 6, 21, 25, 36, 9, 39, 12, 31, 13, 14, 33, 15, 24], [27, 17, 42, 43, 3, 30, 45, 53, 48, 34, 55, 56, 49, 57, 44]]
41: [[46, 51, 11, 47, 35, 50, 60, 54, 41, 1, 2, 19, 20, 26, 37], [22, 38, 29, 28, 32, 18, 16, 8, 23, 52, 40, 4, 5, 7, 59], [10, 58, 6, 21, 25, 36, 9, 39, 12, 31, 13, 14, 33, 15, 24], [27, 17, 42, 43, 3, 30, 45, 53, 48, 34, 55, 56, 49, 57, 44]]
42: [[46, 51, 11, 47, 35, 50, 60, 54, 41, 1, 2, 19, 20, 26, 37], [22, 38, 29, 28, 32, 18, 16, 8, 23, 52, 40, 4, 5, 7, 59], [10, 58, 6, 21, 25, 36, 9, 39, 12, 31, 13, 14, 33, 15, 24], [27, 17, 42, 43, 3, 30, 45, 53, 48, 34, 55, 56, 49, 57, 44]]
43: [[46, 51, 11, 47, 35, 50, 60, 54, 41, 1, 2, 19, 20, 26, 37], [22, 38, 29, 28, 32, 18, 16, 8, 23, 52, 40, 4, 5, 7, 59], [10, 58, 6, 21, 25, 36, 9, 39, 12, 31, 13, 14, 33, 15, 24], [27, 17, 42, 43, 3, 30, 45, 53, 48, 34, 55, 56, 49, 57, 44]]
44: [[46, 51, 11, 47, 35, 50, 60, 54, 41, 1, 2, 19, 20, 26, 37], [22, 38, 29, 28, 32, 18, 16, 8, 23, 52, 40, 4, 5, 7, 59], [10, 58, 6, 21, 25, 36, 9, 39, 12, 31, 13, 14, 33, 15, 24], [27, 17, 42, 43, 3, 30, 45, 53, 48, 34, 55, 56, 49, 57, 44]]
45: [[46, 51, 11, 47, 35, 50, 60, 54, 41, 1, 2, 19, 20, 26, 37], [22, 38, 29, 28, 32, 18, 16, 8, 23, 52, 40, 4, 5, 7, 59], [10, 58, 6, 21, 25, 36, 9, 39, 12, 31, 13, 14, 33, 15, 24], [27, 17, 42, 43, 3, 30, 45, 53, 48, 34, 55, 56, 49, 57, 44]]
46: [[46, 51, 11, 47, 35, 50, 60, 54, 41, 1, 2, 19, 20, 26, 37], [22, 38, 29, 28, 32, 18, 16, 8, 23, 52, 40, 4, 5, 7, 59], [10, 58, 6, 21, 25, 36, 9, 39, 12, 31, 13, 14, 33, 15, 24], [27, 17, 42, 43, 3, 30, 45, 53, 48, 34, 55, 56, 49, 57, 44]]
47: [[46, 51, 11, 47, 35, 50, 60, 54, 41, 1, 2, 19, 20, 26, 37], [22, 38, 29, 28, 32, 18, 16, 8, 23, 52, 40, 4, 5, 7, 59], [10, 58, 6, 21, 25, 36, 9, 39, 12, 31, 13, 14, 33, 15, 24], [27, 17, 42, 43, 3, 30, 45, 53, 48, 34, 55, 56, 49, 57, 44]]
48: [[46, 51, 11, 47, 35, 50, 60, 54, 41, 1, 2, 19, 20, 26, 37], [22, 38, 29, 28, 32, 18, 16, 8, 23, 52, 40, 4, 5, 7, 59], [10, 58, 6, 21, 25, 36, 9, 39, 12, 31, 13, 14, 33, 15, 24], [27, 17, 42, 43, 3, 30, 45, 53, 48, 34, 55, 56, 49, 57, 44]]
49: [[46, 51, 11, 47, 35, 50, 60, 54, 41, 1, 2, 19, 20, 26, 37], [22, 38, 29, 28, 32, 18, 16, 8, 23, 52, 40, 4, 5, 7, 59], [10, 58, 6, 21, 25, 36, 9, 39, 12, 31, 13, 14, 33, 15, 24], [27, 17, 42, 43, 3, 30, 45, 53, 48, 34, 55, 56, 49, 57, 44]]
50: [[46, 51, 11, 47, 35, 50, 60, 54, 41, 1, 2, 19, 20, 26, 37], [22, 38, 29, 28, 32, 18, 16, 8, 23, 52, 40, 4, 5, 7, 59], [10, 58, 6, 21, 25, 36, 9, 39, 12, 31, 13, 14, 33, 15, 24], [27, 17, 42, 43, 3, 30, 45, 53, 48, 34, 55, 56, 49, 57, 44]]
51: [[46, 51, 11, 47, 35, 50, 60, 54, 41, 1, 2, 19, 20, 26, 37], [22, 38, 29, 28, 32, 18, 16, 8, 23, 52, 40, 4, 5, 7, 59], [10, 58, 6, 21, 25, 36, 9, 39, 12, 31, 13, 14, 33, 15, 24], [27, 17, 42, 43, 3, 30, 45, 53, 48, 34, 55, 56, 49, 57, 44]]
52: [[46, 51, 11, 47, 35, 50, 60, 54, 41, 1, 2, 19, 20, 26, 37], [22, 38, 29, 28, 32, 18, 16, 8, 23, 52, 40, 4, 5, 7, 59], [10, 58, 6, 21, 25, 36, 9, 39, 12, 31, 13, 14, 33, 15, 24], [27, 17, 42, 43, 3, 30, 45, 53, 48, 34, 55, 56, 49, 57, 44]]
53: [[46, 51, 11, 47, 35, 50, 60, 54, 41, 1, 2, 19, 20, 26, 37], [22, 38, 29, 28, 32, 18, 16, 8, 23, 52, 40, 4, 5, 7, 59], [10, 58, 6, 21, 25, 36, 9, 39, 12, 31, 13, 14, 33, 15, 24], [27, 17, 42, 43, 3, 30, 45, 53, 48, 34, 55, 56, 49, 57, 44]]
54: [[46, 51, 11, 47, 35, 50, 60, 54, 41, 1, 2, 19, 20, 26, 37], [22, 38, 29, 28, 32, 18, 16, 8, 23, 52, 40, 4, 5, 7, 59], [10, 58, 6, 21, 25, 36, 9, 39, 12, 31, 13, 14, 33, 15, 24], [27, 17, 42, 43, 3, 30, 45, 53, 48, 34, 55, 56, 49, 57, 44]]
55: [[46, 51, 11, 47, 35, 50, 60, 54, 41, 1, 2, 19, 20, 26, 37], [22, 38, 29, 28, 32, 18, 16, 8, 23, 52, 40, 4, 5, 7, 59], [10, 58, 6, 21, 25, 36, 9, 39, 12, 31, 13, 14, 33, 15, 24], [27, 17, 42, 43, 3, 30, 45, 53, 48, 34, 55, 56, 49, 57, 44]]
56: [[46, 51, 11, 47, 35, 50, 60, 54, 41, 1, 2, 19, 20, 26, 37], [22, 38, 29, 28, 32, 18, 16, 8, 23, 52, 40, 4, 5, 7, 59], [10, 58, 6, 21, 25, 36, 9, 39, 12, 31, 13, 14, 33, 15, 24], [27, 17, 42, 43, 3, 30, 45, 53, 48, 34, 55, 56, 49, 57, 44]]
57: [[46, 51, 11, 47, 35, 50, 60, 54, 41, 1, 2, 19, 20, 26, 37], [22, 38, 29, 28, 32, 18, 16, 8, 23, 52, 40, 4, 5, 7, 59], [10, 58, 6, 21, 25, 36, 9, 39, 12, 31, 13, 14, 33, 15, 24], [27, 17, 42, 43, 3, 30, 45, 53, 48, 34, 55, 56, 49, 57, 44]]
58: [[46, 51, 11, 47, 35, 50, 60, 54, 41, 1, 2, 19, 20, 26, 37], [22, 38, 29, 28, 32, 18, 16, 8, 23, 52, 40, 4, 5, 7, 59], [10, 58, 6, 21, 25, 36, 9, 39, 12, 31, 13, 14, 33, 15, 24], [27, 17, 42, 43, 3, 30, 45, 53, 48, 34, 55, 56, 49, 57, 44]]
59: [[46, 51, 11, 47, 35, 50, 60, 54, 41, 1, 2, 19, 20, 26, 37], [22, 38, 29, 28, 32, 18, 16, 8, 23, 52, 40, 4, 5, 7, 59], [10, 58, 6, 21, 25, 36, 9, 39, 12, 31, 13, 14, 33, 15, 24], [27, 17, 42, 43, 3, 30, 45, 53, 48, 34, 55, 56, 49, 57, 44]]
60: [[46, 51, 11, 47, 35, 50, 60, 54, 41, 1, 2, 19, 20, 26, 37], [22, 38, 29, 28, 32, 18, 16, 8, 23, 52, 40, 4, 5, 7, 59], [10, 58, 6, 21, 25, 36, 9, 39, 12, 31, 13, 14, 33, 15, 24], [27, 17, 42, 43, 3, 30, 45, 53, 48, 34, 55, 56, 49, 57, 44]]
61: [[46, 51, 11, 47, 35, 50, 60, 54, 41, 1, 2, 19, 20, 26, 37], [22, 38, 29, 28, 32, 18, 16, 8, 23, 52, 40, 4, 5, 7, 59], [10, 58, 6, 21, 25, 36, 9, 39, 12, 31, 13, 14, 33, 15, 24], [27, 17, 42, 43, 3, 30, 45, 53, 48, 34, 55, 56, 49, 57, 44]]
62: [[46, 51, 11, 47, 35, 50, 60, 54, 41, 1, 2, 19, 20, 26, 37], [22, 38, 29, 28, 32, 18, 16, 8, 23, 52, 40, 4, 5, 7, 59], [10, 58, 6, 21, 25, 36, 9, 39, 12, 31, 13, 14, 33, 15, 24], [27, 17, 42, 43, 3, 30, 45, 53, 48, 34, 55, 56, 49, 57, 44]]
63: [[46, 51, 11, 47, 35, 50, 60, 54, 41, 1, 2, 19, 20, 26, 37], [22, 38, 29, 28, 32, 18, 16, 8, 23, 52, 40, 4, 5, 7, 59], [10, 58, 6, 21, 25, 36, 9, 39, 12, 31, 13, 14, 33, 15, 24], [27, 17, 42, 43, 3, 30, 45, 53, 48, 34, 55, 56, 49, 57, 44]]
64: [[46, 51, 11, 47, 35, 50, 60, 54, 41, 1, 2, 19, 20, 26, 37], [22, 38, 29, 28, 32, 18, 16, 8, 23, 52, 40, 4, 5, 7, 59], [10, 58, 6, 21, 25, 36, 9, 39, 12, 31, 13, 14, 33, 15, 24], [27, 17, 42, 43, 3, 30, 45, 53, 48, 34, 55, 56, 49, 57, 44]]
65: [[46, 51, 11, 47, 35, 50, 60, 54, 41, 1, 2, 19, 20, 26, 37], [22, 38, 29, 28, 32, 18, 16, 8, 23, 52, 40, 4, 5, 7, 59], [10, 58, 6, 21, 25, 36, 9, 39, 12, 31, 13, 14, 33, 15, 24], [27, 17, 42, 43, 3, 30, 45, 53, 48, 34, 55, 56, 49, 57, 44]]
66: [[46, 51, 11, 47, 35, 50, 60, 54, 41, 1, 2, 19, 20, 26, 37], [22, 38, 29, 28, 32, 18, 16, 8, 23, 52, 40, 4, 5, 7, 59], [10, 58, 6, 21, 25, 36, 9, 39, 12, 31, 13, 14, 33, 15, 24], [27, 17, 42, 43, 3, 30, 45, 53, 48, 34, 55, 56, 49, 57, 44]]
67: [[46, 51, 11, 47, 35, 50, 60, 54, 41, 1, 2, 19, 20, 26, 37], [22, 38, 29, 28, 32, 18, 16, 8, 23, 52, 40, 4, 5, 7, 59], [10, 58, 6, 21, 25, 36, 9, 39, 12, 31, 13, 14, 33, 15, 24], [27, 17, 42, 43, 3, 30, 45, 53, 48, 34, 55, 56, 49, 57, 44]]
68: [[46, 51, 11, 47, 35, 50, 60, 54, 41, 1, 2, 19, 20, 26, 37], [22, 38, 29, 28, 32, 18, 16, 8, 23, 52, 40, 4, 5, 7, 59], [10, 58, 6, 21, 25, 36, 9, 39, 12, 31, 13, 14, 33, 15, 24], [27, 17, 42, 43, 3, 30, 45, 53, 48, 34, 55, 56, 49, 57, 44]]
69: [[46, 51, 11, 47, 35, 50, 60, 54, 41, 1, 2, 19, 20, 26, 37], [22, 38, 29, 28, 32, 18, 16, 8, 23, 52, 40, 4, 5, 7, 59], [10, 58, 6, 21, 25, 36, 9, 39, 12, 31, 13, 14, 33, 15, 24], [27, 17, 42, 43, 3, 30, 45, 53, 48, 34, 55, 56, 49, 57, 44]]
70: [[46, 51, 11, 47, 35, 50, 60, 54, 41, 1, 2, 19, 20, 26, 37], [22, 38, 29, 28, 32, 18, 16, 8, 23, 52, 40, 4, 5, 7, 59], [10, 58, 6, 21, 25, 36, 9, 39, 12, 31, 13, 14, 33, 15, 24], [27, 17, 42, 43, 3, 30, 45, 53, 48, 34, 55, 56, 49, 57, 44]]
71: [[46, 51, 11, 47, 35, 50, 60, 54, 41, 1, 2, 19, 20, 26, 37], [22, 38, 29, 28, 32, 18, 16, 8, 23, 52, 40, 4, 5, 7, 59], [10, 58, 6, 21, 25, 36, 9, 39, 12, 31, 13, 14, 33, 15, 24], [27, 17, 42, 43, 3, 30, 45, 53, 48, 34, 55, 56, 49, 57, 44]]
72: [[46, 51, 11, 47, 35, 50, 60, 54, 41, 1, 2, 19, 20, 26, 37], [22, 38, 29, 28, 32, 18, 16, 8, 23, 52, 40, 4, 5, 7, 59], [10, 58, 6, 21, 25, 36, 9, 39, 12, 31, 13, 14, 33, 15, 24], [27, 17, 42, 43, 3, 30, 45, 53, 48, 34, 55, 56, 49, 57, 44]]
73: [[46, 51, 11, 47, 35, 50, 60, 54, 41, 1, 2, 19, 20, 26, 37], [22, 38, 29, 28, 32, 18, 16, 8, 23, 52, 40, 4, 5, 7, 59], [10, 58, 6, 21, 25, 36, 9, 39, 12, 31, 13, 14, 33, 15, 24], [27, 17, 42, 43, 3, 30, 45, 53, 48, 34, 55, 56, 49, 57, 44]]
74: [[46, 51, 11, 47, 35, 50, 60, 54, 41, 1, 2, 19, 20, 26, 37], [22, 38, 29, 28, 32, 18, 16, 8, 23, 52, 40, 4, 5, 7, 59], [10, 58, 6, 21, 25, 36, 9, 39, 12, 31, 13, 14, 33, 15, 24], [27, 17, 42, 43, 3, 30, 45, 53, 48, 34, 55, 56, 49, 57, 44]]
75: [[46, 51, 11, 47, 35, 50, 60, 54, 41, 1, 2, 19, 20, 26, 37], [22, 38, 29, 28, 32, 18, 16, 8, 23, 52, 40, 4, 5, 7, 59], [10, 58, 6, 21, 25, 36, 9, 39, 12, 31, 13, 14, 33, 15, 24], [27, 17, 42, 43, 3, 30, 45, 53, 48, 34, 55, 56, 49, 57, 44]]
76: [[46, 51, 11, 47, 35, 50, 60, 54, 41, 1, 2, 19, 20, 26, 37], [22, 38, 29, 28, 32, 18, 16, 8, 23, 52, 40, 4, 5, 7, 59], [10, 58, 6, 21, 25, 36, 9, 39, 12, 31, 13, 14, 33, 15, 24], [27, 17, 42, 43, 3, 30, 45, 53, 48, 34, 55, 56, 49, 57, 44]]
77: [[46, 51, 11, 47, 35, 50, 60, 54, 41, 1, 2, 19, 20, 26, 37], [22, 38, 29, 28, 32, 18, 16, 8, 23, 52, 40, 4, 5, 7, 59], [10, 58, 6, 21, 25, 36, 9, 39, 12, 31, 13, 14, 33, 15, 24], [27, 17, 42, 43, 3, 30, 45, 53, 48, 34, 55, 56, 49, 57, 44]]
78: [[46, 51, 11, 47, 35, 50, 60, 54, 41, 1, 2, 19, 20, 26, 37], [22, 38, 29, 28, 32, 18, 16, 8, 23, 52, 40, 4, 5, 7, 59], [10, 58, 6, 21, 25, 36, 9, 39, 12, 31, 13, 14, 33, 15, 24], [27, 17, 42, 43, 3, 30, 45, 53, 48, 34, 55, 56, 49, 57, 44]]
79: [[46, 51, 11, 47, 35, 50, 60, 54, 41, 1, 2, 19, 20, 26, 37], [22, 38, 29, 28, 32, 18, 16, 8, 23, 52, 40, 4, 5, 7, 59], [10, 58, 6, 21, 25, 36, 9, 39, 12, 31, 13, 14, 33, 15, 24], [27, 17, 42, 43, 3, 30, 45, 53, 48, 34, 55, 56, 49, 57, 44]]
80: [[46, 51, 11, 47, 35, 50, 60, 54, 41, 1, 2, 19, 20, 26, 37], [22, 38, 29, 28, 32, 18, 16, 8, 23, 52, 40, 4, 5, 7, 59], [10, 58, 6, 21, 25, 36, 9, 39, 12, 31, 13, 14, 33, 15, 24], [27, 17, 42, 43, 3, 30, 45, 53, 48, 34, 55, 56, 49, 57, 44]]
81: [[46, 51, 11, 47, 35, 50, 60, 54, 41, 1, 2, 19, 20, 26, 37], [22, 38, 29, 28, 32, 18, 16, 8, 23, 52, 40, 4, 5, 7, 59], [10, 58, 6, 21, 25, 36, 9, 39, 12, 31, 13, 14, 33, 15, 24], [27, 17, 42, 43, 3, 30, 45, 53, 48, 34, 55, 56, 49, 57, 44]]
82: [[46, 51, 11, 47, 35, 50, 60, 54, 41, 1, 2, 19, 20, 26, 37], [22, 38, 29, 28, 32, 18, 16, 8, 23, 52, 40, 4, 5, 7, 59], [10, 58, 6, 21, 25, 36, 9, 39, 12, 31, 13, 14, 33, 15, 24], [27, 17, 42, 43, 3, 30, 45, 53, 48, 34, 55, 56, 49, 57, 44]]
83: [[46, 51, 11, 47, 35, 50, 60, 54, 41, 1, 2, 19, 20, 26, 37], [22, 38, 29, 28, 32, 18, 16, 8, 23, 52, 40, 4, 5, 7, 59], [10, 58, 6, 21, 25, 36, 9, 39, 12, 31, 13, 14, 33, 15, 24], [27, 17, 42, 43, 3, 30, 45, 53, 48, 34, 55, 56, 49, 57, 44]]
84: [[46, 51, 11, 47, 35, 50, 60, 54, 41, 1, 2, 19, 20, 26, 37], [22, 38, 29, 28, 32, 18, 16, 8, 23, 52, 40, 4, 5, 7, 59], [10, 58, 6, 21, 25, 36, 9, 39, 12, 31, 13, 14, 33, 15, 24], [27, 17, 42, 43, 3, 30, 45, 53, 48, 34, 55, 56, 49, 57, 44]]
85: [[46, 51, 11, 47, 35, 50, 60, 54, 41, 1, 2, 19, 20, 26, 37], [22, 38, 29, 28, 32, 18, 16, 8, 23, 52, 40, 4, 5, 7, 59], [10, 58, 6, 21, 25, 36, 9, 39, 12, 31, 13, 14, 33, 15, 24], [27, 17, 42, 43, 3, 30, 45, 53, 48, 34, 55, 56, 49, 57, 44]]
86: [[46, 51, 11, 47, 35, 50, 60, 54, 41, 1, 2, 19, 20, 26, 37], [22, 38, 29, 28, 32, 18, 16, 8, 23, 52, 40, 4, 5, 7, 59], [10, 58, 6, 21, 25, 36, 9, 39, 12, 31, 13, 14, 33, 15, 24], [27, 17, 42, 43, 3, 30, 45, 53, 48, 34, 55, 56, 49, 57, 44]]
87: [[46, 51, 11, 47, 35, 50, 60, 54, 41, 1, 2, 19, 20, 26, 37], [22, 38, 29, 28, 32, 18, 16, 8, 23, 52, 40, 4, 5, 7, 59], [10, 58, 6, 21, 25, 36, 9, 39, 12, 31, 13, 14, 33, 15, 24], [27, 17, 42, 43, 3, 30, 45, 53, 48, 34, 55, 56, 49, 57, 44]]
88: [[46, 51, 11, 47, 35, 50, 60, 54, 41, 1, 2, 19, 20, 26, 37], [22, 38, 29, 28, 32, 18, 16, 8, 23, 52, 40, 4, 5, 7, 59], [10, 58, 6, 21, 25, 36, 9, 39, 12, 31, 13, 14, 33, 15, 24], [27, 17, 42, 43, 3, 30, 45, 53, 48, 34, 55, 56, 49, 57, 44]]
89: [[46, 51, 11, 47, 35, 50, 60, 54, 41, 1, 2, 19, 20, 26, 37], [22, 38, 29, 28, 32, 18, 16, 8, 23, 52, 40, 4, 5, 7, 59], [10, 58, 6, 21, 25, 36, 9, 39, 12, 31, 13, 14, 33, 15, 24], [27, 17, 42, 43, 3, 30, 45, 53, 48, 34, 55, 56, 49, 57, 44]]
90: [[46, 51, 11, 47, 35, 50, 60, 54, 41, 1, 2, 19, 20, 26, 37], [22, 38, 29, 28, 32, 18, 16, 8, 23, 52, 40, 4, 5, 7, 59], [10, 58, 6, 21, 25, 36, 9, 39, 12, 31, 13, 14, 33, 15, 24], [27, 17, 42, 43, 3, 30, 45, 53, 48, 34, 55, 56, 49, 57, 44]]
91: [[46, 51, 11, 47, 35, 50, 60, 54, 41, 1, 2, 19, 20, 26, 37], [22, 38, 29, 28, 32, 18, 16, 8, 23, 52, 40, 4, 5, 7, 59], [10, 58, 6, 21, 25, 36, 9, 39, 12, 31, 13, 14, 33, 15, 24], [27, 17, 42, 43, 3, 30, 45, 53, 48, 34, 55, 56, 49, 57, 44]]
92: [[46, 51, 11, 47, 35, 50, 60, 54, 41, 1, 2, 19, 20, 26, 37], [22, 38, 29, 28, 32, 18, 16, 8, 23, 52, 40, 4, 5, 7, 59], [10, 58, 6, 21, 25, 36, 9, 39, 12, 31, 13, 14, 33, 15, 24], [27, 17, 42, 43, 3, 30, 45, 53, 48, 34, 55, 56, 49, 57, 44]]
93: [[46, 51, 11, 47, 35, 50, 60, 54, 41, 1, 2, 19, 20, 26, 37], [22, 38, 29, 28, 32, 18, 16, 8, 23, 52, 40, 4, 5, 7, 59], [10, 58, 6, 21, 25, 36, 9, 39, 12, 31, 13, 14, 33, 15, 24], [27, 17, 42, 43, 3, 30, 45, 53, 48, 34, 55, 56, 49, 57, 44]]
94: [[46, 51, 11, 47, 35, 50, 60, 54, 41, 1, 2, 19, 20, 26, 37], [22, 38, 29, 28, 32, 18, 16, 8, 23, 52, 40, 4, 5, 7, 59], [10, 58, 6, 21, 25, 36, 9, 39, 12, 31, 13, 14, 33, 15, 24], [27, 17, 42, 43, 3, 30, 45, 53, 48, 34, 55, 56, 49, 57, 44]]
95: [[46, 51, 11, 47, 35, 50, 60, 54, 41, 1, 2, 19, 20, 26, 37], [22, 38, 29, 28, 32, 18, 16, 8, 23, 52, 40, 4, 5, 7, 59], [10, 58, 6, 21, 25, 36, 9, 39, 12, 31, 13, 14, 33, 15, 24], [27, 17, 42, 43, 3, 30, 45, 53, 48, 34, 55, 56, 49, 57, 44]]
96: [[46, 51, 11, 47, 35, 50, 60, 54, 41, 1, 2, 19, 20, 26, 37], [22, 38, 29, 28, 32, 18, 16, 8, 23, 52, 40, 4, 5, 7, 59], [10, 58, 6, 21, 25, 36, 9, 39, 12, 31, 13, 14, 33, 15, 24], [27, 17, 42, 43, 3, 30, 45, 53, 48, 34, 55, 56, 49, 57, 44]]
97: [[46, 51, 11, 47, 35, 50, 60, 54, 41, 1, 2, 19, 20, 26, 37], [22, 38, 29, 28, 32, 18, 16, 8, 23, 52, 40, 4, 5, 7, 59], [10, 58, 6, 21, 25, 36, 9, 39, 12, 31, 13, 14, 33, 15, 24], [27, 17, 42, 43, 3, 30, 45, 53, 48, 34, 55, 56, 49, 57, 44]]
98: [[46, 51, 11, 47, 35, 50, 60, 54, 41, 1, 2, 19, 20, 26, 37], [22, 38, 29, 28, 32, 18, 16, 8, 23, 52, 40, 4, 5, 7, 59], [10, 58, 6, 21, 25, 36, 9, 39, 12, 31, 13, 14, 33, 15, 24], [27, 17, 42, 43, 3, 30, 45, 53, 48, 34, 55, 56, 49, 57, 44]]
99: [[46, 51, 11, 47, 35, 50, 60, 54, 41, 1, 2, 19, 20, 26, 37], [22, 38, 29, 28, 32, 18, 16, 8, 23, 52, 40, 4, 5, 7, 59], [10, 58, 6, 21, 25, 36, 9, 39, 12, 31, 13, 14, 33, 15, 24], [27, 17, 42, 43, 3, 30, 45, 53, 48, 34, 55, 56, 49, 57, 44]]
100: [[46, 51, 11, 47, 35, 50, 60, 54, 41, 1, 2, 19, 20, 26, 37], [22, 38, 29, 28, 32, 18, 16, 8, 23, 52, 40, 4, 5, 7, 59], [10, 58, 6, 21, 25, 36, 9, 39, 12, 31, 13, 14, 33, 15, 24], [27, 17, 42, 43, 3, 30, 45, 53, 48, 34, 55, 56, 49, 57, 44]]
101: [[46, 51, 11, 47, 35, 50, 60, 54, 41, 1, 2, 19, 20, 26, 37], [22, 38, 29, 28, 32, 18, 16, 8, 23, 52, 40, 4, 5, 7, 59], [10, 58, 6, 21, 25, 36, 9, 39, 12, 31, 13, 14, 33, 15, 24], [27, 17, 42, 43, 3, 30, 45, 53, 48, 34, 55, 56, 49, 57, 44]]
102: [[46, 51, 11, 47, 35, 50, 60, 54, 41, 1, 2, 19, 20, 26, 37], [22, 38, 29, 28, 32, 18, 16, 8, 23, 52, 40, 4, 5, 7, 59], [10, 58, 6, 21, 25, 36, 9, 39, 12, 31, 13, 14, 33, 15, 24], [27, 17, 42, 43, 3, 30, 45, 53, 48, 34, 55, 56, 49, 57, 44]]
103: [[46, 51, 11, 47, 35, 50, 60, 54, 41, 1, 2, 19, 20, 26, 37], [22, 38, 29, 28, 32, 18, 16, 8, 23, 52, 40, 4, 5, 7, 59], [10, 58, 6, 21, 25, 36, 9, 39, 12, 31, 13, 14, 33, 15, 24], [27, 17, 42, 43, 3, 30, 45, 53, 48, 34, 55, 56, 49, 57, 44]]
104: [[46, 51, 11, 47, 35, 50, 60, 54, 41, 1, 2, 19, 20, 26, 37], [22, 38, 29, 28, 32, 18, 16, 8, 23, 52, 40, 4, 5, 7, 59], [10, 58, 6, 21, 25, 36, 9, 39, 12, 31, 13, 14, 33, 15, 24], [27, 17, 42, 43, 3, 30, 45, 53, 48, 34, 55, 56, 49, 57, 44]]
105: [[46, 51, 11, 47, 35, 50, 60, 54, 41, 1, 2, 19, 20, 26, 37], [22, 38, 29, 28, 32, 18, 16, 8, 23, 52, 40, 4, 5, 7, 59], [10, 58, 6, 21, 25, 36, 9, 39, 12, 31, 13, 14, 33, 15, 24], [27, 17, 42, 43, 3, 30, 45, 53, 48, 34, 55, 56, 49, 57, 44]]
106: [[46, 51, 11, 47, 35, 50, 60, 54, 41, 1, 2, 19, 20, 26, 37], [22, 38, 29, 28, 32, 18, 16, 8, 23, 52, 40, 4, 5, 7, 59], [10, 58, 6, 21, 25, 36, 9, 39, 12, 31, 13, 14, 33, 15, 24], [27, 17, 42, 43, 3, 30, 45, 53, 48, 34, 55, 56, 49, 57, 44]]
107: [[46, 51, 11, 47, 35, 50, 60, 54, 41, 1, 2, 19, 20, 26, 37], [22, 38, 29, 28, 32, 18, 16, 8, 23, 52, 40, 4, 5, 7, 59], [10, 58, 6, 21, 25, 36, 9, 39, 12, 31, 13, 14, 33, 15, 24], [27, 17, 42, 43, 3, 30, 45, 53, 48, 34, 55, 56, 49, 57, 44]]
108: [[46, 51, 11, 47, 35, 50, 60, 54, 41, 1, 2, 19, 20, 26, 37], [22, 38, 29, 28, 32, 18, 16, 8, 23, 52, 40, 4, 5, 7, 59], [10, 58, 6, 21, 25, 36, 9, 39, 12, 31, 13, 14, 33, 15, 24], [27, 17, 42, 43, 3, 30, 45, 53, 48, 34, 55, 56, 49, 57, 44]]
109: [[46, 51, 11, 47, 35, 50, 60, 54, 41, 1, 2, 19, 20, 26, 37], [22, 38, 29, 28, 32, 18, 16, 8, 23, 52, 40, 4, 5, 7, 59], [10, 58, 6, 21, 25, 36, 9, 39, 12, 31, 13, 14, 33, 15, 24], [27, 17, 42, 43, 3, 30, 45, 53, 48, 34, 55, 56, 49, 57, 44]]
110: [[46, 51, 11, 47, 35, 50, 60, 54, 41, 1, 2, 19, 20, 26, 37], [22, 38, 29, 28, 32, 18, 16, 8, 23, 52, 40, 4, 5, 7, 59], [10, 58, 6, 21, 25, 36, 9, 39, 12, 31, 13, 14, 33, 15, 24], [27, 17, 42, 43, 3, 30, 45, 53, 48, 34, 55, 56, 49, 57, 44]]
111: [[46, 51, 11, 47, 35, 50, 60, 54, 41, 1, 2, 19, 20, 26, 37], [22, 38, 29, 28, 32, 18, 16, 8, 23, 52, 40, 4, 5, 7, 59], [10, 58, 6, 21, 25, 36, 9, 39, 12, 31, 13, 14, 33, 15, 24], [27, 17, 42, 43, 3, 30, 45, 53, 48, 34, 55, 56, 49, 57, 44]]
112: [[46, 51, 11, 47, 35, 50, 60, 54, 41, 1, 2, 19, 20, 26, 37], [22, 38, 29, 28, 32, 18, 16, 8, 23, 52, 40, 4, 5, 7, 59], [10, 58, 6, 21, 25, 36, 9, 39, 12, 31, 13, 14, 33, 15, 24], [27, 17, 42, 43, 3, 30, 45, 53, 48, 34, 55, 56, 49, 57, 44]]
113: [[46, 51, 11, 47, 35, 50, 60, 54, 41, 1, 2, 19, 20, 26, 37], [22, 38, 29, 28, 32, 18, 16, 8, 23, 52, 40, 4, 5, 7, 59], [10, 58, 6, 21, 25, 36, 9, 39, 12, 31, 13, 14, 33, 15, 24], [27, 17, 42, 43, 3, 30, 45, 53, 48, 34, 55, 56, 49, 57, 44]]
114: [[46, 51, 11, 47, 35, 50, 60, 54, 41, 1, 2, 19, 20, 26, 37], [22, 38, 29, 28, 32, 18, 16, 8, 23, 52, 40, 4, 5, 7, 59], [10, 58, 6, 21, 25, 36, 9, 39, 12, 31, 13, 14, 33, 15, 24], [27, 17, 42, 43, 3, 30, 45, 53, 48, 34, 55, 56, 49, 57, 44]]
115: [[46, 51, 11, 47, 35, 50, 60, 54, 41, 1, 2, 19, 20, 26, 37], [22, 38, 29, 28, 32, 18, 16, 8, 23, 52, 40, 4, 5, 7, 59], [10, 58, 6, 21, 25, 36, 9, 39, 12, 31, 13, 14, 33, 15, 24], [27, 17, 42, 43, 3, 30, 45, 53, 48, 34, 55, 56, 49, 57, 44]]
116: [[46, 51, 11, 47, 35, 50, 60, 54, 41, 1, 2, 19, 20, 26, 37], [22, 38, 29, 28, 32, 18, 16, 8, 23, 52, 40, 4, 5, 7, 59], [10, 58, 6, 21, 25, 36, 9, 39, 12, 31, 13, 14, 33, 15, 24], [27, 17, 42, 43, 3, 30, 45, 53, 48, 34, 55, 56, 49, 57, 44]]
117: [[46, 51, 11, 47, 35, 50, 60, 54, 41, 1, 2, 19, 20, 26, 37], [22, 38, 29, 28, 32, 18, 16, 8, 23, 52, 40, 4, 5, 7, 59], [10, 58, 6, 21, 25, 36, 9, 39, 12, 31, 13, 14, 33, 15, 24], [27, 17, 42, 43, 3, 30, 45, 53, 48, 34, 55, 56, 49, 57, 44]]
118: [[46, 51, 11, 47, 35, 50, 60, 54, 41, 1, 2, 19, 20, 26, 37], [22, 38, 29, 28, 32, 18, 16, 8, 23, 52, 40, 4, 5, 7, 59], [10, 58, 6, 21, 25, 36, 9, 39, 12, 31, 13, 14, 33, 15, 24], [27, 17, 42, 43, 3, 30, 45, 53, 48, 34, 55, 56, 49, 57, 44]]
119: [[46, 51, 11, 47, 35, 50, 60, 54, 41, 1, 2, 19, 20, 26, 37], [22, 38, 29, 28, 32, 18, 16, 8, 23, 52, 40, 4, 5, 7, 59], [10, 58, 6, 21, 25, 36, 9, 39, 12, 31, 13, 14, 33, 15, 24], [27, 17, 42, 43, 3, 30, 45, 53, 48, 34, 55, 56, 49, 57, 44]]
