0: [[42, 13, 21, 1, 26, 17, 6, 5], [3, 8, 35, 2, 4, 7, 11], [14, 12, 9, 10, 15, 24, 18, 16], [19, 20], [22, 23], [31, 27, 28, 25], [29, 30, 37, 32, 40], [33, 50, 36], [34, 45, 43], [44, 38], [46, 39, 52, 53], [57, 49], [41, 59], [48, 51], [55, 54, 47], [56, 58], [60]]
1: [[42, 13, 21, 1, 26, 17, 6, 5], [3, 8, 35, 2, 4, 7, 11], [14, 12, 9, 10, 15, 24, 18, 16], [19, 20], [22, 23], [31, 27, 28, 25], [29, 30, 37, 32, 40], [33, 50, 36], [34, 45, 43], [44, 38], [46, 39, 52, 53], [57, 49], [41, 59], [48, 51], [55, 54, 47], [56, 58], [60]]
2: [[42, 13, 21, 1, 26, 17, 6, 5], [3, 8, 35, 2, 4, 7, 11], [14, 12, 9, 10, 15, 24, 18, 16], [19, 20], [22, 23], [31], [27, 28, 25, 29], [30, 37], [32, 40], [33, 50, 36], [34, 45], [43, 44, 38], [46, 39, 52, 53], [57, 49, 41, 59, 48], [51], [55, 54, 47, 56, 58, 60]]
3: [[42, 13, 21, 1, 26, 17, 6, 5], [3, 8, 35, 2, 4, 7, 11], [14, 12, 9, 10, 15, 24, 18, 16], [19, 20], [22, 23], [31], [27, 28, 25, 29], [30, 37], [32, 40], [33, 50, 36], [34, 45], [43, 44, 38], [46, 39, 52, 53], [57, 49, 41, 59, 48], [51], [55, 54, 47, 56, 58, 60]]
4: [[42, 13, 21, 1, 26, 17, 6, 5], [3, 8, 35, 2, 4, 7, 11], [14, 12, 9, 10, 15, 24, 18, 16], [19, 20], [22, 23, 31, 27, 28], [25, 29, 30], [37, 32, 40], [33, 50], [36, 34, 45, 43], [44, 38], [46, 39], [52, 53], [57, 49, 41], [59, 48], [51], [55, 54, 47, 56, 58, 60]]
5: [[42, 13, 21, 1, 26, 17, 6, 5], [3, 8, 35, 2, 4, 7, 11], [14, 12, 9, 10, 15, 24, 18, 16], [19, 20], [22, 23, 31, 27], [28, 25, 29, 30], [37, 32], [40, 33], [50, 36, 34], [45, 43], [44, 38, 46, 39], [52, 53, 57, 49, 41, 59, 48], [51, 55, 54, 47, 56, 58, 60]]
6: [[42, 13, 21, 1, 26, 17, 6, 5], [3, 8, 35, 2, 4, 7, 11], [14, 12, 9, 10, 15, 24, 18, 16], [19, 20], [22, 23, 31, 27], [28, 25, 29, 30], [37, 32], [40, 33], [50, 36, 34], [45, 43], [44, 38, 46, 39], [52, 53, 57, 49, 41, 59, 48], [51, 55, 54, 47, 56, 58, 60]]
7: [[42, 13, 21, 1, 26, 17, 6, 5], [3, 8, 35, 2, 4, 7, 11], [14, 12, 9, 10, 15, 24, 18, 16], [19, 20], [22, 23, 31, 27], [28, 25, 29, 30], [37, 32], [40, 33], [50, 36, 34], [45, 43], [44, 38, 46, 39], [52, 53, 57, 49, 41, 59, 48], [51, 55, 54, 47, 56, 58, 60]]
8: [[42, 13, 21, 1, 26, 17], [6, 5], [3, 8, 35], [2, 4, 7, 11], [14, 12, 9, 10, 15], [24, 18, 16], [19, 20], [22, 23], [31, 27, 28, 25], [29, 30, 37], [32, 40], [33, 50, 36, 34, 45], [43, 44, 38], [46, 39, 52], [53, 57, 49, 41], [59, 48], [51, 55, 54, 47, 56, 58, 60]]
9: [[42, 13, 21, 1, 26, 17, 6, 5], [3, 8, 35, 2, 4, 7, 11], [14, 12, 9, 10, 15, 24, 18, 16], [19, 20], [22, 23], [31, 27, 28, 25], [29, 30, 37], [32, 40, 33], [50, 36, 34], [45, 43, 44], [38], [46, 39, 52, 53, 57, 49, 41, 59], [48, 51, 55, 54, 47, 56, 58, 60]]
10: [[42, 13, 21, 1, 26, 17, 6, 5], [3, 8, 35, 2, 4, 7, 11], [14, 12], [9, 10, 15, 24, 18], [16, 19, 20, 22], [23, 31], [27, 28, 25], [29, 30, 37], [32, 40], [33, 50, 36], [34, 45], [43, 44, 38], [46, 39, 52, 53], [57, 49, 41, 59, 48], [51, 55, 54], [47, 56], [58, 60]]
11: [[42, 13, 21, 1, 26, 17, 6, 5], [3, 8, 35, 2, 4, 7, 11], [14, 12, 9, 10, 15, 24, 18, 16], [19, 20], [22, 23], [31, 27, 28, 25], [29, 30, 37], [32], [40, 33], [50, 36], [34, 45, 43], [44, 38, 46, 39, 52, 53, 57, 49, 41], [59, 48, 51, 55, 54, 47, 56, 58, 60]]
12: [[42, 13, 21, 1, 26, 17, 6], [5, 3, 8, 35, 2, 4, 7], [11, 14, 12, 9, 10, 15, 24, 18], [16, 19, 20], [22, 23, 31, 27], [28, 25, 29, 30], [37, 32], [40, 33], [50, 36, 34], [45, 43], [44, 38, 46, 39], [52, 53, 57, 49, 41, 59, 48], [51, 55, 54, 47, 56, 58, 60]]
13: [[42, 13, 21], [1, 26, 17], [6, 5, 3, 8], [35, 2], [4, 7], [11, 14, 12, 9], [10, 15, 24, 18, 16], [19, 20, 22], [23, 31, 27], [28, 25, 29], [30, 37, 32], [40, 33], [50, 36], [34, 45, 43], [44, 38, 46], [39, 52], [53, 57, 49], [41, 59, 48], [51, 55, 54], [47, 56, 58, 60]]
14: [[42, 13, 21, 1, 26, 17, 6, 5], [3, 8, 35, 2, 4, 7, 11], [14, 12, 9, 10, 15, 24, 18, 16], [19, 20], [22, 23], [31, 27], [28, 25], [29, 30, 37], [32, 40, 33], [50, 36, 34, 45], [43, 44, 38, 46, 39, 52, 53, 57, 49, 41], [59, 48, 51, 55, 54, 47, 56, 58, 60]]
15: [[42, 13, 21, 1, 26, 17, 6, 5], [3, 8], [35, 2], [4, 7, 11, 14], [12, 9, 10, 15, 24], [18, 16, 19], [20, 22], [23, 31, 27], [28, 25], [29, 30, 37], [32, 40, 33], [50, 36, 34], [45, 43, 44, 38], [46, 39, 52], [53, 57, 49, 41], [59, 48, 51, 55, 54, 47, 56, 58, 60]]
16: [[42, 13, 21, 1, 26, 17, 6, 5], [3, 8, 35, 2, 4, 7, 11], [14, 12], [9, 10, 15, 24, 18], [16, 19, 20], [22, 23, 31], [27, 28], [25, 29, 30, 37], [32, 40], [33, 50], [36, 34], [45, 43, 44], [38, 46, 39], [52, 53, 57, 49], [41, 59, 48, 51, 55, 54, 47, 56, 58, 60]]
17: [[42, 13, 21, 1, 26], [17, 6, 5, 3, 8, 35], [2, 4, 7, 11], [14, 12], [9, 10, 15, 24, 18, 16], [19, 20], [22, 23], [31], [27, 28, 25, 29], [30, 37], [32, 40], [33, 50, 36], [34, 45], [43, 44, 38], [46, 39, 52, 53], [57, 49, 41, 59, 48], [51], [55, 54, 47, 56, 58, 60]]
18: [[42, 13, 21], [1, 26, 17], [6, 5, 3, 8], [35, 2], [4, 7], [11, 14, 12, 9], [10, 15, 24, 18], [16, 19, 20], [22, 23, 31], [27, 28, 25], [29, 30, 37], [32, 40], [33, 50], [36, 34, 45], [43, 44, 38], [46, 39, 52], [53, 57, 49, 41], [59, 48], [51, 55, 54, 47, 56, 58, 60]]
19: [[42, 13, 21], [1, 26], [17, 6], [5, 3, 8], [35, 2, 4], [7, 11, 14], [12, 9, 10], [15, 24, 18, 16], [19, 20], [22, 23, 31], [27, 28, 25], [29, 30, 37, 32], [40, 33, 50, 36], [34, 45, 43, 44], [38, 46, 39], [52, 53], [57, 49, 41], [59, 48, 51, 55], [54, 47, 56], [58, 60]]
20: [[42, 13, 21, 1, 26, 17, 6, 5], [3, 8, 35, 2, 4, 7, 11], [14, 12, 9, 10, 15, 24, 18, 16], [19, 20], [22, 23], [31], [27, 28], [25, 29], [30, 37, 32], [40, 33, 50, 36, 34, 45, 43, 44, 38], [46, 39, 52, 53, 57, 49, 41, 59, 48], [51, 55, 54, 47, 56, 58, 60]]
21: [[42, 13, 21, 1, 26, 17, 6, 5], [3, 8, 35, 2, 4, 7, 11], [14, 12, 9, 10, 15, 24, 18, 16], [19, 20], [22, 23, 31], [27, 28, 25, 29, 30], [37, 32, 40, 33, 50, 36, 34, 45, 43, 44, 38, 46], [39, 52, 53, 57, 49, 41, 59, 48, 51, 55, 54, 47, 56, 58, 60]]
22: [[42, 13, 21], [1, 26, 17], [6, 5, 3], [8, 35, 2], [4, 7], [11, 14], [12, 9], [10, 15, 24, 18], [16, 19, 20], [22, 23, 31], [27, 28, 25], [29, 30, 37], [32, 40], [33, 50], [36, 34, 45], [43, 44, 38], [46, 39, 52], [53, 57, 49], [41], [59], [48, 51, 55, 54], [47, 56, 58, 60]]
23: [[42, 13, 21, 1, 26, 17, 6, 5], [3, 8], [35, 2], [4, 7, 11], [14, 12, 9, 10, 15], [24, 18, 16, 19], [20, 22], [23, 31, 27, 28], [25, 29, 30], [37, 32, 40, 33], [50, 36, 34], [45, 43, 44, 38], [46, 39, 52, 53], [57, 49, 41, 59], [48, 51, 55, 54], [47, 56, 58, 60]]
24: [[42, 13, 21], [1, 26], [17, 6, 5, 3], [8, 35, 2], [4, 7], [11, 14, 12, 9], [10, 15, 24, 18], [16, 19, 20], [22, 23, 31, 27], [28, 25], [29, 30], [37, 32, 40, 33], [50, 36, 34], [45, 43, 44, 38], [46, 39, 52], [53, 57, 49], [41, 59, 48], [51, 55, 54, 47], [56, 58, 60]]
25: [[42, 13, 21, 1, 26, 17, 6, 5], [3, 8], [35, 2], [4, 7, 11, 14, 12], [9, 10, 15, 24, 18], [16, 19], [20, 22, 23], [31, 27], [28, 25, 29, 30], [37, 32], [40, 33], [50, 36, 34], [45, 43], [44, 38], [46, 39], [52, 53, 57, 49, 41, 59, 48], [51, 55, 54, 47, 56, 58, 60]]
26: [[42, 13, 21], [1, 26, 17], [6, 5], [3, 8], [35, 2, 4], [7, 11], [14, 12, 9, 10], [15, 24, 18, 16], [19, 20, 22, 23], [31, 27, 28, 25], [29, 30, 37], [32, 40], [33, 50, 36], [34, 45, 43], [44, 38, 46], [39, 52, 53], [57, 49, 41, 59], [48, 51, 55, 54], [47], [56, 58, 60]]
27: [[42, 13, 21, 1, 26, 17], [6, 5, 3, 8, 35, 2, 4], [7, 11, 14, 12, 9, 10, 15], [24, 18, 16, 19, 20, 22, 23], [31, 27, 28, 25], [29, 30, 37, 32], [40, 33, 50], [36, 34, 45, 43], [44, 38, 46, 39], [52, 53], [57, 49, 41], [59, 48, 51], [55, 54, 47], [56, 58, 60]]
28: [[42, 13, 21], [1, 26], [17, 6], [5, 3], [8, 35, 2], [4, 7, 11], [14, 12, 9], [10, 15, 24], [18, 16], [19, 20], [22, 23, 31, 27], [28, 25], [29, 30], [37, 32], [40], [33, 50, 36, 34], [45, 43, 44], [38, 46, 39], [52, 53, 57, 49], [41, 59], [48, 51, 55], [54, 47, 56, 58], [60]]
29: [[42, 13, 21], [1, 26, 17], [6, 5, 3], [8, 35], [2, 4, 7], [11, 14, 12], [9, 10], [15, 24, 18, 16], [19, 20], [22, 23], [31, 27, 28], [25, 29, 30, 37], [32, 40, 33], [50, 36], [34, 45, 43], [44, 38, 46, 39], [52, 53, 57, 49], [41, 59, 48], [51, 55, 54], [47, 56, 58, 60]]
30: [[42, 13, 21, 1], [26, 17, 6], [5, 3, 8], [35, 2, 4, 7], [11, 14], [12, 9, 10, 15], [24], [18, 16, 19, 20], [22, 23, 31, 27, 28], [25, 29], [30, 37, 32], [40, 33], [50, 36, 34], [45, 43], [44, 38], [46, 39], [52, 53, 57, 49, 41, 59, 48], [51, 55, 54, 47, 56, 58, 60]]
31: [[42, 13, 21], [1, 26, 17], [6, 5, 3, 8], [35, 2], [4, 7], [11, 14, 12, 9], [10, 15], [24, 18, 16], [19, 20, 22], [23, 31, 27], [28, 25, 29], [30, 37], [32, 40], [33, 50, 36, 34], [45, 43, 44, 38], [46, 39, 52, 53], [57, 49, 41], [59, 48, 51], [55, 54, 47], [56, 58, 60]]
32: [[42, 13, 21, 1, 26, 17], [6, 5, 3, 8, 35, 2], [4, 7, 11, 14], [12, 9], [10, 15], [24, 18, 16, 19, 20], [22, 23, 31, 27], [28, 25], [29, 30], [37, 32, 40], [33], [50, 36, 34, 45], [43, 44], [38, 46], [39, 52, 53], [57, 49], [41, 59, 48], [51, 55, 54, 47], [56], [58, 60]]
33: [[42, 13, 21], [1, 26, 17], [6, 5, 3, 8], [35, 2], [4, 7], [11, 14, 12, 9], [10, 15, 24], [18, 16, 19], [20, 22, 23], [31, 27, 28], [25, 29], [30, 37], [32, 40], [33, 50, 36], [34, 45, 43], [44, 38], [46, 39, 52, 53], [57, 49], [41, 59], [48, 51], [55, 54, 47], [56, 58], [60]]
34: [[42, 13, 21, 1, 26, 17, 6, 5], [3, 8, 35, 2, 4, 7, 11], [14, 12, 9], [10, 15, 24, 18, 16], [19, 20, 22], [23, 31, 27], [28, 25], [29, 30, 37, 32], [40, 33], [50, 36, 34, 45], [43, 44, 38], [46], [39, 52], [53, 57], [49, 41, 59], [48, 51, 55, 54, 47, 56, 58, 60]]
35: [[42, 13, 21, 1, 26, 17, 6, 5], [3, 8, 35, 2, 4, 7, 11], [14, 12, 9, 10, 15, 24, 18, 16], [19, 20, 22], [23, 31, 27, 28, 25, 29], [30, 37, 32], [40, 33, 50], [36, 34, 45, 43], [44, 38, 46, 39, 52, 53, 57, 49, 41, 59, 48, 51], [55, 54, 47, 56, 58, 60]]
36: [[42, 13, 21, 1], [26, 17], [6, 5, 3], [8, 35, 2], [4, 7], [11, 14, 12], [9, 10, 15, 24], [18, 16, 19], [20, 22, 23, 31], [27, 28, 25, 29], [30, 37], [32, 40, 33], [50, 36, 34], [45, 43], [44, 38, 46, 39], [52, 53], [57, 49], [41, 59], [48, 51, 55], [54, 47, 56], [58, 60]]
37: [[42, 13, 21, 1, 26, 17, 6, 5], [3, 8, 35, 2, 4, 7, 11], [14, 12, 9, 10], [15, 24, 18, 16], [19, 20, 22, 23], [31, 27, 28, 25], [29, 30, 37, 32, 40, 33, 50, 36, 34], [45, 43, 44, 38, 46, 39, 52, 53, 57, 49, 41, 59, 48, 51, 55, 54, 47, 56, 58, 60]]
38: [[42, 13, 21], [1, 26, 17], [6, 5, 3], [8, 35], [2, 4, 7], [11, 14, 12], [9, 10, 15], [24, 18, 16], [19, 20], [22], [23, 31, 27], [28, 25], [29, 30, 37], [32, 40], [33, 50, 36], [34, 45, 43, 44], [38, 46, 39], [52, 53, 57, 49], [41, 59, 48, 51], [55, 54, 47], [56, 58, 60]]
39: [[42, 13, 21, 1, 26, 17], [6, 5], [3, 8, 35], [2, 4], [7, 11, 14, 12], [9, 10, 15, 24, 18], [16, 19, 20], [22, 23, 31], [27, 28, 25, 29], [30, 37, 32], [40, 33], [50, 36], [34, 45, 43], [44, 38, 46], [39, 52, 53], [57, 49, 41], [59, 48, 51, 55], [54, 47, 56, 58], [60]]
40: [[42, 13, 21, 1, 26, 17, 6], [5, 3], [8, 35, 2, 4, 7], [11, 14, 12], [9, 10, 15, 24, 18, 16, 19, 20, 22, 23, 31, 27, 28, 25, 29, 30, 37, 32, 40, 33, 50, 36, 34, 45, 43, 44, 38, 46, 39, 52], [53, 57, 49, 41, 59, 48, 51, 55, 54, 47, 56, 58, 60]]
41: [[42, 13, 21], [1, 26, 17, 6], [5, 3, 8], [35, 2], [4, 7, 11, 14], [12, 9, 10], [15, 24], [18, 16, 19, 20], [22, 23, 31, 27], [28, 25, 29], [30, 37, 32], [40, 33, 50, 36], [34, 45, 43], [44, 38], [46, 39, 52], [53, 57, 49, 41], [59, 48, 51, 55], [54, 47, 56], [58, 60]]
42: [[42, 13], [21, 1, 26, 17, 6, 5, 3], [8, 35], [2, 4, 7, 11], [14], [12, 9, 10, 15], [24, 18, 16, 19, 20], [22, 23], [31, 27, 28], [25, 29, 30], [37, 32, 40, 33, 50], [36, 34], [45, 43, 44, 38, 46, 39, 52, 53], [57, 49], [41, 59, 48], [51, 55, 54, 47, 56], [58, 60]]
43: [[42, 13, 21], [1, 26, 17, 6], [5, 3, 8], [35, 2], [4, 7, 11, 14], [12, 9, 10], [15, 24], [18, 16, 19, 20], [22, 23, 31, 27], [28, 25, 29], [30, 37, 32], [40, 33, 50, 36], [34, 45, 43], [44, 38], [46, 39, 52], [53, 57, 49, 41], [59, 48, 51, 55], [54, 47, 56], [58, 60]]
44: [[42, 13, 21, 1, 26, 17, 6, 5], [3, 8, 35, 2, 4, 7, 11], [14, 12, 9, 10, 15, 24, 18, 16, 19], [20, 22, 23, 31, 27, 28, 25, 29, 30, 37, 32, 40, 33, 50, 36, 34, 45, 43, 44, 38, 46, 39, 52, 53, 57, 49, 41, 59, 48, 51, 55, 54, 47, 56, 58, 60]]
45: [[42, 13, 21, 1], [26, 17, 6, 5, 3, 8, 35], [2, 4, 7], [11, 14, 12], [9, 10, 15], [24], [18, 16, 19], [20, 22, 23], [31, 27, 28], [25, 29, 30, 37], [32, 40, 33], [50, 36, 34], [45, 43, 44, 38], [46, 39, 52], [53, 57, 49], [41, 59, 48, 51], [55, 54, 47, 56, 58, 60]]
46: [[42, 13, 21], [1, 26], [17, 6, 5], [3, 8], [35, 2], [4, 7, 11, 14], [12, 9], [10, 15, 24], [18, 16, 19], [20, 22, 23, 31], [27, 28, 25, 29], [30, 37, 32], [40, 33, 50], [36, 34, 45], [43, 44, 38], [46, 39, 52, 53], [57, 49, 41], [59, 48, 51], [55, 54], [47, 56, 58, 60]]
47: [[42, 13, 21, 1, 26, 17, 6, 5], [3, 8], [35, 2], [4, 7, 11, 14, 12], [9, 10, 15, 24, 18], [16, 19, 20], [22, 23, 31], [27, 28], [25, 29, 30, 37], [32, 40], [33, 50], [36, 34], [45, 43, 44], [38, 46, 39], [52, 53, 57, 49, 41, 59, 48, 51, 55, 54, 47, 56, 58, 60]]
48: [[42, 13, 21, 1, 26, 17, 6, 5], [3, 8], [35, 2], [4, 7, 11, 14, 12], [9, 10, 15, 24, 18], [16, 19, 20], [22, 23, 31], [27, 28], [25, 29, 30, 37], [32, 40], [33, 50], [36, 34], [45, 43, 44], [38, 46, 39], [52, 53, 57, 49, 41, 59, 48, 51, 55, 54, 47, 56, 58, 60]]
49: [[42, 13, 21, 1, 26, 17, 6, 5], [3, 8, 35, 2, 4, 7, 11], [14, 12, 9, 10, 15, 24, 18], [16, 19, 20, 22, 23, 31, 27, 28, 25, 29, 30, 37, 32, 40, 33, 50, 36, 34, 45, 43, 44, 38, 46, 39, 52, 53, 57, 49, 41, 59, 48, 51, 55, 54, 47, 56, 58, 60]]
50: [[42, 13, 21], [1, 26, 17], [6, 5, 3, 8], [35, 2], [4, 7, 11], [14, 12, 9, 10], [15, 24], [18, 16, 19], [20], [22, 23, 31, 27], [28, 25, 29], [30, 37, 32], [40, 33, 50, 36], [34, 45, 43, 44], [38, 46, 39], [52, 53, 57, 49], [41, 59, 48], [51, 55, 54], [47, 56, 58, 60]]
51: [[42, 13, 21, 1, 26, 17, 6, 5], [3, 8, 35, 2, 4, 7, 11], [14, 12, 9, 10, 15, 24, 18, 16], [19, 20, 22], [23, 31, 27, 28, 25, 29], [30, 37, 32, 40, 33, 50], [36, 34, 45, 43, 44, 38, 46, 39, 52, 53, 57, 49, 41, 59, 48, 51, 55, 54, 47, 56, 58, 60]]
52: [[42, 13, 21, 1, 26, 17], [6, 5, 3], [8, 35, 2, 4], [7, 11], [14, 12, 9], [10, 15, 24], [18, 16, 19, 20], [22, 23, 31, 27], [28, 25, 29, 30], [37, 32, 40], [33, 50], [36, 34, 45], [43, 44, 38, 46], [39, 52, 53], [57, 49], [41, 59, 48, 51, 55, 54, 47, 56, 58, 60]]
53: [[42, 13, 21, 1, 26, 17, 6], [5, 3, 8, 35, 2, 4, 7], [11, 14], [12, 9], [10, 15, 24, 18], [16, 19, 20], [22, 23], [31, 27, 28], [25, 29, 30], [37, 32, 40], [33, 50, 36], [34, 45, 43, 44, 38, 46, 39, 52, 53, 57, 49, 41, 59, 48, 51, 55, 54, 47, 56, 58, 60]]
54: [[42, 13, 21], [1, 26, 17], [6, 5], [3, 8], [35, 2, 4], [7, 11, 14], [12, 9, 10], [15, 24, 18], [16, 19, 20], [22, 23, 31, 27], [28, 25, 29, 30], [37, 32, 40, 33], [50, 36, 34, 45], [43, 44, 38, 46], [39, 52, 53], [57, 49, 41, 59], [48, 51, 55], [54, 47, 56, 58], [60]]
55: [[42, 13], [21, 1, 26], [17, 6, 5], [3, 8], [35, 2, 4, 7], [11, 14, 12, 9], [10, 15], [24, 18, 16], [19, 20, 22, 23], [31, 27, 28, 25], [29, 30, 37, 32], [40, 33], [50, 36], [34, 45, 43, 44], [38, 46, 39], [52, 53], [57, 49, 41, 59, 48], [51, 55, 54, 47, 56, 58], [60]]
56: [[42, 13, 21], [1, 26], [17, 6, 5], [3, 8], [35, 2, 4, 7], [11, 14, 12], [9, 10], [15, 24, 18], [16, 19, 20, 22], [23, 31, 27], [28, 25, 29, 30], [37, 32, 40, 33], [50, 36, 34, 45], [43, 44, 38], [46, 39, 52, 53], [57, 49, 41], [59, 48, 51], [55, 54, 47, 56], [58, 60]]
57: [[42, 13], [21, 1], [26, 17, 6, 5], [3, 8, 35, 2], [4, 7], [11, 14, 12], [9, 10, 15, 24], [18, 16, 19, 20], [22, 23, 31, 27, 28], [25, 29, 30, 37], [32, 40, 33, 50], [36, 34], [45, 43], [44, 38], [46, 39, 52, 53], [57, 49, 41], [59, 48, 51], [55, 54, 47, 56], [58, 60]]
58: [[42, 13, 21, 1, 26, 17, 6, 5], [3, 8, 35, 2, 4, 7, 11], [14, 12, 9, 10], [15, 24, 18, 16, 19, 20, 22], [23], [31, 27, 28, 25], [29, 30, 37, 32], [40, 33, 50], [36, 34, 45, 43], [44, 38, 46], [39, 52, 53, 57], [49], [41, 59, 48, 51, 55, 54, 47, 56, 58, 60]]
59: [[42, 13, 21], [1, 26, 17], [6, 5, 3, 8], [35, 2], [4, 7, 11, 14], [12], [9, 10], [15, 24, 18], [16, 19], [20, 22, 23], [31, 27], [28, 25], [29, 30], [37, 32], [40, 33], [50, 36, 34], [45, 43], [44, 38], [46, 39, 52, 53], [57, 49, 41, 59], [48, 51], [55, 54, 47], [56, 58, 60]]
60: [[42, 13, 21, 1, 26, 17, 6, 5], [3, 8, 35, 2, 4, 7, 11], [14, 12], [9, 10, 15, 24], [18, 16, 19, 20], [22, 23], [31, 27], [28, 25, 29], [30, 37], [32, 40, 33, 50], [36, 34, 45, 43, 44, 38, 46], [39, 52, 53, 57, 49, 41, 59], [48, 51, 55, 54, 47, 56, 58, 60]]
61: [[42, 13, 21], [1, 26, 17, 6], [5, 3], [8, 35, 2, 4, 7, 11, 14], [12, 9, 10, 15, 24, 18, 16, 19], [20, 22, 23], [31, 27, 28, 25], [29, 30, 37, 32], [40, 33, 50], [36, 34, 45, 43, 44, 38], [46, 39, 52, 53, 57, 49, 41], [59, 48, 51, 55, 54, 47, 56, 58, 60]]
62: [[42, 13, 21, 1], [26, 17, 6, 5, 3], [8, 35, 2], [4, 7, 11], [14, 12], [9, 10, 15], [24, 18, 16, 19], [20, 22, 23, 31, 27], [28, 25, 29, 30], [37, 32, 40], [33, 50], [36, 34, 45], [43, 44], [38, 46, 39], [52, 53, 57, 49], [41, 59, 48, 51, 55], [54], [47, 56, 58, 60]]
63: [[42, 13], [21, 1, 26], [17, 6], [5, 3, 8], [35, 2], [4, 7], [11, 14, 12, 9], [10, 15], [24, 18, 16], [19, 20, 22], [23, 31, 27, 28], [25, 29, 30, 37], [32, 40, 33], [50, 36, 34], [45, 43, 44], [38, 46, 39, 52], [53, 57, 49, 41], [59, 48, 51], [55, 54, 47], [56, 58, 60]]
64: [[42, 13, 21], [1, 26], [17], [6, 5, 3, 8], [35, 2, 4], [7, 11], [14, 12, 9], [10, 15], [24, 18, 16, 19], [20, 22, 23, 31, 27], [28, 25, 29], [30, 37, 32], [40, 33, 50], [36, 34, 45], [43, 44, 38], [46, 39], [52, 53, 57, 49], [41, 59, 48], [51, 55, 54], [47, 56, 58], [60]]
65: [[42, 13, 21, 1, 26, 17, 6], [5, 3, 8, 35, 2, 4, 7], [11, 14, 12, 9], [10, 15, 24, 18], [16, 19], [20, 22], [23, 31], [27, 28, 25], [29, 30, 37], [32, 40, 33], [50, 36, 34, 45, 43], [44, 38, 46, 39, 52, 53, 57, 49, 41, 59, 48, 51], [55, 54, 47, 56], [58, 60]]
66: [[42, 13, 21, 1], [26, 17, 6], [5, 3, 8], [35, 2, 4], [7, 11], [14, 12, 9, 10], [15, 24, 18], [16, 19, 20, 22], [23, 31], [27, 28], [25, 29], [30, 37, 32, 40], [33, 50, 36], [34, 45, 43], [44, 38, 46], [39, 52], [53, 57, 49, 41], [59, 48, 51, 55], [54, 47, 56, 58, 60]]
67: [[42, 13, 21, 1], [26, 17, 6, 5, 3, 8, 35], [2, 4, 7], [11, 14, 12], [9, 10, 15], [24], [18, 16, 19], [20, 22, 23], [31, 27, 28], [25, 29, 30], [37, 32, 40], [33, 50], [36, 34, 45], [43, 44, 38], [46, 39, 52], [53, 57, 49], [41], [59], [48, 51, 55, 54], [47, 56, 58, 60]]
68: [[42, 13, 21, 1, 26, 17, 6], [5, 3, 8, 35, 2], [4, 7, 11], [14, 12, 9, 10, 15, 24, 18], [16, 19, 20, 22, 23, 31], [27, 28, 25, 29, 30, 37, 32, 40], [33, 50], [36, 34], [45], [43, 44, 38, 46], [39, 52, 53, 57], [49, 41, 59, 48, 51], [55, 54, 47, 56], [58, 60]]
69: [[42, 13], [21, 1], [26], [17, 6, 5], [3, 8], [35, 2, 4], [7, 11, 14], [12, 9, 10], [15, 24, 18], [16, 19, 20], [22, 23, 31], [27, 28, 25, 29], [30, 37, 32, 40], [33, 50, 36, 34], [45, 43, 44, 38], [46, 39, 52, 53], [57, 49, 41], [59, 48, 51, 55], [54, 47, 56, 58], [60]]
70: [[42, 13], [21, 1], [26, 17, 6, 5], [3, 8, 35], [2, 4, 7], [11, 14], [12, 9], [10, 15, 24], [18, 16, 19, 20], [22, 23, 31], [27, 28, 25, 29], [30, 37, 32, 40], [33, 50, 36, 34], [45, 43], [44, 38], [46, 39, 52], [53, 57, 49, 41], [59, 48, 51, 55], [54, 47], [56, 58, 60]]
71: [[42, 13, 21, 1], [26, 17, 6], [5, 3, 8], [35, 2, 4, 7], [11, 14], [12, 9, 10, 15], [24], [18, 16, 19, 20], [22, 23, 31, 27, 28], [25, 29], [30, 37, 32], [40, 33], [50, 36, 34], [45, 43, 44], [38, 46, 39], [52, 53, 57, 49, 41, 59, 48, 51, 55, 54, 47, 56, 58, 60]]
72: [[42, 13, 21], [1, 26, 17, 6, 5], [3, 8, 35], [2, 4], [7, 11, 14, 12], [9, 10, 15, 24, 18], [16, 19, 20, 22], [23, 31, 27], [28, 25, 29], [30, 37, 32], [40, 33], [50, 36], [34, 45, 43], [44, 38, 46], [39, 52, 53], [57, 49, 41], [59, 48, 51, 55], [54, 47, 56, 58], [60]]
73: [[42, 13, 21], [1, 26, 17], [6, 5, 3, 8], [35, 2, 4, 7, 11, 14], [12, 9, 10, 15, 24, 18, 16, 19, 20, 22, 23, 31, 27], [28, 25, 29, 30, 37, 32, 40, 33, 50], [36, 34, 45, 43, 44, 38, 46, 39, 52, 53, 57, 49, 41, 59, 48, 51, 55, 54, 47, 56, 58, 60]]
74: [[42, 13, 21, 1, 26, 17, 6], [5, 3], [8, 35], [2, 4], [7], [11, 14, 12, 9], [10, 15], [24, 18], [16, 19, 20, 22], [23, 31], [27, 28, 25], [29, 30, 37], [32, 40, 33], [50, 36, 34], [45, 43, 44, 38], [46, 39], [52, 53, 57, 49], [41, 59, 48], [51, 55, 54, 47, 56], [58, 60]]
75: [[42, 13, 21, 1, 26, 17, 6], [5, 3, 8], [35, 2, 4], [7, 11, 14, 12], [9, 10], [15, 24, 18, 16], [19, 20, 22, 23], [31, 27, 28, 25, 29], [30, 37, 32, 40], [33, 50, 36, 34, 45, 43, 44, 38, 46, 39], [52, 53, 57, 49, 41, 59, 48, 51, 55, 54, 47, 56, 58, 60]]
76: [[42, 13, 21], [1, 26], [17, 6], [5, 3, 8], [35, 2, 4], [7, 11, 14], [12, 9], [10, 15, 24], [18, 16, 19], [20, 22, 23], [31, 27], [28, 25, 29], [30, 37, 32], [40, 33, 50], [36, 34, 45, 43], [44, 38, 46, 39], [52, 53], [57, 49, 41], [59, 48, 51], [55, 54, 47, 56], [58, 60]]
77: [[42, 13, 21], [1, 26, 17], [6, 5], [3, 8], [35, 2, 4], [7, 11, 14], [12, 9, 10], [15, 24, 18], [16, 19], [20, 22], [23, 31, 27], [28, 25], [29, 30], [37, 32, 40], [33], [50, 36], [34, 45, 43], [44, 38, 46], [39, 52, 53], [57, 49, 41, 59], [48, 51, 55, 54], [47, 56, 58, 60]]
78: [[42, 13, 21, 1, 26, 17, 6], [5, 3, 8], [35, 2], [4, 7, 11, 14], [12, 9, 10, 15, 24], [18], [16, 19, 20], [22, 23, 31, 27, 28, 25, 29, 30], [37, 32, 40, 33, 50, 36, 34, 45, 43, 44, 38, 46, 39, 52, 53, 57, 49, 41, 59, 48, 51, 55, 54, 47, 56, 58, 60]]
79: [[42, 13, 21], [1, 26], [17, 6, 5], [3, 8, 35], [2, 4], [7], [11, 14, 12], [9, 10], [15, 24, 18], [16, 19, 20], [22, 23, 31], [27, 28, 25], [29, 30, 37], [32, 40, 33], [50, 36, 34], [45, 43, 44], [38, 46, 39], [52, 53], [57, 49, 41], [59, 48, 51], [55, 54, 47, 56], [58, 60]]
80: [[42, 13, 21, 1, 26, 17], [6, 5], [3, 8], [35, 2, 4], [7, 11, 14], [12, 9, 10, 15], [24, 18, 16], [19, 20, 22, 23, 31, 27, 28], [25, 29, 30, 37], [32, 40], [33, 50], [36, 34], [45, 43, 44], [38, 46, 39], [52], [53, 57, 49, 41, 59, 48, 51, 55, 54, 47, 56, 58, 60]]
81: [[42, 13], [21, 1, 26], [17, 6], [5, 3, 8], [35, 2, 4], [7, 11, 14], [12, 9], [10, 15, 24], [18, 16], [19, 20, 22], [23, 31, 27], [28, 25, 29], [30, 37, 32], [40, 33, 50, 36], [34, 45, 43], [44, 38], [46, 39, 52, 53], [57, 49], [41, 59], [48, 51], [55, 54, 47], [56, 58, 60]]
82: [[42, 13, 21, 1, 26, 17, 6], [5, 3, 8, 35, 2, 4, 7, 11], [14, 12], [9, 10], [15, 24, 18, 16], [19, 20, 22], [23], [31, 27, 28, 25], [29, 30], [37, 32, 40], [33, 50, 36], [34, 45, 43, 44], [38, 46, 39, 52, 53], [57], [49, 41, 59], [48, 51, 55, 54, 47, 56, 58, 60]]
83: [[42, 13, 21], [1, 26, 17, 6], [5, 3], [8, 35, 2, 4, 7, 11, 14], [12, 9, 10, 15, 24, 18, 16, 19], [20, 22, 23, 31], [27, 28, 25, 29, 30, 37, 32, 40, 33, 50, 36, 34, 45, 43, 44, 38, 46, 39, 52, 53, 57, 49, 41, 59, 48, 51, 55, 54, 47, 56, 58, 60]]
84: [[42, 13, 21], [1, 26, 17], [6, 5], [3, 8], [35, 2, 4], [7, 11], [14, 12, 9, 10, 15, 24, 18, 16], [19, 20, 22, 23, 31, 27, 28], [25, 29, 30, 37, 32, 40, 33, 50], [36, 34], [45, 43], [44, 38, 46, 39], [52, 53, 57], [49], [41, 59], [48, 51], [55, 54, 47], [56, 58, 60]]
85: [[42, 13], [21, 1], [26, 17, 6], [5, 3], [8, 35, 2], [4, 7, 11], [14, 12], [9, 10, 15], [24, 18, 16, 19], [20, 22, 23], [31, 27, 28], [25, 29, 30, 37], [32, 40, 33], [50, 36, 34], [45, 43, 44], [38, 46], [39, 52, 53], [57, 49, 41], [59, 48, 51], [55, 54, 47, 56], [58, 60]]
86: [[42, 13, 21, 1], [26, 17, 6, 5], [3, 8], [35, 2], [4, 7, 11, 14], [12, 9], [10, 15, 24], [18, 16, 19, 20], [22, 23, 31], [27, 28, 25, 29], [30, 37, 32, 40], [33, 50, 36], [34, 45, 43], [44, 38, 46, 39, 52, 53, 57, 49, 41, 59, 48, 51, 55, 54, 47, 56, 58, 60]]
87: [[42, 13, 21], [1, 26], [17, 6, 5], [3, 8, 35], [2, 4, 7, 11, 14], [12, 9], [10, 15, 24], [18, 16, 19, 20], [22, 23, 31], [27, 28], [25, 29, 30, 37], [32, 40, 33, 50, 36, 34, 45], [43, 44, 38], [46, 39, 52, 53], [57, 49, 41, 59, 48, 51, 55, 54, 47, 56, 58, 60]]
88: [[42, 13, 21, 1, 26, 17, 6, 5], [3, 8], [35, 2], [4, 7, 11, 14, 12], [9, 10, 15, 24, 18], [16, 19], [20, 22, 23], [31, 27], [28, 25, 29, 30], [37, 32], [40, 33, 50], [36, 34, 45], [43, 44, 38, 46], [39, 52, 53, 57], [49], [41, 59, 48, 51, 55, 54, 47, 56, 58, 60]]
89: [[42, 13, 21], [1, 26, 17], [6, 5, 3, 8], [35, 2], [4, 7, 11], [14, 12, 9], [10, 15, 24, 18, 16, 19, 20, 22, 23, 31, 27, 28, 25, 29, 30, 37], [32, 40, 33, 50, 36, 34, 45, 43, 44, 38, 46], [39, 52, 53, 57], [49, 41, 59, 48], [51, 55, 54, 47, 56], [58, 60]]
90: [[42, 13, 21, 1, 26, 17, 6], [5, 3, 8], [35, 2], [4, 7, 11, 14], [12, 9, 10, 15], [24, 18], [16, 19], [20, 22, 23, 31], [27, 28, 25], [29, 30, 37, 32], [40, 33, 50], [36, 34], [45, 43], [44, 38, 46, 39], [52, 53, 57], [49, 41], [59, 48], [51, 55, 54, 47, 56, 58], [60]]
91: [[42, 13, 21, 1], [26, 17, 6], [5, 3, 8, 35, 2, 4, 7, 11, 14, 12, 9, 10, 15, 24, 18, 16, 19, 20], [22, 23, 31, 27, 28, 25, 29, 30, 37, 32, 40], [33, 50, 36, 34, 45, 43, 44, 38, 46, 39, 52, 53, 57, 49, 41, 59, 48, 51, 55, 54, 47, 56, 58, 60]]
92: [[42, 13], [21, 1], [26, 17, 6], [5, 3], [8, 35, 2], [4, 7], [11, 14], [12, 9], [10, 15, 24], [18, 16, 19], [20, 22, 23], [31, 27, 28], [25, 29, 30, 37], [32, 40, 33, 50], [36, 34, 45], [43, 44, 38, 46], [39, 52, 53], [57, 49, 41], [59, 48, 51, 55, 54, 47, 56, 58, 60]]
93: [[42, 13, 21, 1], [26, 17, 6, 5, 3], [8], [35, 2, 4], [7, 11, 14, 12, 9, 10, 15, 24], [18, 16, 19, 20, 22, 23, 31, 27, 28, 25, 29, 30, 37, 32, 40, 33, 50, 36, 34, 45, 43, 44, 38, 46, 39, 52, 53, 57, 49, 41, 59, 48, 51, 55, 54, 47, 56, 58, 60]]
94: [[42, 13], [21, 1, 26, 17], [6, 5, 3, 8], [35, 2, 4], [7, 11, 14, 12], [9, 10, 15, 24, 18, 16, 19, 20], [22, 23], [31, 27], [28], [25, 29, 30], [37, 32, 40, 33], [50, 36, 34, 45, 43], [44, 38, 46], [39, 52], [53, 57, 49, 41, 59, 48, 51, 55, 54, 47, 56, 58, 60]]
95: [[42, 13, 21], [1, 26, 17], [6, 5, 3, 8], [35, 2, 4, 7], [11, 14], [12, 9], [10, 15], [24, 18, 16], [19, 20, 22], [23, 31, 27, 28, 25, 29, 30, 37, 32, 40, 33, 50, 36, 34, 45, 43, 44, 38, 46, 39, 52, 53, 57, 49, 41, 59, 48, 51, 55, 54, 47, 56, 58, 60]]
96: [[42, 13], [21, 1, 26], [17, 6, 5], [3, 8], [35, 2], [4, 7, 11], [14, 12], [9, 10, 15, 24], [18, 16, 19], [20, 22], [23, 31, 27], [28, 25, 29], [30, 37, 32], [40, 33, 50], [36, 34, 45], [43, 44, 38], [46, 39, 52, 53], [57, 49, 41], [59, 48, 51, 55], [54, 47, 56], [58, 60]]
97: [[42, 13, 21, 1], [26, 17, 6, 5], [3, 8], [35, 2], [4, 7, 11, 14], [12, 9], [10, 15, 24], [18, 16, 19, 20], [22, 23], [31, 27, 28], [25, 29], [30, 37, 32], [40, 33], [50, 36], [34, 45, 43, 44], [38, 46, 39, 52, 53, 57, 49, 41, 59, 48, 51, 55, 54, 47, 56, 58, 60]]
98: [[42, 13, 21, 1, 26], [17], [6, 5, 3, 8, 35, 2, 4, 7, 11, 14, 12, 9, 10, 15, 24, 18, 16, 19, 20, 22, 23, 31, 27, 28, 25, 29, 30, 37, 32, 40, 33, 50, 36, 34, 45, 43, 44, 38, 46, 39, 52, 53, 57, 49, 41], [59, 48, 51, 55, 54, 47, 56, 58, 60]]
99: [[42, 13], [21, 1, 26], [17, 6, 5, 3], [8, 35, 2, 4], [7, 11, 14], [12, 9, 10], [15, 24, 18], [16, 19, 20, 22], [23, 31, 27], [28, 25, 29, 30], [37, 32, 40, 33], [50, 36, 34], [45, 43, 44, 38], [46, 39, 52], [53, 57, 49], [41, 59, 48, 51], [55, 54], [47, 56, 58, 60]]
100: [[42, 13, 21, 1], [26, 17, 6, 5, 3, 8, 35], [2, 4, 7], [11, 14, 12], [9, 10], [15, 24, 18, 16], [19, 20, 22], [23, 31, 27, 28], [25, 29, 30], [37, 32, 40], [33, 50, 36], [34, 45, 43, 44], [38, 46, 39], [52, 53, 57, 49, 41, 59, 48, 51, 55, 54, 47, 56, 58, 60]]
101: [[42, 13, 21], [1, 26], [17, 6], [5, 3, 8, 35, 2], [4, 7, 11, 14, 12], [9, 10, 15], [24, 18, 16], [19, 20, 22, 23, 31, 27, 28], [25, 29, 30, 37, 32, 40, 33, 50], [36, 34, 45, 43, 44], [38, 46, 39, 52, 53, 57, 49, 41, 59, 48, 51, 55, 54, 47, 56, 58, 60]]
102: [[42, 13, 21, 1, 26, 17], [6, 5, 3, 8, 35], [2, 4, 7], [11, 14, 12, 9], [10, 15, 24], [18, 16, 19, 20], [22, 23, 31], [27, 28, 25], [29, 30], [37, 32, 40], [33, 50, 36, 34, 45, 43, 44, 38, 46, 39, 52, 53, 57, 49, 41, 59, 48, 51, 55, 54, 47, 56, 58, 60]]
103: [[42, 13, 21], [1, 26], [17, 6, 5], [3, 8, 35], [2, 4, 7, 11, 14], [12, 9], [10, 15, 24], [18, 16], [19, 20, 22], [23, 31, 27, 28, 25, 29, 30, 37, 32, 40, 33, 50, 36, 34, 45, 43, 44, 38], [46, 39, 52, 53, 57, 49, 41, 59, 48, 51, 55], [54, 47, 56, 58, 60]]
104: [[42, 13, 21], [1, 26, 17], [6, 5, 3, 8], [35, 2], [4, 7], [11, 14, 12, 9], [10], [15, 24, 18, 16, 19, 20], [22, 23, 31, 27, 28, 25, 29, 30, 37, 32, 40, 33, 50, 36, 34, 45, 43, 44, 38, 46, 39, 52, 53, 57, 49, 41, 59, 48, 51, 55, 54, 47, 56, 58, 60]]
105: [[42, 13, 21, 1], [26, 17, 6, 5], [3, 8, 35], [2, 4, 7, 11], [14, 12, 9], [10, 15], [24, 18, 16, 19], [20, 22, 23, 31], [27, 28, 25, 29], [30, 37, 32, 40], [33, 50, 36], [34, 45, 43], [44, 38, 46], [39, 52, 53, 57, 49, 41, 59, 48, 51, 55, 54, 47, 56, 58, 60]]
106: [[42, 13, 21], [1, 26, 17], [6, 5, 3, 8], [35, 2], [4, 7, 11, 14], [12, 9, 10], [15], [24, 18], [16, 19], [20, 22, 23], [31, 27, 28, 25], [29, 30, 37, 32, 40], [33, 50, 36, 34, 45, 43, 44, 38, 46], [39, 52, 53, 57, 49, 41, 59, 48, 51, 55, 54, 47, 56, 58, 60]]
107: [[42, 13, 21], [1, 26, 17], [6, 5], [3, 8], [35, 2, 4], [7, 11, 14, 12], [9, 10, 15, 24, 18], [16], [19, 20, 22], [23, 31, 27, 28, 25, 29, 30, 37], [32, 40, 33, 50, 36, 34, 45, 43, 44, 38, 46, 39, 52, 53, 57, 49, 41, 59, 48, 51, 55, 54, 47, 56, 58, 60]]
108: [[42, 13], [21, 1, 26, 17, 6, 5, 3], [8, 35, 2, 4, 7, 11, 14, 12], [9, 10], [15, 24], [18, 16, 19, 20], [22, 23], [31], [27, 28, 25, 29], [30, 37], [32, 40], [33, 50, 36], [34, 45, 43, 44], [38, 46, 39, 52, 53], [57], [49, 41, 59], [48, 51, 55, 54, 47, 56, 58, 60]]
109: [[42, 13, 21], [1, 26], [17, 6], [5, 3], [8, 35, 2], [4, 7, 11], [14, 12], [9, 10], [15, 24, 18, 16], [19, 20, 22], [23, 31, 27], [28, 25], [29, 30, 37], [32, 40, 33, 50, 36, 34, 45, 43, 44, 38, 46, 39, 52, 53, 57, 49, 41, 59, 48, 51, 55, 54, 47, 56, 58, 60]]
110: [[42, 13], [21, 1], [26, 17], [6, 5, 3, 8], [35, 2, 4, 7, 11], [14, 12], [9, 10], [15, 24, 18], [16, 19], [20, 22, 23], [31, 27, 28, 25, 29], [30, 37], [32, 40], [33, 50, 36, 34], [45, 43, 44], [38, 46, 39], [52, 53, 57, 49, 41], [59, 48, 51, 55], [54, 47, 56, 58, 60]]
111: [[42, 13, 21, 1], [26, 17, 6, 5], [3, 8, 35], [2, 4, 7, 11], [14, 12, 9], [10, 15, 24], [18, 16, 19, 20], [22, 23], [31], [27, 28, 25, 29, 30, 37, 32, 40, 33, 50, 36, 34, 45, 43, 44, 38, 46, 39, 52, 53, 57, 49, 41, 59, 48, 51, 55, 54, 47, 56, 58, 60]]
112: [[42, 13, 21], [1, 26], [17, 6, 5], [3, 8], [35, 2, 4], [7, 11, 14], [12, 9, 10], [15, 24, 18], [16, 19, 20], [22, 23, 31], [27, 28, 25, 29], [30, 37, 32], [40, 33], [50, 36, 34, 45, 43, 44, 38, 46, 39, 52, 53, 57, 49, 41, 59, 48, 51, 55, 54, 47, 56, 58, 60]]
113: [[42, 13, 21], [1, 26, 17], [6, 5], [3, 8], [35, 2, 4], [7, 11, 14], [12, 9, 10], [15, 24, 18], [16, 19, 20], [22, 23, 31, 27], [28, 25, 29, 30], [37, 32, 40, 33], [50, 36, 34, 45], [43, 44, 38, 46, 39, 52, 53, 57, 49, 41, 59], [48, 51, 55, 54, 47, 56, 58, 60]]
114: [[42, 13, 21, 1, 26, 17, 6, 5], [3, 8], [35, 2], [4, 7, 11, 14, 12], [9, 10], [15, 24, 18], [16, 19], [20, 22, 23, 31, 27], [28, 25, 29], [30, 37], [32, 40, 33, 50, 36, 34, 45, 43, 44, 38, 46, 39, 52, 53, 57, 49, 41, 59, 48, 51, 55, 54, 47, 56, 58, 60]]
115: [[42, 13, 21], [1, 26], [17, 6], [5, 3, 8, 35], [2, 4, 7, 11], [14, 12, 9], [10, 15, 24, 18], [16, 19], [20, 22], [23, 31, 27, 28, 25], [29, 30, 37, 32], [40, 33], [50, 36, 34], [45, 43, 44], [38, 46], [39, 52], [53, 57], [49, 41, 59, 48], [51, 55, 54], [47, 56], [58, 60]]
116: [[42, 13, 21], [1, 26, 17], [6, 5], [3, 8], [35, 2], [4, 7, 11], [14, 12, 9], [10, 15, 24], [18, 16, 19], [20, 22], [23, 31], [27, 28, 25], [29, 30], [37, 32, 40], [33, 50, 36], [34, 45], [43, 44], [38, 46], [39, 52, 53, 57], [49, 41, 59], [48, 51], [55, 54], [47, 56, 58, 60]]
117: [[42, 13, 21], [1, 26, 17], [6, 5], [3, 8, 35], [2, 4, 7], [11, 14], [12, 9], [10, 15], [24, 18, 16], [19, 20, 22], [23, 31, 27], [28, 25, 29], [30, 37, 32], [40, 33], [50, 36, 34], [45, 43, 44, 38, 46, 39, 52, 53, 57], [49, 41, 59, 48, 51, 55, 54, 47, 56, 58, 60]]
118: [[42, 13, 21], [1, 26, 17], [6, 5], [3, 8, 35], [2, 4], [7, 11, 14], [12, 9, 10, 15], [24], [18, 16, 19, 20, 22, 23, 31, 27, 28, 25, 29, 30, 37, 32, 40, 33, 50, 36, 34, 45, 43, 44, 38, 46, 39, 52, 53, 57, 49, 41, 59, 48, 51, 55, 54, 47, 56, 58, 60]]
119: [[42, 13], [21, 1], [26], [17, 6, 5], [3, 8], [35, 2, 4], [7, 11, 14], [12, 9, 10, 15], [24, 18, 16], [19], [20, 22, 23, 31], [27, 28, 25, 29], [30, 37, 32], [40, 33, 50, 36], [34, 45, 43], [44, 38, 46], [39, 52, 53, 57], [49, 41, 59], [48, 51, 55, 54], [47, 56, 58, 60]]
