0: [[20, 25], [11, 7, 15, 5, 17, 3, 6, 1, 4, 8, 10, 12], [9, 2, 22, 29, 13, 16, 18, 19, 14], [23, 24, 28], [21, 27, 26]]
1: [[20, 25], [11, 7, 15, 5, 17, 3, 6, 1, 4, 8, 2, 12], [9, 13, 29, 18, 19, 16, 22, 10, 14], [23, 28, 24], [21, 27, 26]]
2: [[20, 25], [11, 7, 15, 5, 17, 3, 6, 1, 4, 8, 2, 12], [9, 23, 19, 13, 16, 22, 18, 10, 14], [29, 28, 24], [21, 27, 26]]
3: [[20, 25], [11, 7, 15, 5, 17, 3, 6, 1], [4, 8, 2, 22, 18, 9, 13, 16, 19, 23, 10, 12, 14], [29, 24, 28], [21, 27, 26]]
4: [[20, 25], [11, 7, 15], [5, 17, 3, 6, 1, 4, 8, 9, 12], [2, 18, 13, 16, 19, 23, 22, 24, 28, 29, 10, 14], [21, 27, 26]]
5: [[20, 25], [11, 7, 15], [5, 17, 3, 6, 1, 4, 8, 10], [2, 18, 9, 13, 16, 19, 23, 22, 24, 28, 29, 12, 14], [21, 27, 26]]
6: [[20, 25], [11, 7, 15], [5, 17, 3, 6, 1, 4, 10, 12], [8, 2, 9, 16, 28, 13, 18, 19, 23, 22, 24, 29, 14], [21, 27, 26]]
7: [[20, 25], [11, 7, 15], [5, 17, 3, 6, 1, 4, 8, 9], [2, 23, 28, 18, 13, 16, 19, 22, 24, 29, 10, 12, 14], [21, 27, 26]]
8: [[20, 25], [11, 7, 15], [5, 17, 3, 6, 1, 4, 8, 16], [9, 2, 13, 19, 23, 24, 22, 18, 28, 29, 10, 12, 14], [21, 27, 26]]
9: [[20, 25], [11, 7, 15, 5, 17, 3, 6, 1], [4, 8, 10], [2, 18, 9, 13, 16, 19, 23, 22, 24, 28, 29, 12, 14], [21, 27, 26]]
10: [[20, 25], [11, 7, 15, 5, 17, 3, 6, 1, 4, 8, 9, 12], [2, 18, 14], [13, 16, 23, 22, 28, 19, 24, 29, 10], [21, 27, 26]]
11: [[20, 25], [11, 7, 15, 5, 17, 3, 6, 1], [4, 10, 12], [9, 2, 8, 16, 13, 19, 18, 23, 22, 29, 24, 28, 14], [21, 27, 26]]
12: [[20, 25, 11, 7, 15, 5, 17, 3, 6], [1, 4, 8, 2, 18, 9, 13, 16, 19, 10, 12, 14], [23, 22], [24, 28, 29], [21, 27, 26]]
13: [[20, 25, 11], [7, 15, 5, 17, 3, 6, 1, 4, 8], [18, 2, 9, 22, 13, 29, 19, 16, 23, 10, 12, 14], [28, 24], [21, 27, 26]]
14: [[20, 25, 11], [7, 15, 5, 17, 3, 6, 1, 4, 8], [9, 2, 22, 29, 13, 19, 18, 16, 23, 10, 12, 14], [28, 24], [21, 27, 26]]
15: [[20, 25], [11, 7, 15, 5, 17, 3, 6, 1, 4, 8, 2, 14], [9, 18, 10], [13, 22, 16, 19, 23, 24, 28, 29, 12], [21, 27, 26]]
16: [[20, 25, 11, 7, 15, 5, 17, 3, 6], [1, 4, 8], [9, 2, 22, 16, 13, 18, 19, 29, 23, 10, 12, 14], [24, 28], [21, 27, 26]]
17: [[20, 25], [11, 7, 15, 5, 17, 3, 6, 1, 4, 8, 2, 9], [18, 10, 12], [29, 13, 23, 19, 16, 22, 28, 24, 14], [21, 27, 26]]
18: [[20, 25], [11, 7, 15, 5, 17, 3, 6, 1, 4, 8, 28, 10], [2, 9, 12], [22, 13, 19, 18, 16, 23, 24, 29, 14], [21, 27, 26]]
19: [[20, 25, 11], [7, 15, 5, 17, 3, 6, 1, 4, 8, 13, 9, 10], [29, 2, 16, 28, 19, 22, 18, 23, 24, 12, 14], [21, 27, 26]]
20: [[20, 25, 11, 7, 15, 5, 17, 3, 6, 1, 10], [4, 8, 12], [22, 16, 18, 13, 2, 9, 28, 19, 23, 14], [24, 29], [21, 27, 26]]
21: [[20, 25, 11, 7, 15, 5, 17, 3, 6, 10], [1, 4, 8], [12, 16, 13, 19, 9, 18, 23, 22, 24, 2, 14], [29, 28], [21, 27, 26]]
22: [[20, 25, 11, 7, 15, 5, 17, 3, 6, 1, 4, 8, 2], [9, 18, 22, 13, 16, 23, 10, 12], [19, 14], [24, 29, 28], [21, 27, 26]]
23: [[20, 25, 11, 7, 15, 5, 17, 3], [6, 1, 10], [4, 8], [2, 9, 23, 22, 13, 18, 16, 19, 29, 28, 24, 14, 12], [21, 27, 26]]
24: [[20, 25, 11, 7, 15, 5, 17, 3, 6, 1, 4, 8], [9, 12], [2, 16, 23, 18, 13, 19, 22, 10, 14], [28, 29, 24], [21, 27, 26]]
25: [[20, 25, 11, 7, 15, 5, 17, 3, 6], [1, 4, 8, 12, 9, 2, 13, 10, 22, 29, 18, 16, 14], [19, 23, 28, 24], [21, 27, 26]]
26: [[20, 25, 11], [7, 15, 5, 17, 3, 6, 1, 4, 8], [9, 10], [2, 22, 29, 13, 16, 18, 19, 23, 28, 24, 12, 14], [21, 27, 26]]
27: [[20, 25, 11, 7, 15, 5, 17, 3, 6, 1, 4, 8, 12], [2, 18, 9, 13, 19, 16, 22, 28, 10, 14], [23, 24, 29], [21, 27, 26]]
28: [[20, 25, 11, 7, 15, 5, 17, 3, 6, 1, 4, 8, 10], [2, 22, 16, 13, 9, 19, 28, 12], [18, 23, 14], [24, 29], [21, 27, 26]]
29: [[20, 25, 11, 7, 15, 5, 17, 3, 6], [1, 4, 8], [2, 10], [23, 28, 18, 9, 19, 22, 13, 16, 24, 29, 12, 14], [21, 27, 26]]
30: [[20, 25, 11, 7, 15, 5, 17, 3, 6, 10], [1, 4], [8, 9, 18, 24, 13, 22, 16, 19, 23, 12, 2, 14], [28, 29], [21, 27, 26]]
31: [[20, 25, 11, 7, 15, 5, 17, 3, 6, 1, 4, 8, 12], [9, 13, 28, 2, 22, 16, 10, 14], [19, 29, 18], [23, 24], [21, 27, 26]]
32: [[20, 25, 11, 7, 15, 5, 17, 3, 6, 1, 4, 8, 2, 12], [22, 16], [19, 13, 9, 23, 18, 28, 10, 14], [24, 29], [21, 27, 26]]
33: [[20, 25, 11, 7, 15, 5, 17, 3, 6, 10], [1, 4, 8, 9, 2, 18, 28, 13, 16, 12, 14], [22, 19], [23, 24, 29], [21, 27, 26]]
34: [[20, 25, 11, 7, 15, 5, 17, 3, 10], [6, 1, 4], [8], [9, 2, 22, 29, 13, 16, 19, 18, 23, 24, 28, 12, 14], [21, 27, 26]]
35: [[20, 25, 11, 7, 15, 5, 17, 3, 10], [6, 1, 4], [8, 2], [13, 9, 23, 29, 16, 19, 18, 22, 24, 28, 12, 14], [21, 27, 26]]
36: [[20, 25], [11, 7, 15, 5, 17, 3, 6, 1, 4, 8, 10, 18], [2, 9, 22], [13, 28, 12, 16, 19, 23, 14, 21, 24], [29, 27, 26]]
37: [[20, 25], [11, 7, 15, 5, 17, 3, 6, 1, 4], [8, 2, 13, 9, 26, 22, 23, 28, 19, 16, 18, 14], [24, 10, 12], [21, 27, 29]]
38: [[20, 25], [11, 7, 15], [5, 17, 3, 6, 1, 4, 8, 9], [2, 29, 16, 19, 22, 13, 21, 18, 24, 23, 10, 12, 14], [28, 27, 26]]
39: [[20, 25, 11, 7, 13, 1, 17, 2, 5, 6, 4, 10, 12], [8, 15, 9, 19, 29, 23, 18, 14], [3, 28, 22], [24, 16], [21, 27, 26]]
40: [[20, 25], [11, 7, 15, 5, 17, 3, 6, 1, 4, 8, 2, 10], [9, 14, 12], [22, 23, 13, 16, 19, 18, 24, 26, 28], [21, 27, 29]]
41: [[20, 25], [11, 7, 15, 5, 17, 3, 6, 1, 4, 8, 2, 10], [9, 14, 12], [13, 22, 19, 23, 16, 18, 27, 24, 28], [21, 29, 26]]
42: [[20, 25], [11, 7, 15], [5, 17, 3, 6, 1, 4, 2, 12], [8, 9, 28, 29, 13, 18, 22, 16, 19, 21, 24, 10, 14], [26, 27, 23]]
43: [[20, 25], [11, 7, 15, 5, 17, 3, 6, 1, 4, 8, 9, 12], [2, 21, 29, 13, 16, 23, 18, 10, 14], [19, 28, 24], [22, 27, 26]]
44: [[20, 25, 11], [7, 15], [5, 17, 3, 6, 1, 4, 8, 12], [23, 28, 18, 2, 22, 9, 13, 29, 27, 16, 19, 10, 14], [21, 24, 26]]
45: [[20, 25, 11], [7, 15, 5, 19, 3, 6, 1, 4, 10, 12], [9, 18, 2, 13, 8, 21, 22, 16, 17, 23, 14], [29, 24], [28, 27, 26]]
46: [[20, 25, 11], [7, 15, 5, 17, 3, 6, 1, 2, 8], [10, 4, 23, 21, 19, 9, 28, 18, 22, 13, 16, 24], [12, 14], [26, 27, 29]]
47: [[20, 25, 11], [7, 15, 5, 17, 3, 6, 1, 4, 12], [8, 2, 9, 16, 23, 13, 18, 22, 19, 26, 10, 14], [29, 24], [21, 27, 28]]
48: [[20, 25, 11, 7, 15, 5, 17, 3, 6, 1, 4, 8, 12], [9, 2], [21, 18, 13], [28, 16, 19, 22, 24, 23, 10, 14], [29, 27, 26]]
49: [[20, 25, 11, 7, 15, 5, 17, 3, 6], [1, 4, 8], [2, 9, 13, 23, 16, 19, 18, 29, 22, 10, 14, 12], [24, 27], [21, 28, 26]]
50: [[20, 25, 11, 7, 15, 5, 17, 3, 6], [1, 4, 8], [2, 22, 9, 18, 19, 29, 23, 13, 16, 10, 14, 12], [26, 28], [21, 27, 24]]
51: [[20, 25, 11, 7, 15, 5, 17, 10], [3, 6, 1, 4, 8, 9, 2, 19, 13, 28, 22, 14, 12], [27, 16, 18], [23, 24], [21, 26, 29]]
52: [[20, 25, 11, 7, 15, 5, 17, 3, 6], [1, 4, 8, 9, 2, 23, 26, 18, 13, 16, 19, 22, 12], [29, 10], [24, 14], [21, 27, 28]]
53: [[20, 25, 11, 7, 15, 5, 17, 3, 6], [1, 4, 8], [2, 19, 9, 13, 22, 16, 18, 21, 23, 10, 14, 12], [28, 29], [24, 26, 27]]
54: [[20, 25, 11, 7, 15, 5, 17, 3, 6, 1, 4, 8, 12], [9, 18, 21, 16, 2, 13, 10, 14], [29, 19, 22], [24, 23], [27, 28, 26]]
55: [[20, 25, 11, 7, 15, 5, 17, 3, 6, 1, 4, 8, 12], [13, 2, 9, 28, 22, 21, 10, 14], [19, 16, 18], [23, 29], [27, 24, 26]]
56: [[20, 25, 11], [7, 15, 5, 17, 3, 6, 1, 4, 10], [8, 2, 21, 9, 13, 22, 24, 19, 29, 23, 12, 14], [16, 28], [18, 27, 26]]
57: [[20, 25, 11, 7, 15, 5, 17, 3, 14], [6, 1, 4], [8, 2, 9, 18, 13, 16, 19, 23, 22, 26, 10, 12], [24, 29], [21, 27, 28]]
58: [[20, 25, 11, 7, 15, 5, 17, 3, 6, 10], [1, 4], [8, 9, 2, 29, 16, 13, 18, 22, 21, 14, 12], [19, 24, 23], [28, 27, 26]]
59: [[20, 25, 11, 7, 1, 21, 3, 5, 6, 8, 2, 9, 10, 14], [4, 22, 16, 17, 19, 18, 26, 12], [13, 15, 28, 23], [24, 27, 29]]
